31.12250 -29.29694 4.69 1108
48.01792 -28.98694 3.87 450
38.46125 -28.23250 4.90 1432
45.40708 -28.09167 5.89 4492
49.51167 -28.79694 5.91 4547
42.47583 -27.94167 5.39 2543
51.59375 -27.31750 5.93 4666
44.90042 -25.27417 5.71 3624
49.89500 -24.12306 5.61 3259
45.59792 -23.62444 4.09 575
35.63583 -23.81639 5.20 2066
44.34875 -23.86194 5.45 2706
50.35000 -23.63528 5.52 2934
44.52375 -23.60611 5.84 4250
29.16750 -22.52694 4.85 1361
49.59208 -22.51139 4.88 1395
43.39708 -22.37639 5.95 4800
49.87917 -21.75778 3.69 359
30.00125 -21.07778 4.00 514
42.75958 -21.00417 4.75 1189
33.25375 -21.00028 5.86 4310
29.94208 -20.82444 5.41 2601
36.64667 -20.04278 5.88 4418
41.27583 -18.57250 4.47 868
49.67167 -18.55972 5.71 3625
35.52083 -17.66222 5.87 4353
38.02167 -15.24472 4.75 1194
36.50125 -15.34111 5.83 4220
30.74417 -15.30583 5.86 4321
40.39167 -14.54944 5.98 4963
41.03083 -13.85861 4.25 661
36.48750 -12.29056 4.89 1416
39.89083 -11.87222 4.84 1347
35.50583 -10.77778 5.46 2738
