/home/newton/pics_fits/20070909_120900_s4h1A.fts -164.39966831 -6.6813338941 -21.6955523617
/home/newton/pics_fits/20080106_200901_s4h1B.fts -113.033756512 -22.2019026296 -8.02432074211
/home/newton/pics_fits/20080106_220901_s4h1A.fts -36.5679842689 -14.1777226327 19.9400632473
/home/newton/pics_fits/20080106_220901_s4h1B.fts -112.947782193 -22.2152021507 -7.99457290253
/home/newton/pics_fits/20080107_020901_s4h1A.fts -36.399737908 -14.1210444841 19.979426046
/home/newton/pics_fits/20080107_020901_s4h1B.fts -112.77022017 -22.2404265505 -7.92457507854
/home/newton/pics_fits/20080302_060901_s4h1B.fts -53.4074549665 -19.3290003446 14.2512736985
/home/newton/pics_fits/20080303_060901_s4h1A.fts 17.8757328134 7.77975713986 23.3942603366
/home/newton/pics_fits/20080304_060901_s4h1A.fts 18.8479571633 8.1698624518 23.2633210135
/home/newton/pics_fits/20080305_060901_s4h1A.fts 19.8247844369 8.55757814876 23.1011724896
/home/newton/pics_fits/20080306_120901_s4h1A.fts 21.0448210844 9.04018870809 22.9220026731
/home/newton/pics_fits/20080307_060901_s4h1A.fts 21.7796837484 9.32934609569 22.7890165998
/home/newton/pics_fits/20080308_120901_s4h1A.fts 23.0113683522 9.81392934207 22.5409647666
/home/newton/pics_fits/20080309_180901_s4h1A.fts 24.239613948 10.2747154323 22.3507710927
/home/newton/pics_fits/20080312_180901_s4h1B.fts -42.9134466676 -16.4365348969 17.3594570279
/home/newton/pics_fits/20080313_120901_s4h1B.fts -42.1715788961 -16.2125277364 17.5631552685
/home/newton/pics_fits/20080315_060901_s4h1B.fts -40.447038745 -15.6782574955 18.0192746481
/home/newton/pics_fits/20080317_060901_s4h1B.fts -38.5087418569 -15.1102077702 18.5163215584
/home/newton/pics_fits/20080317_180901_s4h1B.fts -38.0216460435 -14.9621245095 18.6192110439
/home/newton/pics_fits/20090804_180901_s4h1B.fts 66.1181300628 21.845391151 9.60189104597
/home/newton/pics_fits/20090805_060901_s4h1B.fts 66.4939049973 21.8704463232 9.44582693134
/home/newton/pics_fits/20090806_180901_s4h1B.fts 67.8906471843 22.0648136188 8.93008164302
/home/newton/pics_fits/20090807_060901_s4h1B.fts 68.365006379 22.1410618101 8.75553373613
/home/newton/pics_fits/20090813_060901_s4h1A.fts -176.097997193 -1.826687239 157.637536888
/home/newton/pics_fits/20090815_120901_s4h1A.fts -177.220306511 -58.665259201 55.3017051609
/home/newton/pics_fits/20090817_060901_s4h1B.fts 77.7849935138 23.2249554046 5.16691128921
/home/newton/pics_fits/20090820_120901_s4h1B.fts 80.8266746126 23.4234728351 3.97493380061
/home/newton/pics_fits/20080106_140901_s4h1A.fts -36.9040192246 -14.2871058044 19.8439725047
/home/newton/pics_fits/20080101_000901_s4h1A.fts -42.5928478397 -16.0511953948 18.3302232888
/home/newton/pics_fits/20080101_020901_s4h1A.fts -42.5075074596 -16.0252361709 18.3612730974
/home/newton/pics_fits/20080101_020901_s4h1B.fts -119.151623033 -21.137381602 -10.2324335175
/home/newton/pics_fits/20080101_040901_s4h1A.fts -42.4219886203 -16.0000344576 18.3857788345
/home/newton/pics_fits/20080101_040901_s4h1B.fts -119.062729773 -21.1551799075 -10.1940809247
/home/newton/pics_fits/20080101_060901_s4h1A.fts -42.3364602824 -15.974585762 18.4109359904
/home/newton/pics_fits/20080101_060901_s4h1B.fts -118.977259232 -21.1666195104 -10.1776197385
/home/newton/pics_fits/20080101_080901_s4h1A.fts -42.2510470588 -15.9496268978 18.4309185064
/home/newton/pics_fits/20080101_080901_s4h1B.fts -118.891017912 -21.1852899287 -10.1379856922
/home/newton/pics_fits/20080101_100901_s4h1A.fts -42.166175642 -15.923845903 18.4650888663
/home/newton/pics_fits/20080106_100901_s4h1A.fts -37.0723484846 -14.342125064 19.7981620472
/home/newton/pics_fits/20080106_100901_s4h1B.fts -113.47258533 -22.1385136996 -8.18288855443
/home/newton/pics_fits/20080106_120901_s4h1A.fts -36.988089362 -14.3147326581 19.8228283479
/home/newton/pics_fits/20080106_120901_s4h1B.fts -113.384425563 -22.149102166 -8.15746831192
