/home/samuel/pics_fits/20080101_080901_s4h1A.fts -42.2550459326651 -15.947493782208937 -161.55231567535418
/home/samuel/pics_fits/20080101_020901_s4h1B.fts -119.15162303251296 -21.137381602034647 169.7675664825294
/home/samuel/pics_fits/20080101_060901_s4h1B.fts -118.97725923152248 -21.166619510425807 169.82238026147797
/home/samuel/pics_fits/20080107_020901_s4h1A.fts -36.4031998779098 -14.118744778282627 -159.97934980099404
/home/samuel/pics_fits/20080107_020901_s4h1B.fts -112.77024072912323 -22.240839024655187 172.0711804039322
/home/samuel/pics_fits/20080101_040901_s4h1B.fts -119.06272977343406 -21.155179907453093 169.80591907527875
/home/samuel/pics_fits/20080106_100901_s4h1A.fts -37.07584750800902 -14.339497385929937 -160.16505935670062
/home/samuel/pics_fits/20080101_000901_s4h1A.fts -42.59704019976391 -16.047689114347985 -161.65316629764305
/home/samuel/pics_fits/20080106_140901_s4h1A.fts -36.90401922462661 -14.287105804402236 -160.1560274953004
/home/samuel/pics_fits/20080106_120901_s4h1A.fts -36.98808936204392 -14.314732658053472 -160.17717165205158
/home/samuel/pics_fits/20080101_020901_s4h1A.fts -42.51317748397355 -16.0221841151777 -161.61796370441695
/home/samuel/pics_fits/20080101_080901_s4h1B.fts -118.89101791196748 -21.185289928669864 169.86201430783237
/home/samuel/pics_fits/20080106_100901_s4h1B.fts -113.47219846610744 -22.138894271192022 171.82214482111576
/home/samuel/pics_fits/20080106_200901_s4h1B.fts -113.03362293659927 -22.202270797757972 171.9730730012543
/home/samuel/pics_fits/20080101_100901_s4h1A.fts -42.16931582649255 -15.923962868764479 -161.52710008766343
/home/samuel/pics_fits/20080101_040901_s4h1A.fts -42.42724031345938 -15.998985640307657 -161.5980158976336
/home/samuel/pics_fits/20080106_120901_s4h1B.fts -113.38433534184472 -22.149744357805414 171.84404790933988
/home/samuel/pics_fits/20080106_220901_s4h1A.fts -36.57161400797321 -14.173939375160522 -160.01896673762457
/home/samuel/pics_fits/20080106_220901_s4h1B.fts -112.94750285227084 -22.215643884178 172.00337337267214
