-0.84637 -1.72056 4.00
0.72150 -1.16368 1.92
-0.50194 -1.04468 2.69
0.29617 -0.94378 2.89
-0.47765 -0.96905 3.05
-0.81871 -1.06683 3.64
-1.22997 -1.24517 2.76
-0.68800 -0.74990 1.33
0.57382 -0.72089 2.85
0.68861 -0.78692 3.85
0.12907 -0.47334 -0.01
-0.10627 -0.44662 0.61
-0.78150 -0.62648 3.59
-0.62120 -0.51658 1.25
1.02614 -0.67219 3.76
-0.86204 -0.56270 2.80
-0.78583 -0.42809 1.63
-1.38679 -0.59295 3.89
-0.31590 -0.09601 2.30
-1.11444 -0.18278 2.60
-0.86333 0.02338 2.17
0.19893 0.24217 2.30
-0.21970 0.24599 2.55
0.37958 0.45610 2.68
0.15622 0.52790 2.31
0.77128 0.50020 2.78
-0.14625 0.85223 2.06
-0.65745 0.78227 2.75
0.69321 0.80310 3.56
-2.13163 0.66275 3.54
