182.10333 -24.72889 4.02 532
185.84000 -24.84056 5.68 3527
172.41083 -24.46333 5.76 3881
188.59666 -23.39667 2.65 109
182.76625 -23.60250 5.46 2728
187.57292 -23.69667 5.63 3315
182.53125 -22.61972 3.00 171
185.14043 -22.21583 5.21 2081
185.04459 -22.17556 5.97 4920
183.74834 -20.84417 5.83 4222
180.21333 -19.65889 5.26 2212
176.19083 -18.35083 4.73 1158
170.84125 -18.78000 5.09 1794
189.68584 -18.25028 6.00 5025
183.95168 -17.54194 2.59 99
171.22041 -17.68389 4.08 567
179.00375 -17.15083 5.18 2020
187.46625 -16.51556 2.95 162
188.01750 -16.19611 4.31 719
169.83542 -14.77861 3.56 307
185.23209 -13.56556 5.14 1910
174.66708 -13.20194 5.48 2790
188.14999 -13.85917 5.74 3777
190.31750 -13.01500 5.98 4956
188.39291 -12.83028 5.58 3134
171.78958 -12.35667 5.94 4761
186.29875 -11.61028 5.95 4791
171.15250 -10.85944 4.83 1329
180.18542 -10.44611 5.55 3029
174.17043 -9.80222 4.70 1129
188.44501 -9.45194 5.48 2811
189.81168 -7.99556 4.66 1085
173.19792 -7.82750 5.95 4810
177.75917 -5.33333 5.64 3359
189.19749 -5.83194 5.87 4387
