185.23209 -13.56556 5.14 1910
174.66708 -13.20194 5.48 2790
188.14999 -13.85917 5.74 3777
190.31750 -13.01500 5.98 4956
188.39291 -12.83028 5.58 3134
186.29875 -11.61028 5.95 4791
193.57793 -11.64861 6.00 5074
180.18542 -10.44611 5.55 3029
174.17043 -9.80222 4.70 1129
193.58833 -9.53889 4.79 1245
188.44501 -9.45194 5.48 2811
189.81168 -7.99556 4.66 1085
177.75917 -5.33333 5.64 3359
189.19749 -5.83194 5.87 4387
194.91458 -3.81194 5.79 4040
195.14958 -3.36861 5.99 4993
190.41499 -1.44944 3.65 342
190.41499 -1.44944 3.68 353
190.90875 -1.57694 5.93 4677
184.97667 -0.66694 3.89 462
174.23708 -0.82389 4.30 714
184.66792 -0.78722 5.90 4510
177.67375 1.76472 3.61 330
189.59332 1.85472 5.71 3661
182.42207 1.89778 5.95 4806
193.90083 3.39750 3.38 255
185.08749 3.31250 4.96 1541
179.98708 3.65528 5.37 2491
