170.98125 10.52917 3.94 486
162.31416 10.54528 5.34 2407
152.09293 11.96722 1.35 22
149.55583 12.44472 5.26 2202
168.96625 13.30750 5.32 2355
154.16959 13.72833 5.41 2589
158.04916 14.13722 5.46 2720
161.60542 14.19472 5.48 2815
168.56000 15.42944 3.34 245
151.83333 16.76278 3.52 292
161.60208 18.89139 5.49 2844
154.99292 19.84167 2.61 102
154.99417 19.84056 3.80 404
154.93375 19.47083 4.79 1238
168.52708 20.52361 2.56 97
165.58250 20.17972 4.42 819
150.70375 21.94917 5.66 3432
154.17250 23.41722 3.44 271
168.80083 23.09556 4.63 1042
160.85417 23.18833 5.08 1771
154.31084 23.10611 5.82 4170
154.13458 23.50306 5.97 4901
163.90334 24.74972 4.50 893
167.20457 24.65833 5.68 3497
154.17458 25.37139 5.84 4230
148.19083 26.00694 3.88 461
160.75751 26.32556 5.51 2896
154.06000 29.31056 5.35 2437
149.90083 29.64528 5.73 3713
