286.56207 -4.88250 3.44 269
286.23999 -4.03139 5.42 2610
294.44708 -4.64750 5.46 2734
285.72708 -3.69889 5.42 2626
298.32791 -3.11444 5.65 3390
292.66583 -2.78889 5.03 1675
294.18042 -1.28639 4.36 761
303.30792 -1.00944 5.47 2767
302.82626 -0.82139 3.23 218
290.14874 -0.89222 5.49 2847
295.18042 -0.62111 5.67 3484
301.09668 -0.70944 5.68 3498
290.58957 -0.25250 5.83 4205
302.00751 -0.67833 5.99 4986
291.62958 0.33861 4.66 1073
298.68668 0.27361 5.61 3270
298.11832 1.00556 3.90 469
289.63541 1.08528 5.10 1829
292.25418 1.95028 5.80 4097
285.88416 1.81889 5.83 4186
288.42792 2.29361 5.15 1932
284.31918 2.53528 5.57 3128
292.08667 2.93028 5.85 4275
291.37457 3.11472 3.36 251
284.05499 4.20361 4.62 1018
284.06082 4.20194 4.98 1577
289.12918 4.83472 5.59 3204
294.79834 5.39778 5.17 1982
305.79459 5.34306 5.31 2339
298.82834 6.40667 3.71 363
287.24957 6.07333 5.22 2086
293.52249 7.37889 4.45 848
301.03458 7.27806 5.52 2941
296.41626 7.61333 5.91 4602
297.69583 8.86833 0.77 12
298.56207 8.46139 4.71 1134
300.24542 8.55806 5.91 4559
296.56500 10.61333 2.72 120
297.75668 10.41556 5.11 1835
286.74417 11.07139 5.09 1803
291.24249 11.94444 5.16 1972
295.64166 11.82667 5.27 2226
289.45416 11.59528 5.28 2247
299.05957 11.42389 5.28 2266
297.17542 11.81583 5.72 3705
294.21875 11.27333 5.98 4950
289.91376 12.37472 5.53 2958
286.35251 13.86333 2.99 168
284.77374 13.62250 5.23 2132
291.60043 13.02389 5.74 3763
284.69543 13.90667 5.89 4449
305.00082 13.54806 5.95 4773
292.34207 14.59583 5.56 3087
289.11166 14.54472 5.63 3336
