110.51083 36.76056 5.13 1895
89.93042 37.21250 2.62 104
87.76000 37.30556 4.74 1173
99.13708 38.44528 5.29 2279
91.64625 38.48278 5.36 2465
104.76167 38.05222 6.00 5071
87.87250 39.14861 3.97 502
87.29375 39.18111 4.52 922
107.91375 39.32056 4.90 1428
99.70500 39.90250 5.20 2052
99.66458 39.39083 5.69 3541
111.03542 40.67222 5.19 2029
109.50917 40.88333 5.78 3975
102.69125 41.78139 5.02 1660
99.83292 42.48889 4.79 1240
91.26417 42.98167 5.87 4375
101.68458 43.57750 5.25 2181
89.88208 44.94750 1.90 41
100.77083 44.52444 5.02 1662
89.98375 45.93694 4.26 675
104.40458 45.09417 4.90 1424
110.32292 45.22806 5.77 3907
114.13167 46.18028 5.65 3402
104.23333 46.70500 5.86 4314
104.13458 46.27417 5.87 4378
97.51250 46.68556 5.90 4541
108.95875 47.24000 5.58 3142
90.24417 47.90194 5.73 3748
101.91500 48.78944 5.22 2095
115.30167 48.13167 5.56 3084
112.21500 48.18389 5.72 3674
114.47458 48.77361 5.92 4606
90.42958 48.95944 5.96 4851
111.67833 49.21139 4.64 1052
96.22458 49.28806 4.91 1443
109.63292 49.46500 5.05 1721
112.48333 49.67250 5.36 2450
86.47500 49.82639 5.47 2758
89.84083 49.92444 5.89 4444
108.34750 51.42889 5.47 2773
111.23833 51.88722 5.80 4095
109.39042 52.13083 5.92 4631
95.44208 53.45222 5.36 2469
89.88167 54.28472 3.72 367
84.14667 54.42889 5.73 3738
