125.62833 -59.50972 1.86 38
139.27251 -59.27528 2.25 72
143.61125 -59.22944 4.08 569
130.15417 -59.76111 4.33 735
159.68793 -59.18306 4.66 1074
134.24333 -59.22944 4.92 1465
159.08458 -59.56472 5.08 1780
134.85042 -59.08361 5.16 1973
160.66917 -59.21583 5.38 2501
138.23167 -59.41444 5.54 3018
147.80042 -59.42583 5.79 4030
162.35042 -59.32361 5.91 4565
162.02251 -59.91917 6.00 5036
137.74167 -58.96694 3.44 270
163.37334 -58.85333 3.78 398
156.96957 -58.73944 3.82 415
128.83167 -58.00917 4.86 1375
128.81416 -58.22500 5.26 2207
159.36166 -58.73333 5.45 2703
152.94376 -58.06056 5.72 3671
142.59750 -58.36167 5.88 4422
159.74750 -58.81694 5.92 4604
156.24750 -58.57639 5.95 4781
158.19833 -58.66694 6.00 5073
142.80542 -57.03444 3.13 197
139.05083 -57.54139 4.34 747
158.89708 -57.55778 4.45 849
156.85167 -57.63889 4.66 1070
163.12875 -57.24056 5.25 2186
145.17708 -57.98361 5.32 2350
132.90250 -57.63361 5.59 3209
145.25917 -57.25972 5.80 4087
159.51042 -57.25639 5.91 4555
131.67708 -56.76972 4.49 892
155.22833 -56.04306 4.50 900
161.73958 -56.75722 5.23 2108
154.65668 -56.11000 5.81 4126
140.52834 -55.01083 2.50 93
159.82668 -55.60333 4.28 691
154.90334 -55.02944 4.57 971
138.57500 -55.56972 5.27 2216
140.45833 -55.51500 5.63 3337
145.44917 -55.21417 6.00 5050
131.17583 -54.70833 1.96 45
149.21584 -54.56778 3.54 300
156.70416 -54.87750 5.58 3159
133.79958 -54.96556 5.71 3617
130.60625 -53.11389 4.86 1378
157.84084 -53.71556 4.89 1418
141.57542 -53.37917 5.11 1851
129.99001 -53.05500 5.19 2039
144.30125 -53.66861 5.45 2684
129.84917 -53.43972 5.48 2821
130.57875 -53.10000 5.52 2936
145.92583 -53.89167 5.56 3069
130.07249 -53.01528 5.61 3283
128.02000 -53.21222 5.69 3547
130.07333 -52.92194 3.62 336
134.08083 -52.72361 4.69 1104
135.43584 -52.18833 5.23 2128
152.23457 -51.81111 4.86 1367
143.53667 -51.25528 5.01 1637
139.52417 -51.05111 5.26 2210
153.34500 -51.23333 5.28 2252
142.52167 -51.51722 5.45 2688
153.36667 -51.75611 5.78 3953
139.67583 -51.56056 5.87 4340
148.45917 -51.14694 5.93 4694
148.71375 -50.24389 5.72 3692
144.20667 -49.35528 4.35 752
143.43542 -49.00500 5.12 1859
130.91792 -49.82278 5.16 1964
159.32542 -48.22583 3.84 426
130.56667 -48.09917 5.51 2889
134.48250 -48.57333 5.87 4372
130.27208 -48.92250 5.90 4502
133.16083 -48.35917 5.91 4551
136.03876 -47.09778 3.75 382
130.30458 -47.31694 4.77 1223
158.23708 -47.00333 5.02 1657
151.54707 -47.37000 5.08 1786
134.71793 -47.23472 5.18 2026
133.46124 -47.52083 5.33 2383
155.06958 -47.69917 5.65 3418
138.39375 -47.33861 5.92 4607
130.15668 -46.64889 3.84 425
131.50708 -46.04167 3.91 475
147.92000 -46.54778 4.58 983
132.63959 -46.52917 5.10 1824
147.83250 -46.19389 5.62 3287
147.67500 -46.93444 5.73 3731
140.60001 -46.04750 5.75 3834
131.82875 -46.15556 5.75 3847
137.88834 -46.58389 5.79 4011
132.44875 -45.30806 4.93 1485
147.48792 -45.73278 5.08 1775
130.48708 -45.41083 5.23 2130
131.62750 -45.91278 5.46 2729
130.14708 -45.19139 5.71 3632
148.57333 -45.28389 5.71 3642
157.98958 -45.06667 5.74 3752
137.76833 -44.86806 5.00 1614
139.09625 -44.26583 5.12 1879
146.62666 -44.75500 5.55 3058
138.53416 -44.14583 5.85 4258
158.14000 -44.61889 5.91 4594
136.99918 -43.43250 2.21 66
138.60208 -43.22750 5.25 2194
144.50626 -43.19111 5.50 2852
138.12750 -43.61361 5.57 3129
153.88126 -43.11250 5.60 3226
153.68417 -42.12194 3.85 440
131.10001 -42.64917 4.07 561
140.46208 -42.19500 5.58 3174
132.58749 -42.09000 6.00 5049
135.02251 -41.25389 4.45 846
155.58167 -41.65000 4.83 1322
135.33667 -41.86444 5.55 3059
154.61749 -41.66833 5.96 4853
152.65791 -41.71500 5.98 4948
142.67500 -40.46667 3.60 322
143.08041 -40.64944 5.35 2436
132.41333 -40.32056 5.48 2795
153.44125 -40.34583 5.90 4500
