89.70667 0.55306 5.22 2091
69.30708 0.99833 5.31 2345
75.45958 0.72222 5.92 4620
85.27333 0.33778 5.93 4680
73.71125 0.46750 5.99 5009
88.68375 0.96833 6.00 5078
74.63708 1.71417 4.47 873
88.11000 1.85500 4.78 1231
85.61917 1.47472 4.91 1441
81.18667 1.84639 4.95 1530
82.47833 1.78917 5.78 3961
77.93875 1.03694 5.89 4451
89.60167 1.83694 5.90 4525
86.64583 1.16806 5.95 4774
73.56292 2.44056 3.72 368
78.32292 2.86111 4.46 857
73.34500 2.50806 5.33 2385
79.79667 2.59583 5.34 2405
87.62500 2.02444 5.98 4938
81.70917 3.09556 4.59 989
80.70833 3.54444 5.00 1623
83.56958 3.76694 5.36 2468
82.81042 3.29222 5.46 2743
84.79625 4.12139 4.57 973
87.55458 4.42333 5.97 4917
72.80167 5.60500 3.69 357
82.69625 5.94806 4.20 630
78.68375 5.15611 5.50 2875
81.28292 6.34972 1.64 26
72.46000 6.96139 3.19 212
87.00083 6.45417 5.27 2235
88.79292 7.40694 0.50 10
73.69917 7.77917 5.33 2393
69.77583 7.87083 5.39 2541
84.50458 7.54139 5.88 4432
72.65292 8.90028 4.36 774
76.97042 8.49833 5.34 2411
80.43167 8.42861 5.80 4080
83.78458 9.93417 3.54 303
84.22625 9.29056 4.09 574
90.59583 9.64750 4.12 590
83.70500 9.48944 4.41 807
77.33167 9.82944 5.43 2633
83.78542 9.93500 5.61 3251
86.71708 9.52222 5.79 4050
87.51083 9.87111 5.80 4078
89.11667 9.50972 5.99 4994
73.72417 10.15083 4.65 1059
83.80583 10.24000 5.60 3232
73.69542 11.42611 5.19 2030
71.50708 11.70556 5.37 2494
71.10750 11.14611 5.40 2572
79.01708 11.34139 5.56 3071
89.20625 11.52111 5.87 4357
84.26833 11.03500 5.94 4751
69.53958 12.51083 4.27 681
87.38708 12.65111 4.91 1451
70.01417 12.19778 5.46 2727
89.72167 12.80861 5.70 3576
74.09292 13.51444 4.07 559
86.92875 13.89972 5.29 2286
73.13333 14.25056 4.74 1177
87.62042 14.30556 5.52 2946
88.09292 14.17167 5.59 3197
83.47625 14.30556 5.64 3354
86.80500 14.48833 5.72 3676
76.14208 15.40417 4.68 1103
69.81875 15.91806 4.69 1118
77.42500 15.59722 4.82 1298
69.78833 15.79972 5.07 1754
81.94000 15.87417 5.50 2862
73.95958 15.04000 5.81 4134
82.60875 15.36028 5.94 4734
86.68958 15.82250 6.00 5072
85.32375 16.53389 4.86 1373
77.92333 16.04556 5.18 2012
69.53917 16.03333 5.79 4052
81.10583 17.38333 4.99 1603
81.79208 17.96222 5.42 2628
83.05917 17.05806 5.46 2745
74.34292 17.15361 5.48 2817
86.85917 17.72917 5.49 2836
84.26583 17.04028 5.54 2992
82.00667 17.23889 5.77 3947
83.05333 18.59444 4.38 789
76.86250 18.64500 5.00 1624
72.84375 18.83972 5.10 1816
83.38167 18.54028 5.69 3529
90.86375 19.69056 5.14 1921
88.73625 19.74972 5.92 4644
