122.83958 -39.61861 4.45 850
107.21292 -39.65583 4.83 1315
119.86833 -39.29722 5.24 2158
109.64000 -39.21028 5.25 2191
118.16125 -38.86306 4.49 885
114.86417 -38.30833 4.84 1341
116.85417 -38.51111 5.08 1785
115.31583 -38.53361 5.42 2615
112.27375 -38.81222 5.43 2655
114.93250 -38.13944 5.73 3749
114.94917 -38.26083 5.76 3855
109.13250 -38.31889 5.80 4099
109.28583 -37.09750 2.70 117
116.31375 -37.96861 3.61 328
116.54333 -37.93389 5.88 4398
116.14250 -37.94306 5.88 4414
120.40583 -37.28361 5.95 4793
114.99167 -37.57944 6.00 5075
124.63875 -36.65944 4.45 855
109.57667 -36.73417 4.66 1075
109.20625 -36.59278 5.03 1689
123.49333 -36.32250 5.08 1770
109.65917 -36.74278 5.11 1839
125.33750 -36.48444 5.20 2068
118.26458 -36.36389 5.43 2653
113.46250 -36.33833 5.54 3006
115.80000 -36.05028 5.60 3240
116.04000 -36.06278 5.80 4073
114.68292 -36.49694 5.80 4089
108.10708 -36.54444 5.96 4860
102.92625 -36.23028 5.96 4864
123.37333 -35.89972 4.78 1224
118.54583 -35.87750 5.49 2835
124.57250 -35.45167 5.58 3136
126.99708 -35.11389 5.75 3841
123.55500 -35.49056 5.78 3950
117.31125 -35.24333 5.93 4681
114.34208 -34.96861 4.53 935
102.71833 -34.36722 4.99 1581
118.06542 -34.70528 5.01 1631
104.60458 -34.11167 5.06 1738
116.39583 -34.17306 5.37 2490
111.67625 -34.14083 5.90 4526
125.34583 -33.05444 4.83 1332
117.39750 -33.28889 5.60 3234
121.06750 -32.67500 5.31 2336
110.88292 -32.20222 5.39 2538
120.76708 -32.46389 5.82 4151
111.18250 -31.80889 5.35 2438
110.75250 -31.92389 5.43 2647
112.27042 -31.45639 5.77 3902
112.67708 -30.96222 4.65 1063
119.41708 -30.33472 4.79 1241
108.83750 -30.68639 5.36 2464
111.02375 -29.30306 2.45 89
111.99667 -29.15583 5.54 3000
104.65625 -28.97222 1.50 23
115.95208 -28.95472 3.96 497
115.88500 -28.41111 4.59 997
113.84500 -28.36944 4.64 1054
105.42958 -27.93472 3.47 280
109.14583 -27.88111 4.64 1049
110.87125 -27.83417 5.38 2517
107.58083 -27.49139 5.46 2739
108.71292 -27.03806 5.58 3146
113.64542 -27.01194 5.77 3938
107.09792 -26.39333 1.84 36
108.70292 -26.77278 3.85 435
114.70542 -26.80167 4.50 902
114.70750 -26.80361 4.62 1021
108.56333 -26.35250 4.66 1072
109.71333 -26.58583 5.28 2243
115.70042 -26.35111 5.64 3367
125.70792 -26.34806 5.90 4514
117.02167 -25.93722 4.50 894
114.57500 -25.36472 4.70 1128
104.64958 -25.41389 5.59 3212
105.27458 -25.21528 5.63 3344
107.42875 -25.23111 5.69 3528
111.35542 -25.21778 5.78 3965
110.26792 -25.89139 5.87 4373
108.05083 -25.94250 5.92 4627
121.88583 -24.30417 2.81 135
117.32375 -24.85972 3.34 244
103.53292 -24.18389 3.87 448
109.67667 -24.95417 4.40 804
109.66792 -24.55889 4.98 1573
126.26542 -24.04611 5.28 2260
117.25708 -24.91222 5.33 2376
104.39125 -24.63056 5.46 2724
116.14167 -24.67389 5.62 3306
113.29042 -24.71083 5.85 4303
105.75625 -23.83333 3.02 179
109.15333 -23.31556 4.79 1237
112.46417 -23.02444 4.85 1356
119.77375 -23.31056 5.11 1854
111.74750 -23.08611 5.61 3271
106.84417 -23.84028 5.71 3648
113.57750 -23.47361 5.83 4189
113.57958 -23.47472 5.87 4368
119.21458 -22.88000 4.20 628
113.51333 -22.29611 4.45 853
116.80208 -22.51972 5.90 4530
111.92875 -22.85972 5.95 4785
117.92875 -21.17389 5.63 3329
121.82500 -20.55472 5.38 2523
125.33833 -20.07917 5.58 3144
107.92333 -20.88306 5.84 4226
