341.40793 -53.50028 4.85 1354
346.16501 -53.96500 5.37 2489
345.22000 -52.75417 4.12 594
359.73251 -52.74583 5.13 1894
351.65250 -52.72167 5.52 2929
8.61583 -52.37306 5.57 3104
342.13876 -51.31694 3.49 285
351.05457 -51.89139 5.75 3838
356.81668 -50.22667 5.18 2023
345.28125 -50.95000 5.68 3518
346.81125 -50.68639 5.83 4221
0.33333 -50.33722 5.53 2976
1.57917 -49.07500 5.70 3578
7.85417 -48.80361 4.77 1217
8.92125 -48.00083 5.51 2897
7.60875 -48.21500 5.69 3561
0.26875 -48.81000 5.71 3621
344.19916 -47.96917 5.70 3601
340.65375 -47.21056 5.98 4973
340.66708 -46.88472 2.10 61
341.41959 -46.54750 5.51 2898
347.59000 -45.24667 3.90 468
354.46249 -45.49250 4.74 1181
2.35292 -45.74750 3.88 458
349.16541 -44.48917 5.92 4648
346.72000 -43.52056 4.28 694
6.55083 -43.68000 3.94 485
353.76917 -42.61500 4.71 1146
347.48874 -42.86056 5.81 4127
6.57083 -42.30611 2.39 83
348.74417 -41.10556 5.77 3939
345.99792 -41.47833 5.79 4048
349.54126 -40.82444 5.53 2971
347.54083 -40.59167 5.83 4209
342.75916 -39.15694 5.42 2609
7.11000 -39.91500 5.43 2643
346.72333 -38.89222 5.61 3255
353.24292 -37.81833 4.37 785
2.93333 -35.13306 5.25 2183
