351.81918 70.35972 5.60 3248
30.48917 70.90694 4.54 939
25.73292 70.62250 5.18 2025
22.80750 70.26472 5.81 4142
353.74582 71.64222 5.84 4249
30.85875 72.42139 3.98 511
39.50833 72.81833 5.16 1975
12.03792 72.67500 5.87 4396
24.62875 73.04000 5.28 2250
348.65543 74.23111 5.84 4240
354.83792 74.00278 5.98 4931
47.98458 74.39361 4.87 1386
11.94208 74.84750 5.41 2590
11.41250 74.98806 5.66 3441
346.97458 75.38750 4.41 817
339.30417 75.37167 5.79 4028
354.79333 75.29278 5.95 4783
338.06750 76.22639 5.68 3506
31.38000 76.11500 5.22 2094
354.83667 77.63250 3.21 216
31.28083 77.28139 5.38 2525
50.08208 77.73472 5.45 2716
337.47043 78.82417 5.50 2861
336.67709 78.78583 5.83 4206
46.53250 79.41861 5.49 2831
18.06958 79.67389 5.64 3363
321.20709 80.52472 5.97 4886
62.51167 80.69861 5.10 1809
66.76167 80.82417 5.43 2642
75.08625 81.19389 5.07 1764
41.94833 81.44833 5.78 3960
47.92833 81.47056 5.95 4809
310.64667 82.53111 5.75 3808
341.87082 83.15389 4.74 1169
67.50042 83.34056 5.46 2750
67.05417 83.80778 5.57 3122
13.72125 83.70722 5.62 3284
343.60333 84.34611 4.71 1130
53.08375 84.91111 5.61 3273
342.75916 85.37361 5.90 4533
263.05374 86.58639 4.36 764
333.29416 86.10806 5.27 2215
262.70001 86.96806 5.79 4049
17.18625 86.25694 4.25 658
62.50625 86.62611 5.86 4323
351.75333 87.30750 5.58 3165
115.12708 87.02000 5.07 1759
37.95292 89.26417 2.02 52
