268.32541 40.00806 5.16 1959
283.71750 41.60278 5.44 2665
293.67166 42.41278 5.35 2448
273.91168 42.15944 5.59 3211
283.83374 43.94611 4.04 545
271.87000 43.46167 5.00 1606
290.98541 43.38806 5.84 4255
294.15793 44.69500 5.17 1979
269.98416 45.50139 5.67 3473
285.35999 46.93472 5.01 1642
289.21417 46.99917 6.00 5026
264.15668 48.58556 5.37 2480
283.69626 48.85972 5.77 3921
275.38626 49.12167 5.05 1714
293.42334 49.26250 5.96 4824
294.11041 50.22111 4.48 875
283.30667 50.70833 4.92 1461
267.26791 50.78111 5.02 1653
285.05707 50.53361 5.38 2519
292.83041 50.30667 5.53 2984
295.45374 50.52528 5.96 4835
269.15167 51.48889 2.23 70
292.42624 51.72972 3.79 401
293.58249 51.23667 5.73 3732
265.34082 51.81806 5.99 5015
278.48624 52.35361 5.36 2467
282.89584 52.97500 5.51 2918
291.85791 52.32056 5.75 3820
287.10751 52.42556 5.81 4112
281.67957 52.98806 5.88 4412
279.97000 52.19611 6.00 5044
289.27582 53.36861 3.77 394
286.23001 53.39667 5.38 2520
265.99707 53.80167 5.75 3795
294.67166 54.97389 5.82 4162
272.63168 54.28667 5.95 4790
263.06668 55.17306 4.87 1381
263.04416 55.18417 4.88 1399
280.65793 55.53944 5.04 1706
285.18082 55.65833 5.48 2796
268.38208 56.87278 3.75 384
287.91876 56.85917 5.12 1868
278.14374 57.04556 4.77 1220
288.48001 57.70500 4.99 1582
298.32251 57.52361 5.14 1914
284.18750 57.81500 5.66 3446
290.06708 57.64528 5.91 4597
298.98083 58.84611 4.96 1546
275.97708 58.80056 4.98 1567
282.80042 59.38833 4.66 1086
