114.82542 5.22500 0.38 8
114.14458 5.86167 5.91 4575
112.00875 6.94194 5.25 2185
106.95625 7.47111 5.75 3837
108.91417 7.97778 5.82 4161
109.94833 7.14278 5.91 4558
111.78750 8.28944 2.90 156
112.04083 8.92556 4.32 725
101.83250 8.03722 4.77 1213
103.20583 8.38028 5.77 3892
118.88083 8.86278 5.86 4326
101.63500 8.58722 5.93 4701
100.24458 9.89556 4.66 1077
111.41208 9.27611 4.99 1588
106.41292 9.18583 5.78 3971
104.10750 9.95639 5.92 4632
105.82458 9.13833 5.97 4904
105.90833 10.95167 5.13 1890
116.56750 10.76833 5.30 2301
111.24250 11.66972 5.30 2313
101.32250 12.89556 3.36 248
112.44917 12.00667 4.54 948
108.63583 12.11583 5.62 3293
99.94833 12.98306 5.97 4885
105.96500 12.59444 5.98 4972
100.99708 13.22778 4.49 888
103.66125 13.17778 4.65 1064
102.60625 13.41333 5.65 3393
115.46583 13.48056 5.77 3933
115.51333 14.20833 5.56 3080
113.40208 15.82667 5.25 2176
107.09167 15.93083 5.44 2676
105.57250 15.33611 5.74 3788
119.24750 15.79028 5.78 3956
99.42792 16.39917 1.93 43
109.52333 16.54028 3.58 317
108.34292 16.15889 5.00 1605
105.06583 16.07889 5.68 3507
105.63958 16.67417 5.82 4150
102.45750 16.20278 5.85 4274
120.37625 16.45528 5.99 4978
119.63125 16.51861 5.99 4997
114.86917 17.67472 5.05 1728
100.60125 17.64528 5.21 2072
112.95167 17.08611 5.42 2616
120.19708 17.30861 5.55 3043
105.60625 17.75556 5.94 4707
116.53083 18.51000 4.88 1402
118.91625 19.88389 5.35 2440
117.98625 19.32528 5.99 4996
106.02708 20.57028 3.79 403
110.48667 20.44361 5.10 1821
111.73458 20.25722 5.93 4661
110.03083 21.98222 3.53 297
111.93500 21.44500 5.22 2098
102.88750 21.76111 5.27 2237
103.00000 23.60167 5.65 3413
115.24375 23.01861 5.89 4485
116.11167 24.39806 3.57 312
105.60333 24.21528 5.18 2014
108.67458 24.88500 5.82 4153
108.11000 24.12833 5.85 4280
