168.52708 20.52361 2.56 97
165.58250 20.17972 4.42 819
175.19624 21.35278 5.26 2200
154.17250 23.41722 3.44 271
168.80083 23.09556 4.63 1042
160.85417 23.18833 5.08 1771
154.31084 23.10611 5.82 4170
154.13458 23.50306 5.97 4901
163.90334 24.74972 4.50 893
167.20457 24.65833 5.68 3497
154.17458 25.37139 5.84 4230
160.75751 26.32556 5.51 2896
174.07458 27.78111 5.80 4064
154.06000 29.31056 5.35 2437
161.46625 30.68222 5.24 2136
169.54584 31.52917 4.41 806
159.67999 31.97611 4.71 1138
169.54543 31.52917 4.87 1394
175.39291 31.74611 5.73 3739
157.96417 32.37944 5.90 4516
169.61958 33.09417 3.48 283
156.47874 33.79611 4.74 1171
163.93500 33.50694 5.03 1677
156.03583 33.71861 5.50 2859
155.77625 33.90806 5.90 4524
163.32793 34.21500 3.83 424
175.26250 34.20167 5.33 2389
158.37875 34.98861 5.58 3153
177.42375 34.93167 5.70 3588
163.74249 34.03472 5.72 3703
156.97083 36.70722 4.21 634
167.32957 36.30944 5.74 3782
164.88667 36.09306 6.00 5032
152.80333 37.40194 5.85 4262
159.78168 37.91000 5.85 4277
169.78291 38.18556 4.78 1228
157.52667 38.92528 5.77 3919
166.13000 38.24139 6.00 5043
165.21001 39.21222 5.08 1776
172.26750 39.33694 5.31 2330
