35.63583 -23.81639 5.20 2066
29.16750 -22.52694 4.85 1361
30.00125 -21.07778 4.00 514
22.40042 -21.62944 5.12 1867
24.71583 -21.27528 5.58 3175
33.25375 -21.00028 5.86 4310
29.94208 -20.82444 5.41 2601
36.64667 -20.04278 5.88 4418
35.52083 -17.66222 5.87 4353
28.21708 -16.92917 5.80 4067
26.01708 -15.93750 3.50 287
38.02167 -15.24472 4.75 1194
23.99583 -15.40028 5.42 2620
23.65750 -15.67611 5.63 3311
36.50125 -15.34111 5.83 4220
30.74417 -15.30583 5.86 4321
21.40500 -14.59889 4.90 1427
40.39167 -14.54944 5.98 4963
21.71500 -13.05667 5.66 3440
36.48750 -12.29056 4.89 1416
39.89083 -11.87222 4.84 1347
25.43625 -11.32472 5.75 3826
27.86500 -10.33500 3.73 374
27.39625 -10.68639 4.67 1093
35.50583 -10.77778 5.46 2738
40.05125 -9.45306 5.78 3963
21.00583 -8.18333 3.60 323
30.11208 -8.52361 5.51 2916
39.00000 -7.83167 5.53 2969
38.67792 -7.85944 5.75 3809
23.42875 -7.02528 5.76 3873
34.24583 -6.42222 5.51 2906
21.08583 -6.91472 5.91 4590
26.49708 -5.73333 5.34 2397
