341.88791 -19.61333 5.26 2206
340.89709 -18.83028 4.69 1117
355.39374 -18.02722 5.34 2400
349.85043 -18.07528 5.93 4700
355.44083 -17.81639 4.82 1300
343.68958 -16.27194 5.56 3089
343.66251 -15.82083 3.27 227
350.66333 -15.03917 5.20 2050
355.61624 -15.44778 5.28 2254
353.70584 -15.24583 5.96 4874
355.68042 -14.54500 4.49 884
354.94626 -14.22167 5.00 1621
341.92834 -14.05639 5.66 3458
342.39792 -13.59250 4.01 526
349.77792 -13.45889 5.08 1782
354.41501 -13.06028 5.65 3426
336.11292 -13.52944 5.76 3857
334.75333 -13.30500 5.95 4818
334.20041 -12.83139 5.34 2398
343.36957 -11.61667 5.80 4083
355.28708 -11.68056 5.89 4453
337.66168 -10.67806 4.82 1290
348.97293 -9.08778 4.21 631
349.47583 -9.18250 4.39 798
349.74042 -9.61083 4.98 1574
334.21918 -9.04000 5.79 4045
343.15375 -7.57972 3.74 378
334.20834 -7.78333 4.16 615
349.21207 -7.72667 5.06 1735
335.04959 -7.82111 5.37 2487
346.29083 -7.69361 5.43 2654
335.88376 -7.19444 5.93 4685
348.58084 -6.04889 4.22 637
349.85001 -5.12444 5.55 3039
334.27707 -5.38722 5.75 3810
339.43918 -4.22806 5.03 1669
343.79584 -4.98778 5.72 3672
336.02875 -4.83694 5.78 3949
345.38208 -4.71139 5.94 4760
348.89291 -3.49639 5.55 3055
335.41418 -1.38722 3.84 432
353.53751 -1.24750 5.87 4385
338.51208 -1.57417 5.89 4461
338.83917 -0.11750 4.02 534
337.20874 -0.02000 4.42 824
337.20709 -0.02028 4.59 987
