323.34793 -44.84861 5.57 3118
349.16541 -44.48917 5.92 4648
337.31750 -43.49556 3.97 501
337.43958 -43.74944 4.11 584
346.72000 -43.52056 4.28 694
321.75668 -42.54778 5.51 2919
347.48874 -42.86056 5.81 4127
333.90375 -41.34667 4.79 1244
340.87500 -41.41444 4.85 1355
334.11084 -41.62750 5.10 1810
323.02457 -41.17917 5.29 2288
321.10333 -41.00667 5.77 3904
348.74417 -41.10556 5.77 3939
345.99792 -41.47833 5.79 4048
347.54083 -40.59167 5.83 4209
339.24500 -40.59111 5.86 4327
331.52875 -39.54333 4.46 860
342.75916 -39.15694 5.42 2609
337.16333 -39.13194 5.47 2778
329.82458 -38.39528 5.50 2880
346.72333 -38.89222 5.61 3255
328.48209 -37.36500 3.01 178
329.09500 -37.25361 5.46 2735
332.10834 -34.04389 4.99 1584
345.87418 -34.74944 5.11 1840
332.48209 -34.01472 5.37 2484
326.23666 -33.02583 4.34 748
339.71457 -33.08139 5.66 3452
323.06082 -33.94472 5.97 4926
343.98709 -32.53972 4.21 632
337.87625 -32.34611 4.29 700
343.13168 -32.87556 4.46 862
332.09583 -32.98861 4.50 904
332.53668 -32.54833 4.92 1463
339.14749 -31.66389 5.82 4179
326.93417 -30.89833 5.01 1635
340.09293 -30.65889 5.87 4394
344.41293 -29.62222 1.16 17
344.89917 -29.46222 5.51 2912
342.83707 -29.53611 5.97 4900
330.20917 -28.45361 5.42 2621
345.33084 -28.85361 5.55 3036
340.16418 -27.04361 4.17 619
333.57834 -27.76694 5.43 2648
337.44168 -27.10722 5.95 4786
324.04584 -26.17139 5.73 3720
331.15332 -26.82250 5.96 4832
333.43500 -25.18083 5.58 3154
345.02417 -25.16417 5.65 3391
