234.64291 50.42333 5.84 4252
265.34082 51.81806 5.99 5015
262.60834 52.30139 2.79 130
249.05708 52.92444 5.08 1781
235.71124 52.36083 5.51 2907
249.04791 52.90028 5.53 2986
240.52292 52.91583 5.93 4695
260.43918 53.42056 5.67 3487
265.99707 53.80167 5.75 3795
233.81792 53.92194 5.97 4921
239.44749 54.74972 4.95 1521
233.98792 54.63056 5.74 3757
256.33209 54.47028 5.80 4094
256.33249 54.47028 5.83 4214
234.38333 54.50889 5.87 4359
263.06668 55.17306 4.87 1381
263.04416 55.18417 4.88 1399
246.10542 55.20500 5.74 3760
238.06917 55.82667 5.81 4104
236.90833 55.37667 5.86 4334
236.64500 55.47472 5.92 4633
268.38208 56.87278 3.75 384
251.32417 56.78194 4.85 1363
249.50166 56.01556 5.29 2272
231.23250 58.96611 3.29 233
240.47208 58.56528 4.01 528
244.31375 59.75500 5.40 2566
261.42209 60.04833 5.65 3403
231.96417 60.67028 5.90 4523
248.10709 60.82333 5.94 4730
245.99792 61.51417 2.74 121
263.74792 61.87500 5.23 2120
245.94583 61.69667 5.67 3489
236.66667 62.59944 5.19 2038
258.13583 62.87444 5.56 3081
230.65543 62.04722 5.98 4969
230.66000 63.34139 5.79 4005
250.22958 64.58917 4.83 1324
273.47418 64.39722 5.03 1673
232.73209 64.20861 5.79 4041
257.19666 65.71472 3.17 208
254.00708 65.13472 4.89 1414
228.65958 67.34667 5.13 1889
241.58208 67.81028 5.44 2670
264.23792 68.75806 4.80 1260
246.99583 68.76806 5.00 1613
262.99124 68.13500 5.05 1717
273.82083 68.75583 5.95 4784
245.45293 69.10944 5.25 2169
234.41292 69.28333 5.62 3288
