331.42001 5.05861 4.84 1345
325.56458 5.68000 5.30 2308
335.11499 5.78944 5.37 2488
324.63293 5.77167 5.67 3485
332.54999 6.19778 3.53 294
330.03293 6.71750 6.00 5061
343.80707 8.81583 4.90 1435
330.28833 8.25722 5.65 3412
326.04666 9.87500 2.39 82
343.10043 9.83556 5.16 1968
337.28333 9.12889 5.58 3145
340.36542 10.83139 3.40 258
344.79916 11.72889 5.75 3796
332.65582 11.62444 5.78 3985
330.82916 11.38639 5.80 4066
341.67334 12.17278 4.19 625
335.37958 12.20528 5.01 1646
329.23499 12.07639 5.54 2988
330.27249 13.11972 5.60 3247
340.21957 14.54944 5.71 3620
340.48917 14.51639 5.90 4511
326.13043 14.77194 5.94 4754
343.25958 16.84111 5.64 3353
332.96375 16.04056 5.95 4794
326.12793 17.35000 4.34 744
327.53625 17.28556 5.29 2290
324.43918 19.31861 5.45 2701
328.40582 19.66833 5.68 3511
331.86917 19.47556 5.75 3806
327.89249 19.82667 5.77 3908
339.71918 19.52222 5.82 4167
344.36624 20.76889 5.49 2834
324.75458 20.26528 5.85 4264
331.95959 21.70278 5.78 3952
326.51834 22.94889 5.29 2289
341.63293 23.56556 3.95 488
342.50082 24.60167 3.48 284
333.03333 24.95000 5.92 4630
