16.52125 -9.83944 5.58 3161
3.72708 -9.56972 5.75 3823
16.94250 -9.78556 5.82 4172
4.85708 -8.82389 3.56 309
2.07250 -8.82389 5.99 5007
3.61500 -7.78056 5.12 1874
18.60000 -7.92306 5.13 1901
13.92667 -7.34722 5.85 4304
0.49000 -6.01417 4.41 808
1.33375 -5.70750 4.61 1012
2.57833 -5.24861 5.84 4225
15.76083 -4.83667 5.43 2635
10.17667 -4.35194 5.91 4548
359.66833 -3.55611 4.86 1368
0.45583 -3.02750 5.10 1820
8.81208 -3.59278 5.20 2046
7.51000 -3.95722 5.72 3686
19.15125 -2.50028 5.41 2586
17.93125 -2.25111 5.94 4716
13.25208 -1.14417 4.77 1222
18.70500 -0.97389 5.70 3595
19.95125 -0.50889 5.87 4383
8.88667 -0.50556 5.93 4686
6.35083 1.93972 5.77 3926
17.64000 2.44556 5.95 4811
19.45000 3.61444 5.16 1961
17.09250 5.64972 5.52 2937
12.09583 5.28056 5.75 3814
16.21917 5.65639 6.00 5077
359.82791 6.86333 4.01 525
8.09917 6.95556 5.67 3467
11.84833 6.74083 5.99 5019
15.73583 7.89000 4.28 688
12.17083 7.58500 4.43 827
18.43292 7.57528 5.24 2150
12.07250 7.30000 5.93 4704
5.14958 8.19028 5.37 2481
0.62375 8.48556 5.63 3325
3.74500 8.82083 5.79 4031
