195.88834 -49.52722 4.85 1357
168.13792 -49.10111 5.36 2457
173.73666 -49.13667 5.50 2885
190.37917 -48.95972 2.17 64
189.42583 -48.54111 3.86 443
193.27875 -48.94333 4.33 740
190.64751 -48.81306 4.66 1082
182.06125 -48.69278 5.34 2403
173.98167 -47.64167 5.25 2178
174.39125 -47.74722 5.44 2680
166.13000 -47.67917 5.67 3462
173.80499 -47.37250 5.71 3663
190.34583 -46.14556 5.84 4239
177.78625 -45.17361 4.46 863
176.43292 -45.69000 5.29 2295
183.51083 -45.72389 5.31 2327
182.22417 -44.32611 5.75 3849
188.67625 -44.67333 5.77 3944
168.31125 -44.37222 5.80 4058
193.74374 -44.15194 5.89 4464
175.33250 -43.09583 5.55 3027
172.14626 -42.67417 5.08 1768
180.91499 -42.43417 5.15 1935
166.81917 -42.63861 5.15 1951
193.83083 -42.91583 5.47 2759
188.93958 -41.02194 5.13 1888
182.22708 -41.23139 5.48 2802
193.35918 -40.17889 4.27 686
176.62958 -40.50056 4.91 1449
173.40543 -40.58694 5.39 2542
173.20042 -40.43639 5.64 3372
189.96875 -39.98750 4.64 1050
187.09375 -39.04139 5.44 2674
189.00500 -39.87000 5.80 4063
192.98666 -39.68083 5.98 4961
183.35542 -38.92917 5.76 3872
185.93707 -38.91111 5.79 4019
171.38792 -37.74778 5.89 4459
175.86333 -37.19028 5.98 4941
170.80292 -36.16472 5.00 1617
171.37250 -36.06306 5.22 2090
185.89751 -35.41278 5.32 2361
186.34084 -35.18639 5.73 3712
175.05333 -34.74472 4.70 1123
178.22749 -33.90806 4.28 699
192.67168 -33.99944 4.91 1439
174.14583 -33.57000 5.74 3786
191.69167 -33.31556 5.86 4325
175.43333 -32.49972 5.22 2106
186.71542 -32.83000 5.55 3020
173.62292 -32.83139 5.98 4946
173.25043 -31.85778 3.54 302
173.22542 -31.08722 5.04 1700
177.92332 -30.83500 5.85 4290
189.76459 -30.42222 5.89 4466
