209.67000 -44.80361 3.87 446
188.67625 -44.67333 5.77 3944
193.74374 -44.15194 5.89 4464
204.27499 -44.14333 5.98 4928
197.84666 -43.36889 5.25 2174
199.30792 -43.97944 5.84 4246
207.40417 -42.47389 3.04 183
209.56792 -42.10083 3.83 421
193.83083 -42.91583 5.47 2759
197.78667 -42.23306 5.79 4021
205.91667 -42.06750 5.98 4942
207.37625 -41.68778 3.41 263
211.51167 -41.17972 4.36 775
188.93958 -41.02194 5.13 1888
196.64626 -41.58861 5.59 3191
213.67751 -41.83750 5.61 3260
201.73375 -41.49806 5.69 3533
205.72917 -41.40111 5.98 4930
193.35918 -40.17889 4.27 686
204.95250 -40.05194 5.60 3237
202.76125 -39.40750 3.88 460
189.96875 -39.98750 4.64 1050
201.53250 -39.75528 5.09 1800
187.09375 -39.04139 5.44 2674
189.00500 -39.87000 5.80 4063
192.98666 -39.68083 5.98 4961
198.01334 -37.80306 4.85 1360
211.67084 -36.37000 2.06 57
200.14917 -36.71222 2.75 124
206.73500 -36.25194 5.15 1938
208.38667 -35.66417 5.54 2994
207.36125 -34.45083 4.19 626
206.42168 -33.04389 4.23 651
192.67168 -33.99944 4.91 1439
191.69167 -33.31556 5.86 4325
207.95667 -32.99444 4.56 963
208.30208 -31.92778 4.73 1167
199.22125 -31.50611 5.10 1832
189.76459 -30.42222 5.89 4466
204.67500 -29.56083 5.83 4182
191.00208 -28.32389 5.48 2794
203.14958 -28.69278 5.69 3560
189.42583 -27.13889 5.45 2690
210.59500 -27.43000 5.48 2808
192.11000 -27.59750 5.66 3430
211.59293 -26.68250 3.27 228
204.20168 -26.49500 5.78 3973
206.40375 -26.11611 5.81 4128
210.00043 -25.01028 5.77 3897
