40.05125 -9.45306 5.78 3963
45.48375 -9.96139 5.83 4216
44.10708 -8.89806 3.89 466
48.95833 -8.81972 4.80 1254
30.11208 -8.52361 5.51 2916
46.06833 -7.60083 5.26 2198
45.67625 -7.68528 5.32 2356
39.00000 -7.83167 5.53 2969
38.67792 -7.85944 5.75 3809
45.29167 -7.66278 5.75 3843
46.63958 -6.08861 5.27 2230
34.24583 -6.42222 5.51 2906
30.91875 -4.10361 5.62 3290
44.15583 -3.71222 5.17 1999
39.42417 -3.39611 5.65 3401
34.83625 -2.97750 3.04 184
44.67500 -2.78250 5.23 2117
33.19792 -2.39361 5.54 2998
44.92167 -2.46500 5.56 3092
48.19333 -1.19611 5.06 1736
38.03917 -1.03500 5.35 2423
32.89917 -1.82528 5.93 4664
49.59333 -0.93028 5.38 2504
35.55167 -0.88500 5.42 2613
40.30792 -0.69583 5.71 3630
30.95083 -0.34028 5.93 4655
39.87083 0.32861 4.07 564
35.48583 0.39583 5.28 2246
30.79875 0.12833 5.43 2646
37.68833 0.25528 6.00 5076
34.50583 1.75778 5.58 3155
30.51167 2.76361 4.33 734
30.51167 2.76361 5.23 2124
37.87542 2.26722 5.25 2193
40.82500 3.23583 3.47 277
49.84042 3.37028 4.83 1319
50.27833 3.67556 5.69 3542
30.03833 3.09722 5.88 4436
45.57000 4.08972 2.53 94
45.59375 4.35278 5.61 3261
38.96875 5.59333 4.86 1372
48.11000 6.66083 5.56 3093
39.02042 6.88694 5.82 4174
39.14625 7.72972 5.81 4110
37.03958 8.46000 4.28 693
33.25000 8.84667 4.37 782
44.92875 8.90750 4.70 1125
32.83792 8.56972 5.63 3348
44.05750 8.38167 5.97 4898
