296.59042 -19.76111 4.86 1376
287.06958 -19.29000 5.54 2989
298.04999 -19.04500 5.92 4645
289.40875 -18.95306 4.96 1539
294.26376 -18.23111 5.64 3369
290.46207 -18.30833 5.87 4361
290.41833 -17.84722 3.93 482
295.62958 -16.12389 5.06 1737
283.87918 -16.37667 5.79 4035
290.43167 -15.95500 4.61 1015
299.48749 -15.49139 5.02 1654
283.67957 -15.60306 5.10 1811
295.88959 -15.47000 5.49 2845
291.54626 -15.05306 5.72 3680
286.42166 -15.66028 5.97 4877
294.39334 -14.30167 5.47 2755
291.34000 -13.89694 5.69 3554
300.49417 -13.63694 5.71 3649
288.31458 -12.28250 5.51 2903
284.84918 -12.84056 5.53 2968
293.78043 -10.56028 5.12 1880
297.69501 -10.76361 5.39 2554
281.68042 -10.12500 5.71 3641
280.56833 -9.05250 4.72 1153
282.74374 -9.77417 5.83 4194
299.94751 -9.95833 5.88 4425
280.88043 -8.27528 4.90 1426
298.65668 -8.22722 5.71 3647
298.53418 -8.57417 5.79 4020
294.22293 -7.02750 4.95 1524
288.16959 -7.93944 5.34 2402
280.00208 -7.79056 5.84 4247
285.42001 -5.73889 4.02 529
284.26541 -5.84611 4.83 1335
290.13708 -5.41583 5.01 1632
281.87082 -5.70500 5.20 2040
282.42084 -5.91278 5.99 5013
286.56207 -4.88250 3.44 269
281.79376 -4.74778 4.22 636
286.23999 -4.03139 5.42 2610
294.44708 -4.64750 5.46 2734
285.72708 -3.69889 5.42 2626
298.32791 -3.11444 5.65 3390
292.66583 -2.78889 5.03 1675
294.18042 -1.28639 4.36 761
290.14874 -0.89222 5.49 2847
295.18042 -0.62111 5.67 3484
279.39999 -0.30944 5.75 3800
290.58957 -0.25250 5.83 4205
281.61874 -0.96167 5.90 4529
