279.16293 6.67194 5.45 2712
276.99500 6.19417 5.73 3730
268.30917 6.10139 5.77 3930
265.38458 6.31278 5.95 4815
274.78958 7.25972 5.39 2532
271.82666 8.73389 4.64 1043
276.41168 8.03194 5.65 3407
260.98999 8.85278 5.77 3910
271.83749 9.56389 3.73 373
279.11584 9.12250 5.39 2531
263.65292 9.58667 5.81 4131
259.65417 10.86444 5.03 1684
263.73376 12.56000 2.08 59
275.64709 12.02889 5.89 4445
265.49457 15.95194 5.52 2926
270.01416 16.75083 4.67 1091
263.41418 16.31750 5.69 3544
261.13126 16.30111 5.71 3644
277.76834 16.92861 5.77 3928
261.47668 16.91750 5.98 4954
275.70416 17.82667 5.25 2173
266.78333 17.69722 5.72 3684
259.52084 17.31806 6.00 5064
260.07874 18.05722 5.00 1611
278.80249 18.20333 5.78 3991
274.53207 18.13139 5.99 4980
263.34500 19.25667 5.64 3371
272.18958 20.81444 4.36 763
272.22043 20.04528 5.10 1823
270.59625 20.83361 5.28 2263
261.70459 20.08083 5.54 2993
267.10333 20.56556 5.69 3556
275.92459 21.76972 3.84 427
275.07458 21.96139 4.95 1532
270.37668 21.59556 4.96 1544
270.37457 21.59528 5.18 2010
271.50793 22.21889 5.06 1742
268.96167 22.46417 5.58 3158
261.02750 22.96028 5.74 3791
267.70166 22.31639 5.98 4947
275.53625 23.28528 5.41 2588
278.87668 23.60556 5.61 3258
278.19250 23.61694 5.84 4242
277.39874 23.86611 5.90 4537
258.75793 24.83917 3.14 203
260.22583 24.49944 5.12 1860
274.79459 24.44611 5.27 2232
265.61832 24.56417 5.52 2927
265.84000 24.32778 5.71 3637
264.37958 24.31000 5.77 3923
