126.46500 -64.60083 5.97 4884
120.08333 -63.56750 4.82 1291
137.81917 -62.31722 3.97 508
140.23666 -62.40472 4.81 1274
123.81625 -62.91583 5.16 1969
129.32832 -62.85361 5.47 2766
142.19583 -62.27306 5.92 4626
102.04750 -61.94139 3.27 229
122.25292 -61.30250 4.76 1200
141.36292 -61.95028 5.77 3891
141.02374 -61.64889 5.99 5005
133.76167 -60.64472 3.84 429
119.90667 -60.58694 5.17 2003
119.44542 -60.30333 5.60 3241
119.07750 -60.52639 5.74 3764
133.45293 -60.35417 5.78 3982
117.30375 -60.28361 5.78 3997
135.19041 -60.96389 5.79 4056
119.71042 -60.82444 5.81 4145
125.62833 -59.50972 1.86 38
139.27251 -59.27528 2.25 72
130.15417 -59.76111 4.33 735
134.24333 -59.22944 4.92 1465
134.85042 -59.08361 5.16 1973
105.81500 -59.17806 5.50 2887
138.23167 -59.41444 5.54 3018
137.74167 -58.96694 3.44 270
128.83167 -58.00917 4.86 1375
128.81416 -58.22500 5.26 2207
132.90250 -57.63361 5.59 3209
118.72167 -57.30306 5.63 3319
125.30000 -57.97306 5.97 4906
131.67708 -56.76972 4.49 892
106.07625 -56.74972 5.17 2002
117.27792 -56.41056 5.59 3187
122.39000 -56.08556 5.66 3433
131.17583 -54.70833 1.96 45
118.12375 -54.36722 5.70 3611
133.79958 -54.96556 5.71 3617
120.20792 -54.15139 5.87 4395
112.62875 -54.39944 5.96 4855
102.46375 -53.62222 4.40 805
130.60625 -53.11389 4.86 1378
126.90208 -53.08861 5.09 1802
129.99001 -53.05500 5.19 2039
129.84917 -53.43972 5.48 2821
130.57875 -53.10000 5.52 2936
121.26667 -53.10806 5.53 2972
130.07249 -53.01528 5.61 3283
128.02000 -53.21222 5.69 3547
119.19458 -52.98222 3.47 279
130.07333 -52.92194 3.62 336
134.08083 -52.72361 4.69 1104
113.91542 -52.53389 4.94 1505
135.43584 -52.18833 5.23 2128
110.16125 -52.08611 5.39 2537
125.73000 -52.12389 5.85 4282
112.49833 -52.65111 5.87 4352
108.83750 -52.49972 5.97 4893
111.59125 -51.01833 5.10 1812
105.21458 -51.40250 5.14 1920
126.37917 -51.72806 5.17 1990
106.80542 -51.96778 5.96 4862
123.39208 -50.19611 5.51 2902
128.96709 -50.97000 5.80 4090
117.59958 -50.50972 5.91 4599
121.17667 -50.59056 5.95 4808
119.56000 -49.24500 4.41 811
118.26542 -49.61306 4.63 1034
105.97375 -49.58389 4.93 1478
128.68167 -49.94417 5.01 1648
130.91792 -49.82278 5.16 1964
118.32583 -48.10306 4.24 655
108.65917 -48.27167 4.76 1207
125.63167 -48.49028 4.82 1306
104.06667 -48.72111 4.95 1528
107.69792 -48.93222 5.14 1927
130.56667 -48.09917 5.51 2889
114.57583 -48.60111 5.68 3522
122.29000 -48.68444 5.70 3610
114.18292 -48.83028 5.72 3706
122.79625 -48.46194 5.82 4155
134.48250 -48.57333 5.87 4372
130.27208 -48.92250 5.90 4502
133.16083 -48.35917 5.91 4551
122.38333 -47.33667 1.78 33
122.37208 -47.34583 4.27 680
117.08458 -47.07778 4.71 1137
130.30458 -47.31694 4.77 1223
134.71793 -47.23472 5.18 2026
122.43000 -47.93750 5.23 2115
127.26958 -47.92917 5.33 2373
133.46124 -47.52083 5.33 2383
130.15668 -46.64889 3.84 425
131.50708 -46.04167 3.91 475
117.30958 -46.37333 4.11 578
108.14000 -46.75944 4.49 891
132.63959 -46.52917 5.10 1824
123.40083 -46.99194 5.13 1884
116.88125 -46.60861 5.23 2112
109.06458 -46.77444 5.66 3429
108.69125 -46.84972 5.72 3687
131.82875 -46.15556 5.75 3847
123.00000 -46.64417 5.76 3874
117.30375 -46.85778 5.84 4228
127.44000 -46.33194 5.99 5006
108.30583 -45.18306 4.89 1420
132.44875 -45.30806 4.93 1485
121.66833 -45.26639 5.05 1726
115.73833 -45.17333 5.06 1747
119.46583 -45.57778 5.17 1993
130.48708 -45.41083 5.23 2130
131.62750 -45.91278 5.46 2729
130.14708 -45.19139 5.71 3632
123.59958 -45.83444 5.83 4185
119.75750 -45.21611 5.99 4982
