33.09292 30.30306 4.94 1507
48.83542 30.55667 5.52 2949
44.32208 31.93417 5.11 1850
36.86542 31.80139 5.54 2995
34.32875 33.84722 4.01 523
33.98417 33.35889 5.28 2264
30.74167 33.28389 5.50 2858
51.12375 33.53583 5.61 3267
52.08667 33.80750 5.61 3278
32.38583 34.98722 3.00 173
49.68250 34.22278 4.82 1302
34.26333 34.22417 4.87 1385
39.26042 34.26389 5.30 2299
38.94500 34.68750 5.35 2420
38.21875 34.54250 5.83 4219
42.87833 35.05972 4.53 932
44.76542 35.18306 4.93 1473
38.02583 36.14722 5.15 1943
32.12208 37.85917 4.82 1294
29.03875 37.25167 5.67 3488
38.91167 37.31222 5.71 3669
28.97667 37.27778 5.89 4457
27.16208 37.95278 5.94 4721
46.29417 38.84028 3.39 257
42.64625 38.31861 4.23 648
43.42750 38.33750 5.33 2374
39.23833 38.73278 5.90 4493
47.82250 39.61167 4.63 1036
44.69042 39.66278 4.70 1124
32.72000 39.03944 5.63 3312
53.39625 39.89944 5.81 4105
49.44083 39.28333 5.96 4861
47.04208 40.95556 2.12 62
40.56208 40.19389 4.91 1450
28.32208 40.72972 5.40 2565
35.70958 41.39639 5.82 4176
44.91625 41.03306 5.89 4486
30.97500 42.32972 2.26 73
30.97792 42.33083 4.84 1336
50.36042 43.32944 4.95 1522
47.37417 44.85722 3.80 406
33.30542 44.23167 4.83 1320
41.02167 44.29694 5.43 2657
49.44750 44.02500 5.47 2776
53.10958 46.05694 5.31 2333
42.92375 46.84194 5.88 4407
52.64375 47.99528 4.36 762
34.82000 47.38000 5.30 2318
44.95792 47.22083 5.47 2777
27.31542 47.89694 5.82 4171
24.49833 48.62833 3.57 315
54.12250 48.19278 4.23 647
53.03583 48.02361 5.47 2784
52.65417 48.10361 5.82 4148
48.35000 48.17694 5.90 4494
24.11333 48.72278 5.92 4639
51.08083 49.86111 1.79 34
47.26667 49.61333 4.05 551
41.05000 49.22833 4.12 593
52.34208 49.50889 4.67 1094
52.01292 49.06278 4.98 1579
50.80500 49.21333 5.29 2297
52.21833 49.84833 5.58 3156
29.64000 49.20417 5.69 3539
50.46917 49.07083 5.93 4697
