86.93917 -9.66972 2.06 58
89.76792 -9.55833 5.03 1679
100.48500 -9.16722 5.19 2027
94.71083 -9.39028 5.36 2466
88.03167 -9.04139 5.97 4919
101.90458 -8.99833 5.07 1753
97.95875 -8.15806 5.43 2663
105.09875 -8.40694 5.96 4865
97.20417 -7.03278 4.60 1009
84.72125 -7.21306 4.80 1259
94.92833 -7.82306 5.27 2217
87.84167 -7.51806 5.35 2430
97.20625 -7.03444 5.40 2573
97.20625 -7.03444 5.60 3246
93.71375 -6.27472 3.98 512
92.96583 -6.55028 5.05 1715
91.05625 -6.70917 5.21 2070
84.14875 -6.06500 5.72 3679
84.65750 -6.57389 5.96 4847
105.48500 -5.72222 5.20 2063
99.14708 -5.21111 5.52 2940
98.09625 -5.86889 5.60 3218
105.72833 -4.23917 4.99 1592
96.99000 -4.76222 5.06 1739
91.66125 -4.19389 5.38 2510
93.65292 -4.56833 5.83 4183
88.87625 -4.61639 5.87 4360
87.14542 -4.09472 5.97 4915
93.87375 -4.91528 5.99 5003
90.01417 -3.07417 4.53 933
93.47625 -3.74139 5.83 4187
84.88000 -3.56472 6.00 5059
84.68667 -2.60000 3.81 412
94.99833 -2.94444 4.90 1429
102.31833 -2.27194 5.74 3784
84.05333 -1.20194 1.70 29
85.18958 -1.94278 2.05 54
85.19000 -1.94278 4.21 635
85.21083 -1.12889 4.95 1527
98.40792 -1.22028 5.10 1814
103.60250 -1.12694 5.45 2710
102.07917 -1.31917 5.75 3815
96.66500 -1.50722 5.87 4337
96.81500 -0.27611 5.55 3035
93.89292 -0.51222 5.65 3397
102.70792 -0.54083 5.77 3896
96.31833 -0.94611 5.87 4362
96.80750 0.29917 5.20 2055
89.70667 0.55306 5.22 2091
100.27250 0.49528 5.79 3998
98.81583 0.89000 5.80 4098
85.27333 0.33778 5.93 4680
88.68375 0.96833 6.00 5078
88.11000 1.85500 4.78 1231
85.61917 1.47472 4.91 1441
89.60167 1.83694 5.90 4525
86.64583 1.16806 5.95 4774
101.96500 2.41222 4.47 870
96.83500 2.90806 5.55 3032
92.24125 2.49944 5.73 3724
87.62500 2.02444 5.98 4938
100.91125 3.93222 5.90 4532
104.73750 3.60222 5.97 4910
95.94208 4.59278 4.44 837
84.79625 4.12139 4.57 973
91.24333 4.15861 5.63 3328
98.08000 4.85583 5.84 4237
87.55458 4.42333 5.97 4917
91.24250 5.42000 5.67 3469
94.31708 5.10028 5.71 3634
87.00083 6.45417 5.27 2235
88.79292 7.40694 0.50 10
98.22583 7.33306 4.50 903
84.50458 7.54139 5.88 4432
96.30458 7.08583 5.98 4949
101.83250 8.03722 4.77 1213
103.20583 8.38028 5.77 3892
101.63500 8.58722 5.93 4701
84.22625 9.29056 4.09 574
90.59583 9.64750 4.12 590
100.24458 9.89556 4.66 1077
94.27750 9.94250 5.39 2555
86.71708 9.52222 5.79 4050
87.51083 9.87111 5.80 4078
98.82333 9.98833 5.88 4420
104.10750 9.95639 5.92 4632
105.82458 9.13833 5.97 4904
89.11667 9.50972 5.99 4994
