281.41541 20.54639 4.19 624
272.18958 20.81444 4.36 763
272.22043 20.04528 5.10 1823
270.59625 20.83361 5.28 2263
288.76083 20.20333 6.00 5047
275.92459 21.76972 3.84 427
289.05417 21.39028 4.77 1212
275.07458 21.96139 4.95 1532
270.37668 21.59556 4.96 1544
270.37457 21.59528 5.18 2010
283.06833 21.42528 5.48 2793
288.82251 21.23222 5.64 3368
288.15292 21.55444 5.93 4675
283.68707 22.64500 4.59 993
271.50793 22.21889 5.06 1742
275.53625 23.28528 5.41 2588
289.43167 23.02556 5.43 2636
278.87668 23.60556 5.61 3258
278.19250 23.61694 5.84 4242
277.39874 23.86611 5.90 4537
274.79459 24.44611 5.27 2232
286.66000 24.25083 5.77 3922
281.51874 26.66222 4.83 1328
290.71207 26.26250 5.18 2019
284.93958 26.23056 5.27 2229
268.85501 26.05000 5.46 2723
285.32251 26.29139 5.69 3559
271.95624 26.10139 5.86 4309
271.95624 26.09750 5.90 4531
283.55499 27.90944 5.62 3296
271.88583 28.76250 3.83 419
275.25418 28.87000 5.12 1866
286.65707 28.62861 5.55 3033
269.44125 29.24778 3.70 361
291.03168 29.62139 4.97 1551
275.23792 29.85889 5.63 3327
276.49500 29.82889 5.83 4199
274.96707 29.66611 5.99 4983
269.62582 30.18944 4.41 810
271.75626 30.56194 5.04 1705
278.20792 30.55417 5.48 2805
288.85333 30.52639 5.85 4267
272.97583 31.40528 4.97 1562
286.24124 31.74444 5.56 3074
280.96500 31.92667 5.70 3585
287.94168 31.28333 5.98 4935
284.73584 32.68944 3.24 222
285.00375 32.14556 4.93 1483
284.25668 32.90139 5.22 2087
286.85666 32.50167 5.23 2125
282.47043 32.55083 5.25 2184
271.45667 32.23056 5.71 3657
282.44125 32.81278 5.91 4600
282.51999 33.36278 3.45 275
279.15500 33.46889 5.42 2611
272.93793 33.44694 5.88 4415
270.15167 33.21389 5.99 4995
292.94293 34.45306 4.74 1176
283.62582 36.89889 4.30 716
274.96542 36.06444 4.33 733
291.53793 36.31778 5.15 1933
286.82541 36.10028 5.28 2262
272.00916 36.40139 5.48 2797
272.49582 36.46639 5.58 3166
283.43167 36.97167 5.58 3173
269.67624 36.28778 6.00 5057
269.06332 37.25056 3.86 445
281.19333 37.60500 4.36 768
281.20084 37.59444 5.73 3725
279.23459 38.78361 0.03 5
289.09207 38.13361 4.36 767
284.50793 38.26611 5.89 4448
288.43958 39.14611 4.39 794
281.08499 39.67000 5.06 1744
276.05750 39.50722 5.12 1877
281.09543 39.61306 5.14 1919
281.09543 39.61278 5.37 2473
