252.16624 -69.02778 1.92 42
254.89082 -69.26833 5.79 4003
229.72749 -68.67944 2.89 152
238.87334 -68.60306 5.09 1806
231.56125 -68.30917 5.89 4484
250.34708 -68.29611 5.91 4561
260.49750 -67.77056 4.78 1227
251.66667 -67.10972 5.13 1891
244.27292 -67.94139 5.75 3803
227.37457 -67.08417 5.76 3887
258.32291 -67.19667 5.89 4472
234.17999 -66.31694 4.11 579
248.93668 -65.49528 5.52 2948
239.74208 -65.03778 5.75 3819
266.43332 -64.72389 3.62 337
226.20084 -64.03167 5.17 1986
246.98875 -64.05806 5.27 2218
231.88792 -64.53139 5.71 3635
238.78542 -63.43056 2.85 143
243.85957 -63.68556 3.85 433
272.14499 -63.66833 4.35 755
229.41208 -63.61056 4.86 1380
272.60876 -62.00222 5.49 2828
261.00458 -62.86417 5.70 3600
247.70583 -61.63361 5.20 2041
262.77457 -60.68389 3.62 333
229.23625 -60.95750 5.09 1797
229.70375 -60.49639 5.46 2740
230.79333 -60.65694 5.67 3477
229.15167 -60.90389 5.73 3741
239.02499 -60.48278 5.76 3862
261.07791 -60.67361 5.77 3905
238.88458 -60.17778 5.77 3929
267.89792 -60.16444 5.78 3966
252.44624 -59.04139 3.76 390
230.84457 -59.32083 4.51 916
259.80167 -59.69444 5.91 4572
234.98541 -59.90833 5.95 4771
251.83125 -58.34139 5.58 3140
247.06332 -58.59972 5.69 3540
251.58833 -58.50361 5.74 3766
260.72916 -58.01028 5.88 4430
240.88292 -57.77528 4.63 1039
242.32750 -57.93444 5.57 3111
243.95708 -57.91222 5.63 3320
256.10291 -57.71222 5.73 3729
253.50208 -57.90944 5.94 4706
261.34833 -56.37750 3.34 243
260.77875 -56.52528 5.80 4091
262.84583 -56.92056 5.95 4770
261.32501 -55.53000 2.85 141
254.65500 -55.99028 3.13 200
237.77834 -55.05583 5.73 3736
245.10500 -55.14000 5.77 3912
243.34418 -55.54083 5.81 4144
262.16125 -55.16972 5.94 4720
243.36958 -54.63056 4.94 1510
264.52332 -54.50028 5.25 2172
255.02583 -54.59694 5.65 3394
254.89626 -53.16056 4.06 556
255.78667 -53.23694 5.29 2275
244.17958 -53.81111 5.44 2683
237.52875 -53.20944 5.77 3932
243.32001 -53.67167 5.83 4200
267.61749 -53.61222 5.92 4609
251.16583 -53.15250 5.96 4836
234.70625 -52.37278 5.44 2667
261.98999 -52.29722 5.75 3816
254.11958 -52.28389 5.94 4709
266.03625 -51.83417 5.15 1934
244.96001 -50.15556 4.02 531
244.25375 -50.06833 4.99 1594
261.50000 -50.63361 5.23 2126
254.57500 -50.64111 5.55 3050
261.80167 -50.63028 5.92 4617
264.36334 -50.06000 5.93 4652
