25.35792 5.48750 4.44 842
17.09250 5.64972 5.52 2937
12.09583 5.28056 5.75 3814
16.21917 5.65639 6.00 5077
22.54625 6.14389 4.84 1337
8.09917 6.95556 5.67 3467
11.84833 6.74083 5.99 5019
15.73583 7.89000 4.28 688
12.17083 7.58500 4.43 827
18.43292 7.57528 5.24 2150
12.07250 7.30000 5.93 4704
5.14958 8.19028 5.37 2481
11.75625 11.97389 5.50 2853
24.27458 12.14167 5.57 3125
16.27250 14.94611 5.68 3517
22.87083 15.34583 3.62 335
11.63750 15.47556 5.38 2512
9.19708 15.23167 5.89 4468
12.24458 16.94056 5.07 1758
24.92000 16.40583 5.97 4909
18.53167 16.13361 5.98 4932
7.01208 17.89306 5.06 1732
23.97833 17.43361 5.80 4081
23.70458 18.46056 5.89 4462
21.56375 19.17222 5.38 2514
21.67375 19.24028 5.50 2871
17.45500 19.65861 5.55 3021
13.64667 19.18833 5.74 3785
25.62417 20.26861 5.24 2147
8.14792 20.29444 5.38 2509
16.98833 20.73917 5.55 3038
20.85375 20.46889 5.97 4881
17.86333 21.03472 4.66 1083
16.42042 21.47333 5.34 2404
9.98167 21.43833 5.36 2452
16.42375 21.46528 5.56 3083
9.84083 21.25056 5.87 4379
14.30167 23.41750 4.42 823
13.74167 23.62833 5.47 2769
11.83458 24.26722 4.06 554
18.43708 24.58361 4.65 1055
