331.75293 25.34500 3.76 385
326.16125 25.64500 4.13 598
346.77832 25.46833 4.76 1205
328.26584 25.92500 5.08 1778
331.29749 26.67389 5.78 3981
337.29251 26.76306 5.79 4004
345.94376 28.08278 2.42 85
326.03583 28.74278 4.73 1165
335.33041 28.33056 4.81 1271
328.12457 28.79333 5.53 2973
331.39459 28.96389 5.70 3612
333.41083 28.60833 5.89 4475
340.43918 29.30750 4.79 1252
340.75043 30.22139 2.94 161
327.46124 30.17417 5.04 1695
336.94250 31.84028 5.98 4974
337.50751 32.57250 5.65 3411
332.49667 33.17833 4.29 707
332.30667 33.17222 5.58 3149
333.19916 34.60472 5.33 2379
343.93542 36.35167 5.74 3773
333.99249 37.74889 4.13 597
342.04541 37.41667 5.90 4501
343.76083 37.07694 5.91 4576
323.69418 38.53417 4.90 1436
325.85709 38.28389 5.65 3424
333.46957 39.71500 4.49 890
339.81543 39.05028 4.88 1407
338.96793 39.63417 5.73 3734
338.10999 39.77972 5.88 4442
341.02167 39.46556 5.95 4796
324.23749 40.41361 5.01 1649
340.36917 40.22556 5.25 2179
343.52917 40.37694 5.81 4123
341.02292 41.81917 5.08 1779
325.77667 41.15500 5.49 2832
344.09833 41.60389 5.59 3185
325.59543 41.07722 5.69 3545
342.59082 41.95361 5.92 4647
340.40042 41.54944 5.94 4757
345.48041 42.32611 3.62 332
345.65125 42.75778 5.10 1819
333.68500 42.95389 5.71 3619
337.62207 43.12333 4.51 915
343.00833 43.31250 4.94 1509
325.04626 43.27389 5.11 1836
347.61334 43.54417 5.94 4766
340.12875 44.27639 4.46 856
330.73624 44.65000 5.60 3229
341.54251 44.54611 5.76 3860
343.41708 44.74917 5.81 4106
