317.34293 -73.17306 5.68 3513
273.14374 -73.67167 5.85 4287
278.23041 -73.96556 5.89 4446
300.14792 -72.91056 3.96 500
297.35541 -72.50333 5.41 2584
280.75876 -71.42806 4.01 524
260.52457 -70.12333 5.41 2592
299.67209 -69.16389 5.75 3844
287.46957 -68.42472 5.33 2395
312.32541 -68.77639 5.41 2593
285.87375 -68.75528 5.88 4440
292.79541 -68.43389 5.96 4837
284.23749 -67.23361 4.44 841
260.49750 -67.77056 4.78 1227
258.32291 -67.19667 5.89 4472
302.18167 -66.18194 3.56 311
310.48792 -66.76083 5.15 1939
300.46832 -66.94417 5.31 2343
289.29999 -66.66139 5.53 2957
300.09583 -66.94944 5.76 3889
282.15750 -65.07778 5.73 3737
266.43332 -64.72389 3.62 337
281.36209 -64.87139 4.79 1247
280.90500 -64.55111 5.78 3984
272.14499 -63.66833 4.35 755
273.92041 -63.05556 5.60 3243
283.05417 -62.18750 4.22 639
277.84332 -62.27833 4.64 1045
272.60876 -62.00222 5.49 2828
275.80667 -61.49389 4.36 769
284.65167 -60.20056 5.14 1907
267.89792 -60.16444 5.78 3966
300.43625 -59.37611 5.13 1893
297.68668 -59.19306 5.42 2619
299.27582 -58.90139 5.26 2203
277.48624 -57.52306 5.76 3883
274.28125 -56.02333 5.33 2378
297.00500 -56.36250 5.35 2431
