317.19250 -88.95639 5.47 2756
283.69543 -87.60583 5.28 2257
352.01541 -87.48222 5.49 2841
337.90582 -85.96722 5.77 3911
134.17125 -85.66306 5.42 2631
193.74417 -85.12333 5.46 2747
205.23125 -85.78611 5.58 3131
24.36667 -84.76972 5.69 3538
3.33083 -84.99417 5.77 3918
2.50875 -82.22389 5.28 2251
150.18208 -82.21472 5.52 2928
74.71208 -82.47056 5.85 4285
24.48167 -82.97500 5.87 4342
65.24125 -81.58000 5.79 4046
143.47166 -80.94139 5.11 1852
141.03792 -80.78694 5.36 2458
100.01125 -80.81361 5.64 3358
84.29083 -80.46917 5.65 3409
126.08250 -80.91417 5.69 3532
64.49625 -80.21389 5.69 3570
37.91875 -79.10944 5.28 2248
104.14333 -79.42028 5.45 2713
87.56958 -79.36139 5.47 2785
111.40833 -79.09417 5.53 2979
131.48000 -79.50444 5.79 4012
130.33125 -78.96333 5.47 2771
46.88333 -78.98944 5.57 3120
52.49500 -78.35194 5.70 3577
125.16042 -77.48444 4.35 750
48.99000 -77.38833 5.52 2939
124.63167 -76.91972 4.07 560
82.97042 -76.34111 5.19 2033
