356.16959 -78.79139 5.75 3812
325.36874 -77.39000 3.76 388
316.17917 -77.02389 5.15 1954
334.46042 -77.51167 5.51 2892
353.33124 -77.38528 5.81 4139
0.39875 -77.06583 4.78 1235
330.76584 -76.11861 5.95 4803
354.60043 -76.87000 6.00 5028
310.51208 -76.18056 6.00 5079
275.90042 -75.04417 5.47 2763
317.34293 -73.17306 5.68 3513
278.23041 -73.96556 5.89 4446
300.14792 -72.91056 3.96 500
336.15332 -72.25556 5.29 2293
297.35541 -72.50333 5.41 2584
318.33542 -70.12639 5.02 1666
336.29376 -70.43167 5.78 3986
322.18707 -69.50528 5.34 2416
327.69626 -69.62944 5.53 2980
299.67209 -69.16389 5.75 3844
287.46957 -68.42472 5.33 2395
312.32541 -68.77639 5.41 2593
292.79541 -68.43389 5.96 4837
337.15707 -67.48917 5.55 3045
311.23959 -66.20306 3.42 267
302.18167 -66.18194 3.56 311
310.48792 -66.76083 5.15 1939
300.46832 -66.94417 5.31 2343
289.29999 -66.66139 5.53 2957
300.09583 -66.94944 5.76 3889
321.61084 -65.36611 4.22 640
336.83334 -64.96639 4.48 881
327.50043 -64.71250 5.62 3307
317.13708 -63.92889 5.76 3854
309.39709 -61.53000 4.88 1400
328.79791 -61.88639 5.90 4528
334.62543 -60.25972 2.86 145
308.89499 -60.58167 4.76 1196
310.01083 -60.54889 5.12 1864
