281.36209 -64.87139 4.79 1247
327.50043 -64.71250 5.62 3307
317.13708 -63.92889 5.76 3854
283.05417 -62.18750 4.22 639
309.39709 -61.53000 4.88 1400
308.89499 -60.58167 4.76 1196
310.01083 -60.54889 5.12 1864
284.65167 -60.20056 5.14 1907
300.43625 -59.37611 5.13 1893
297.68668 -59.19306 5.42 2619
313.70251 -58.45417 3.65 343
299.27582 -58.90139 5.26 2203
306.41208 -56.73500 1.94 44
297.00500 -56.36250 5.35 2431
290.71292 -54.42361 5.05 1731
316.30917 -54.72722 5.16 1956
291.95041 -54.32528 5.69 3553
298.15668 -54.97111 5.74 3751
319.96667 -53.44972 4.39 797
293.22418 -53.18583 5.75 3821
318.94125 -53.26306 5.75 3842
301.84668 -52.88083 4.94 1497
303.57916 -52.44556 5.65 3392
311.00958 -51.92111 4.51 908
312.87543 -51.60833 5.05 1718
315.08957 -51.26528 5.76 3877
293.80417 -48.09917 4.90 1434
309.39166 -47.29139 3.11 192
297.55750 -47.55722 5.94 4733
312.37082 -46.22694 4.89 1415
293.34000 -45.27194 5.61 3257
300.20126 -45.11306 5.81 4116
