156.09875 -74.03167 4.00 516
201.27959 -74.88778 5.05 1723
139.35583 -74.89444 5.29 2294
139.36417 -74.73472 5.86 4329
157.75833 -73.22167 4.93 1472
142.90125 -73.08083 5.47 2782
188.04167 -73.00167 5.88 4433
188.11667 -72.13306 3.87 454
171.04625 -72.25667 5.59 3205
194.13126 -72.18528 5.93 4659
195.56750 -71.54889 3.62 334
157.58376 -71.99306 4.74 1172
192.43707 -71.98639 5.55 3023
153.43417 -70.03806 3.32 239
177.48582 -70.22583 4.97 1561
166.70792 -70.87806 5.57 3114
201.45876 -70.62750 5.67 3472
163.42500 -70.72028 5.99 4984
189.29584 -69.13556 2.69 114
180.65707 -69.19222 5.89 4452
197.96500 -69.94194 5.91 4564
191.57042 -68.10806 3.05 187
181.16125 -68.32917 5.35 2443
185.54958 -68.30750 5.74 3789
152.37708 -68.68333 5.81 4129
184.39207 -67.96083 4.11 586
198.81207 -67.89444 4.80 1265
185.53043 -67.52194 5.15 1936
174.45168 -67.62028 5.96 4873
176.40167 -66.72861 3.64 341
177.05959 -66.81472 4.72 1154
199.30417 -66.78361 4.87 1391
155.74208 -66.90167 4.99 1589
153.37750 -66.37306 5.16 1970
198.20375 -66.22694 5.90 4497
173.08292 -66.96222 5.90 4536
177.96333 -65.20611 4.90 1437
174.87250 -65.39778 5.17 1988
152.17751 -65.81528 5.28 2256
197.02917 -65.30639 5.51 2891
160.04707 -65.10056 5.52 2947
160.73917 -64.39444 2.76 125
184.60875 -64.00306 4.04 542
181.72041 -64.61361 4.15 611
160.55833 -64.46639 4.82 1304
161.71333 -64.38333 4.85 1358
170.84084 -64.95500 5.11 1846
168.18832 -64.16972 5.23 2110
161.62375 -64.26333 5.23 2123
157.21918 -64.17222 5.29 2291
161.56876 -64.51500 5.34 2401
179.69875 -64.33917 5.61 3256
154.77000 -64.67639 5.67 3496
160.96333 -64.24889 5.77 3895
169.81876 -64.58250 5.99 5004
186.64958 -63.09917 1.33 20
186.65208 -63.09944 1.73 30
173.94501 -63.01972 3.13 198
177.42125 -63.78833 4.32 728
180.75626 -63.31278 4.33 732
181.08000 -63.16556 4.72 1149
161.02875 -63.96111 4.82 1299
186.62875 -63.12250 4.86 1369
171.42999 -63.97278 5.17 1985
190.70958 -63.05861 5.31 2321
178.74918 -63.27889 5.91 4586
187.98250 -63.50611 5.95 4798
186.85249 -63.78917 6.00 5060
166.63499 -62.42417 4.61 1017
175.22333 -62.09000 4.94 1502
175.88000 -62.48944 5.03 1686
179.41708 -62.44889 5.57 3096
177.61333 -62.64944 5.70 3591
183.09167 -62.95083 5.92 4608
158.00583 -61.68528 3.32 238
154.27083 -61.33222 3.40 260
176.62833 -61.17833 4.11 588
167.14166 -61.94722 5.13 1903
174.25250 -61.28333 5.15 1940
174.53043 -61.82639 5.15 1947
171.64708 -61.11528 5.30 2300
174.09293 -61.05222 5.83 4195
163.62334 -61.82667 5.93 4703
185.34000 -60.40111 3.59 320
160.88374 -60.56667 4.57 969
168.14999 -60.31750 4.60 1000
191.40791 -60.98111 4.69 1113
192.82417 -60.32972 5.72 3699
193.34084 -60.32861 5.76 3886
193.45457 -60.37694 5.90 4522
163.82167 -60.51694 5.92 4605
181.23792 -60.96917 5.96 4857
191.92999 -59.68861 1.25 19
193.66333 -59.14667 4.62 1022
159.68793 -59.18306 4.66 1074
190.48582 -59.68583 4.93 1477
159.08458 -59.56472 5.08 1780
172.94208 -59.44222 5.13 1892
172.95332 -59.51583 5.15 1950
160.66917 -59.21583 5.38 2501
187.91792 -59.42389 5.48 2809
168.37833 -59.61944 5.74 3780
162.35042 -59.32361 5.91 4565
162.02251 -59.91917 6.00 5036
183.78625 -58.74889 2.80 133
163.37334 -58.85333 3.78 398
156.96957 -58.73944 3.82 415
167.14751 -58.97500 3.91 472
159.36166 -58.73333 5.45 2703
186.86958 -58.99194 5.50 2855
159.74750 -58.81694 5.92 4604
156.24750 -58.57639 5.95 4781
158.19833 -58.66694 6.00 5073
187.79124 -57.11333 1.63 25
193.64833 -57.17778 4.03 539
158.89708 -57.55778 4.45 849
156.85167 -57.63889 4.66 1070
193.65334 -57.16833 5.17 1976
163.12875 -57.24056 5.25 2186
185.70541 -57.67611 5.39 2546
176.82957 -57.69639 5.41 2597
159.51042 -57.25639 5.91 4555
191.59457 -56.48889 4.65 1057
161.73958 -56.75722 5.23 2108
193.98750 -56.83611 5.32 2351
179.56332 -56.31722 5.44 2672
178.04208 -56.98778 5.57 3103
170.78375 -56.77944 5.79 4009
187.47458 -56.52472 5.80 4062
185.48958 -56.37472 5.92 4643
190.78792 -56.17611 6.00 5038
159.82668 -55.60333 4.28 691
184.74875 -55.14306 5.00 1618
