89.65667 -44.03444 5.81 4143
99.44042 -43.19611 3.17 205
89.78667 -42.81528 3.96 498
91.97042 -42.15389 5.50 2883
92.54292 -40.35361 5.58 3133
84.68167 -40.70750 5.82 4160
81.77208 -40.94361 5.87 4348
88.71875 -39.95806 5.57 3110
80.85000 -39.67861 5.71 3636
94.14833 -39.26444 6.00 5065
83.21375 -38.51306 5.48 2801
88.87458 -37.12083 4.97 1555
91.88167 -37.25306 5.02 1655
98.08875 -37.69667 5.24 2142
101.83917 -37.92972 5.26 2211
94.25500 -37.73750 5.53 2974
82.06375 -37.23056 5.57 3117
88.13833 -37.63111 5.63 3324
94.28958 -37.25306 5.87 4370
98.45625 -36.23222 5.42 2624
98.85042 -36.78000 5.59 3178
96.00417 -36.70778 5.62 3298
99.30750 -36.99056 5.71 3650
102.92625 -36.23028 5.96 4864
87.74000 -35.76833 3.12 196
82.80292 -35.47056 3.87 449
89.38417 -35.28333 4.36 776
94.13792 -35.14056 4.37 783
78.62000 -35.97722 5.76 3859
83.28083 -35.13972 5.78 3958
91.36292 -35.51361 5.80 4071
97.80417 -35.25917 5.84 4234
84.91208 -34.07417 2.64 107
79.37125 -34.89528 4.83 1318
102.71833 -34.36722 4.99 1581
85.56292 -34.66778 5.29 2285
95.15125 -34.14389 5.53 2975
94.92083 -34.39667 5.78 3962
91.76542 -34.31194 5.83 4202
95.52833 -33.43639 3.85 436
88.27875 -33.80139 4.87 1389
90.31833 -33.91167 5.55 3057
83.81417 -33.08000 5.78 3968
97.04208 -32.58000 4.48 876
86.49958 -32.30639 5.17 1981
99.44833 -32.33972 5.27 2241
84.95750 -32.62917 5.45 2692
98.64708 -32.71639 5.62 3304
91.08458 -32.17250 5.65 3389
98.16250 -32.03056 5.69 3535
97.16333 -32.37111 5.74 3778
101.11833 -31.07056 5.20 2061
89.08708 -31.38250 5.50 2873
101.34500 -31.79361 5.92 4637
95.07833 -30.06333 3.02 180
99.92792 -30.47028 5.71 3651
101.38042 -30.94889 5.80 4100
91.52292 -29.75861 5.81 4146
84.43583 -28.68944 5.31 2329
92.64417 -27.15417 5.72 3675
97.69292 -27.76944 5.93 4663
79.84875 -27.36889 5.99 4987
90.81458 -26.28444 5.04 1698
78.85125 -26.94333 5.07 1767
95.98292 -25.57778 5.63 3342
