318.62042 10.00694 4.49 883
317.58542 10.13167 4.69 1115
309.78250 10.08611 5.05 1720
314.60791 10.83917 5.48 2819
308.30334 11.30333 4.03 538
299.05957 11.42389 5.28 2266
309.45459 11.37778 5.43 2640
319.71667 11.20333 5.96 4842
313.91083 12.56861 5.58 3135
312.40750 12.54528 5.98 4971
313.90292 13.72139 5.17 1983
308.48749 13.02722 5.38 2505
309.68292 13.31500 5.72 3704
305.00082 13.54806 5.95 4773
309.38751 14.59528 3.63 338
308.82709 14.67417 4.68 1096
310.31750 14.58306 5.99 5000
309.90958 15.91194 3.77 393
310.86459 15.07444 4.43 835
303.56918 15.19750 4.95 1525
309.77084 15.83806 5.97 4888
311.66458 16.12417 4.27 683
311.66125 16.12444 5.14 1928
299.00543 16.63472 5.36 2449
299.43918 16.78917 5.53 2970
300.87500 16.03139 5.67 3493
300.01376 17.51667 5.37 2483
301.02582 17.07000 5.80 4079
305.08917 17.79306 5.80 4084
300.81833 18.50056 5.96 4827
299.68918 19.49222 3.47 276
320.52167 19.80444 4.08 568
301.28958 19.99111 5.10 1815
315.11542 19.32944 5.65 3386
309.63043 21.20111 4.82 1311
306.41876 21.40972 5.66 3444
314.56833 22.32583 5.31 2326
301.72250 23.61444 5.07 1765
303.87582 23.50861 5.15 1941
320.26834 23.85583 5.57 3100
299.79376 23.10139 5.67 3478
309.64624 23.68056 5.91 4580
298.36542 24.07972 4.58 981
309.63293 24.11611 5.04 1708
300.50583 24.93806 5.22 2104
304.19626 24.67111 5.32 2349
298.62958 24.31944 5.52 2943
305.51416 24.44611 5.54 3007
298.00668 24.99222 5.57 3098
320.99500 24.27417 5.71 3667
300.43625 24.80028 5.88 4441
303.81625 25.59194 4.78 1234
311.21875 25.27056 4.91 1444
302.95001 26.80889 5.49 2838
302.63959 26.90417 5.52 2924
309.26959 26.46194 5.59 3189
321.14166 26.17444 5.68 3515
303.00293 26.47889 5.92 4625
303.94208 27.81417 4.52 920
313.03207 27.09694 4.59 986
300.27542 27.75361 4.64 1051
321.91708 27.60861 5.41 2598
313.64001 28.05750 5.01 1644
303.56042 28.69472 5.18 2016
312.86749 28.25056 5.77 3914
300.90582 29.89667 5.71 3670
