243.31416 5.02111 5.48 2799
236.34792 5.44694 5.58 3169
236.06708 6.42556 2.65 108
242.29668 6.37889 5.97 4907
236.61082 7.35306 4.43 833
242.11667 8.53417 5.73 3742
241.90625 9.89167 5.63 3345
233.70042 10.53750 3.80 405
233.70042 10.53917 3.80 407
234.12334 10.01000 5.26 2214
235.44749 12.84750 5.33 2380
237.05542 13.78861 6.00 5035
239.31084 14.41444 5.54 3008
236.82208 14.11528 5.71 3629
224.05499 14.44639 5.77 3934
236.54707 15.42194 3.67 350
239.11333 15.66167 3.85 439
231.44749 15.42806 5.17 2000
237.67375 15.13361 5.20 2067
224.29875 16.38833 5.71 3652
234.12209 16.11889 5.93 4688
242.01875 17.04694 5.00 1607
240.30959 17.81833 5.12 1865
237.18500 18.14167 4.09 573
243.86958 18.80833 5.69 3566
235.47792 18.46389 5.81 4120
228.01791 18.97583 5.89 4481
245.48000 19.15306 3.75 379
235.38792 19.67028 4.52 924
237.81625 20.97778 4.76 1206
238.64417 20.31083 5.44 2664
229.60208 20.57278 5.70 3609
240.57375 22.80444 4.83 1327
242.90833 23.49472 5.70 3597
226.82542 24.86917 4.93 1476
