24.36667 -84.76972 5.69 3538
3.33083 -84.99417 5.77 3918
150.18208 -82.21472 5.52 2928
74.71208 -82.47056 5.85 4285
65.24125 -81.58000 5.79 4046
161.44501 -80.54028 4.45 851
143.47166 -80.94139 5.11 1852
141.03792 -80.78694 5.36 2458
161.31541 -80.46972 5.47 2787
100.01125 -80.81361 5.64 3358
84.29083 -80.46917 5.65 3409
126.08250 -80.91417 5.69 3532
64.49625 -80.21389 5.69 3570
104.14333 -79.42028 5.45 2713
87.56958 -79.36139 5.47 2785
111.40833 -79.09417 5.53 2979
131.48000 -79.50444 5.79 4012
160.46375 -79.78333 5.97 4911
158.86708 -78.60778 4.11 583
130.33125 -78.96333 5.47 2771
125.16042 -77.48444 4.35 750
124.63167 -76.91972 4.07 560
82.97042 -76.34111 5.19 2033
146.58583 -76.77611 5.45 2705
92.56000 -74.75306 5.09 1795
139.35583 -74.89444 5.29 2294
73.79667 -74.93694 5.47 2754
139.36417 -74.73472 5.86 4329
125.51833 -73.40000 5.29 2274
142.90125 -73.08083 5.47 2782
83.68625 -73.74139 5.78 3970
115.45500 -72.60611 3.95 492
136.28667 -72.60278 4.48 880
124.95417 -71.51500 5.37 2475
141.77667 -71.60222 5.47 2765
125.00292 -71.50528 5.65 3419
107.18708 -70.49889 3.78 399
136.40958 -70.53889 4.71 1132
129.77167 -70.38694 5.20 2058
102.86250 -70.96333 5.40 2571
126.82042 -70.09333 5.53 2960
107.17583 -70.49722 5.69 3550
138.30000 -69.71722 1.68 28
96.36917 -69.69028 5.38 2524
95.65917 -69.98417 5.56 3067
121.98250 -68.61722 4.35 757
92.18417 -68.84333 5.06 1748
135.28542 -68.68389 5.88 4409
109.20750 -67.95722 3.98 510
104.96042 -67.91611 5.17 1994
126.43417 -66.13694 3.77 392
135.61166 -66.39611 4.00 515
87.47333 -66.90111 5.11 1833
132.64500 -66.79306 5.35 2432
91.53917 -66.03972 5.71 3622
117.42083 -66.19583 5.79 4034
86.19333 -65.73556 4.35 753
92.81250 -65.58944 5.01 1633
124.57875 -65.61333 5.07 1750
