359.43958 25.14139 4.66 1078
346.77832 25.46833 4.76 1205
351.91833 25.16722 5.98 4945
0.54250 27.08194 5.75 3845
345.94376 28.08278 2.42 85
357.41418 28.84250 5.97 4902
340.43918 29.30750 4.79 1252
355.99792 29.36167 4.93 1482
340.75043 30.22139 2.94 161
350.20667 30.41500 5.59 3201
353.48834 31.32528 4.98 1566
350.47876 31.81250 5.32 2352
351.21167 32.38500 5.57 3108
353.65918 33.49722 5.63 3323
343.93542 36.35167 5.74 3773
357.42084 36.42528 5.90 4520
342.04541 37.41667 5.90 4501
343.76083 37.07694 5.91 4576
350.22208 38.18222 5.77 3890
339.81543 39.05028 4.88 1407
352.82251 39.23639 5.22 2101
338.96793 39.63417 5.73 3734
338.10999 39.77972 5.88 4442
341.02167 39.46556 5.95 4796
340.36917 40.22556 5.25 2179
353.65625 40.23639 5.59 3200
343.52917 40.37694 5.81 4123
341.02292 41.81917 5.08 1779
344.09833 41.60389 5.59 3185
342.59082 41.95361 5.92 4647
340.40042 41.54944 5.94 4757
3.37833 41.03528 5.72 3681
345.48041 42.32611 3.62 332
345.65125 42.75778 5.10 1819
351.78082 42.91194 5.75 3807
349.96832 42.07806 5.79 4044
359.26501 42.65833 5.97 4876
354.53418 43.26806 4.29 713
337.62207 43.12333 4.51 915
343.00833 43.31250 4.94 1509
347.61334 43.54417 5.94 4766
355.10208 44.33389 4.14 602
340.12875 44.27639 4.46 856
341.54251 44.54611 5.76 3860
354.38333 44.42917 5.80 4086
343.41708 44.74917 5.81 4106
