216.04707 5.82000 5.10 1831
220.41167 8.16167 4.86 1371
215.84457 8.44667 5.12 1862
216.00375 8.24361 5.95 4789
233.70042 10.53750 3.80 405
233.70042 10.53917 3.80 407
234.12334 10.01000 5.26 2214
220.43124 11.66056 5.56 3085
235.44749 12.84750 5.33 2380
220.28708 13.72833 4.43 831
220.28708 13.72833 4.83 1326
214.81792 13.00417 5.41 2595
220.17667 13.53417 5.91 4566
224.05499 14.44639 5.77 3934
231.44749 15.42806 5.17 2000
221.52499 15.13194 5.63 3314
214.36833 15.26333 5.80 4061
221.31042 16.96444 4.60 1005
214.93832 16.30694 4.86 1366
220.18167 16.41833 4.94 1498
224.29875 16.38833 5.71 3652
220.18292 16.41778 5.88 4435
234.12209 16.11889 5.93 4688
235.47792 18.46389 5.81 4120
228.01791 18.97583 5.89 4481
219.55833 18.29833 5.91 4553
214.01750 18.91194 5.98 4937
235.38792 19.67028 4.52 924
222.84708 19.10111 4.55 960
216.61417 19.22694 5.39 2553
229.60208 20.57278 5.70 3609
218.13542 22.26000 5.92 4628
222.56583 23.91194 5.85 4289
226.82542 24.86917 4.93 1476
