25.91500 50.68861 4.07 565
36.40583 50.27861 4.71 1140
10.51625 50.51250 4.80 1266
12.20875 50.96833 4.89 1422
36.10375 50.00667 5.19 2031
35.24250 50.15139 5.59 3180
28.03917 50.79278 5.79 4038
33.40125 51.06583 5.31 2341
27.73792 51.93333 5.90 4515
16.01000 52.50222 5.99 5016
9.24292 53.89694 3.66 346
40.74875 53.52611 5.84 4244
7.94333 54.52222 4.73 1161
30.57542 54.48750 5.04 1704
9.03458 54.16861 5.08 1772
17.06833 54.92028 5.17 1987
8.29333 54.89500 5.93 4678
42.67417 55.89556 3.76 389
17.77583 55.14972 4.33 738
35.58917 55.84556 5.17 1978
11.32167 55.22167 5.42 2625
27.99708 55.14750 5.52 2954
40.76167 55.10583 5.77 3941
10.12708 56.53722 2.23 67
12.27500 57.81583 3.44 272
24.53167 57.97750 5.56 3078
34.49958 57.89972 5.75 3797
34.51875 57.51667 5.98 4975
13.75042 58.97278 4.83 1325
20.02042 58.23167 4.98 1576
32.16875 58.42361 5.67 3474
23.35750 58.32750 5.70 3596
17.13875 58.26361 5.79 4037
14.16583 59.18111 4.63 1033
23.48292 59.23194 4.71 1144
7.58292 59.97722 5.94 4728
14.17708 60.71667 2.47 91
21.45417 60.23528 2.68 110
14.19625 60.36278 5.55 3053
25.83208 60.55111 5.78 3990
9.11375 60.32611 5.79 4043
13.26708 61.12417 4.82 1286
6.19792 61.83111 5.40 2563
43.98708 61.52111 5.59 3215
4.23792 61.53333 5.74 3754
16.08167 61.58028 5.84 4233
15.90417 61.07500 5.92 4611
8.25000 62.93167 4.16 613
28.59875 63.67000 3.38 256
26.93667 63.85222 5.63 3346
29.90833 64.62139 5.26 2208
12.68167 64.24750 5.39 2550
17.85667 64.20278 5.55 3031
30.75125 64.39000 5.58 3141
1.61042 64.19611 5.59 3194
46.82917 64.05778 5.89 4489
30.71958 64.90139 6.00 5034
49.99750 65.65222 4.84 1338
17.92250 65.01889 5.57 3106
39.40042 65.74556 5.78 3989
10.51417 66.14750 5.83 4184
0.65042 66.09889 5.86 4315
14.62958 66.35222 5.97 4927
37.26667 67.40250 4.52 921
1.17500 67.16667 5.67 3470
41.20708 67.82472 5.95 4776
21.48333 68.13000 4.74 1174
29.00000 68.68528 4.99 1590
17.66375 68.77861 5.29 2273
25.58542 68.04306 5.59 3184
42.99458 68.88861 5.80 4096
