92.57458 -54.96861 4.81 1273
102.46375 -53.62222 4.40 805
72.73000 -53.46139 5.61 3254
95.98792 -52.69583 -0.72 2
98.74417 -52.97556 4.39 799
87.72167 -52.10889 5.17 1995
88.70917 -52.63528 5.29 2287
101.47375 -52.41000 5.80 4092
95.90708 -52.18111 5.98 4934
86.82125 -51.06639 3.85 441
101.72000 -51.26583 5.40 2577
97.82625 -51.82611 5.60 3235
90.20500 -51.21639 5.67 3468
97.45458 -50.23917 5.27 2220
70.69333 -50.48139 5.31 2325
79.84208 -50.60611 5.45 2696
76.24167 -49.57778 5.03 1692
75.70250 -49.15139 5.38 2513
99.65667 -48.22028 4.93 1470
96.43167 -48.17722 5.76 3866
82.53958 -47.07778 5.46 2737
86.61417 -46.59722 5.31 2334
82.90042 -45.92528 5.86 4305
91.16750 -45.07889 5.93 4702
89.65667 -44.03444 5.81 4143
89.78667 -42.81528 3.96 498
91.97042 -42.15389 5.50 2883
92.54292 -40.35361 5.58 3133
84.68167 -40.70750 5.82 4160
81.77208 -40.94361 5.87 4348
88.71875 -39.95806 5.57 3110
80.85000 -39.67861 5.71 3636
94.14833 -39.26444 6.00 5065
83.21375 -38.51306 5.48 2801
88.87458 -37.12083 4.97 1555
91.88167 -37.25306 5.02 1655
94.25500 -37.73750 5.53 2974
82.06375 -37.23056 5.57 3117
88.13833 -37.63111 5.63 3324
94.28958 -37.25306 5.87 4370
96.00417 -36.70778 5.62 3298
87.74000 -35.76833 3.12 196
82.80292 -35.47056 3.87 449
89.38417 -35.28333 4.36 776
94.13792 -35.14056 4.37 783
76.10167 -35.48333 4.55 958
78.62000 -35.97722 5.76 3859
83.28083 -35.13972 5.78 3958
91.36292 -35.51361 5.80 4071
97.80417 -35.25917 5.84 4234
