64.31500 20.57861 4.94 1514
76.95167 20.41833 5.30 2319
65.59500 20.82139 5.91 4601
69.56583 20.68472 5.92 4624
65.88500 20.98222 5.99 5002
84.41125 21.14250 3.00 174
75.77375 21.59000 4.64 1047
81.90875 21.93694 4.88 1404
64.85875 21.14222 5.35 2442
64.90292 21.77361 5.38 2515
64.59667 21.57917 5.65 3427
67.00333 21.62000 5.72 3683
76.98125 21.70472 5.89 4479
66.34208 22.29389 4.22 643
66.57708 22.81361 4.28 689
70.56125 22.95694 4.28 697
79.81917 22.09639 4.94 1491
66.35417 22.19972 5.28 2255
66.82292 22.99639 5.53 2962
74.45292 23.94861 5.79 4036
83.86292 24.03944 5.38 2521
77.02750 24.26528 5.50 2872
84.93417 25.89694 5.18 2015
65.64542 25.62917 5.37 2479
82.31875 25.15056 5.47 2780
74.53917 25.05028 5.81 4125
84.28667 26.92417 5.83 4198
65.08875 27.35083 4.95 1523
73.19625 27.89750 5.97 4925
81.57292 28.60750 1.65 27
70.33250 28.61500 5.78 3954
68.65833 28.96111 5.88 4419
80.30292 29.57000 5.76 3856
84.82667 29.21528 5.96 4846
84.65875 30.49250 5.40 2579
81.78458 30.20861 5.74 3772
66.52625 31.43889 5.28 2267
72.30333 31.43722 5.58 3168
81.16042 31.14306 5.94 4736
83.18208 32.19194 4.76 1209
78.85167 32.68778 5.02 1661
72.32917 32.58833 5.86 4319
74.24833 33.16611 2.69 115
79.54458 33.37167 4.54 943
80.00375 33.95806 5.03 1668
79.75000 33.74833 5.41 2604
62.74583 33.58667 5.72 3701
66.15583 33.95972 5.76 3875
65.10250 34.56667 4.93 1475
81.91208 34.47583 5.07 1757
66.12167 34.13056 5.73 3744
81.70375 34.39167 5.94 4742
79.07583 34.31194 5.96 4854
73.15833 36.70306 4.78 1230
87.76000 37.30556 4.74 1173
72.47750 37.48833 4.88 1405
74.81417 37.89028 4.94 1500
81.16333 37.38556 4.99 1600
78.35708 38.48444 4.86 1379
62.15250 38.03972 5.51 2911
70.45958 38.28028 5.99 5020
87.87250 39.14861 3.97 502
87.29375 39.18111 4.52 922
75.07625 39.39472 5.95 4801
