111.02375 -29.30306 2.45 89
111.99667 -29.15583 5.54 3000
91.52292 -29.75861 5.81 4146
104.65625 -28.97222 1.50 23
105.42958 -27.93472 3.47 280
109.14583 -27.88111 4.64 1049
110.87125 -27.83417 5.38 2517
107.58083 -27.49139 5.46 2739
108.71292 -27.03806 5.58 3146
92.64417 -27.15417 5.72 3675
97.69292 -27.76944 5.93 4663
107.09792 -26.39333 1.84 36
108.70292 -26.77278 3.85 435
108.56333 -26.35250 4.66 1072
90.81458 -26.28444 5.04 1698
109.71333 -26.58583 5.28 2243
104.64958 -25.41389 5.59 3212
95.98292 -25.57778 5.63 3342
105.27458 -25.21528 5.63 3344
107.42875 -25.23111 5.69 3528
111.35542 -25.21778 5.78 3965
110.26792 -25.89139 5.87 4373
108.05083 -25.94250 5.92 4627
103.53292 -24.18389 3.87 448
109.67667 -24.95417 4.40 804
109.66792 -24.55889 4.98 1573
104.39125 -24.63056 5.46 2724
105.75625 -23.83333 3.02 179
97.96375 -23.41833 4.33 737
109.15333 -23.31556 4.79 1237
91.63333 -23.11056 5.47 2764
106.84417 -23.84028 5.71 3648
98.76417 -22.96472 4.54 949
103.94500 -22.94139 5.30 2305
92.24125 -22.42750 5.50 2886
92.44958 -22.77417 5.71 3664
89.05958 -22.84028 5.96 4850
91.74000 -21.81278 5.78 3976
103.90583 -20.13639 4.68 1100
103.38708 -20.22417 4.83 1333
103.76125 -20.40472 5.74 3776
94.74583 -20.92611 5.81 4133
107.92333 -20.88306 5.84 4226
93.78500 -20.27222 5.91 4573
99.17083 -19.25583 3.95 487
110.55625 -19.01667 4.96 1545
91.92333 -19.16583 5.31 2324
94.55708 -19.96694 5.52 2933
103.32833 -19.03278 5.64 3357
99.47250 -18.23750 4.43 828
99.09500 -18.66000 5.70 3575
93.82292 -18.47667 5.99 5014
95.67500 -17.95583 1.98 48
104.03417 -17.05417 4.37 777
97.15542 -17.46611 5.77 3915
102.59125 -17.08389 5.79 4007
101.28708 -16.71611 -1.46 1
91.24625 -16.48444 4.93 1474
94.42375 -16.81583 5.14 1904
109.86708 -16.39500 5.70 3607
94.03208 -16.61778 5.92 4612
105.93958 -15.63333 4.12 591
102.24083 -15.14472 5.39 2560
109.06042 -15.58583 5.46 2726
89.10125 -14.16778 3.71 366
91.53875 -14.93528 4.67 1092
99.81958 -14.14583 4.82 1309
104.02750 -14.04361 5.00 1629
101.71292 -14.42583 5.29 2276
101.49708 -14.79611 5.32 2360
110.24250 -14.36000 5.45 2689
92.39292 -14.58417 5.56 3063
93.93708 -13.71833 5.01 1641
99.19458 -13.32083 5.97 4887
103.54750 -12.03861 4.07 558
97.84583 -12.39167 5.15 1953
96.04292 -11.53028 5.22 2105
106.66958 -11.29417 5.39 2534
95.35292 -11.77333 5.64 3375
108.28000 -11.25139 5.78 3979
90.46000 -10.59806 4.95 1520
101.66250 -10.10722 5.66 3449
91.36250 -10.24278 5.87 4344
97.54708 -10.08139 5.93 4649
108.92958 -10.58389 5.95 4778
