359.43958 25.14139 4.66 1078
17.58083 25.45778 5.80 4072
19.86667 27.26417 4.76 1204
0.54250 27.08194 5.75 3845
20.28083 28.73806 5.23 2131
14.45917 28.99222 5.42 2617
2.09708 29.09056 2.06 55
9.63875 29.31167 4.37 778
7.53042 29.75167 5.23 2129
9.83208 30.86083 3.27 230
17.91500 30.08972 4.51 914
5.10167 30.93583 5.90 4499
17.77833 31.42472 5.16 1965
15.70458 31.80444 5.50 2884
4.65958 31.51722 5.87 4384
5.18958 32.91139 5.79 4032
9.22042 33.71944 4.36 772
7.85667 33.58167 5.87 4380
14.55917 33.95083 5.98 4965
17.43292 35.62056 2.06 56
9.33792 35.39944 5.48 2806
357.42084 36.42528 5.90 4520
4.58208 36.78528 4.52 927
5.28042 37.96861 5.18 2013
20.91917 37.71500 5.58 3132
17.79292 37.72417 5.81 4140
14.18833 38.49944 3.87 451
4.27292 38.68167 4.61 1016
10.28000 39.45861 5.33 2392
12.45333 41.07889 4.53 938
3.37833 41.03528 5.72 3681
15.72625 41.34500 5.98 4958
359.26501 42.65833 5.97 4876
17.57833 42.08139 5.65 3428
17.00375 43.94194 5.03 1691
21.57750 43.45778 5.96 4848
355.10208 44.33389 4.14 602
24.83750 44.38611 4.98 1572
9.19417 44.48861 5.13 1897
7.05708 44.39444 5.17 1984
