174.17043 -9.80222 4.70 1129
162.43124 -9.85278 5.86 4331
154.40750 -8.06889 5.24 2145
162.57542 -8.89778 5.79 4042
156.43459 -7.05972 5.57 3101
173.19792 -7.82750 5.95 4810
155.86041 -4.07417 5.97 4916
169.16542 -3.65167 4.47 871
172.57875 -3.00361 4.77 1214
162.77251 -3.09250 5.95 4775
165.45708 -2.48472 4.74 1175
157.36958 -2.73917 5.21 2075
163.43208 -2.12917 5.45 2709
162.16917 -1.95889 5.93 4679
174.23708 -0.82389 4.30 714
157.57292 -0.63694 5.09 1796
168.44000 -0.06972 5.42 2630
165.90250 -0.00083 5.95 4807
163.92667 0.73694 5.91 4582
171.00958 1.40778 5.39 2544
166.72583 1.95556 5.52 2952
169.72917 1.65056 5.91 4585
171.98418 2.85611 4.95 1518
169.32249 2.01056 5.18 2006
165.14000 3.61750 4.84 1348
173.59167 3.06000 5.77 3920
160.83708 4.74778 5.79 4033
170.28416 6.02944 4.05 552
165.18668 6.10139 4.99 1602
158.70000 6.95361 5.08 1792
164.00626 6.18528 5.81 4141
166.25417 7.33611 4.63 1037
174.61501 8.13417 5.36 2462
156.31332 8.78472 5.61 3279
158.75917 8.65028 5.67 3466
168.50751 8.06056 5.79 4014
158.20293 9.30667 3.85 434
