283.62582 36.89889 4.30 716
274.96542 36.06444 4.33 733
291.53793 36.31778 5.15 1933
286.82541 36.10028 5.28 2262
272.00916 36.40139 5.48 2797
272.49582 36.46639 5.58 3166
283.43167 36.97167 5.58 3173
281.19333 37.60500 4.36 768
296.06918 37.35444 4.89 1413
281.20084 37.59444 5.73 3725
279.23459 38.78361 0.03 5
289.09207 38.13361 4.36 767
297.64166 38.72250 5.12 1871
296.86584 38.40750 5.77 3900
284.50793 38.26611 5.89 4448
288.43958 39.14611 4.39 794
281.08499 39.67000 5.06 1744
276.05750 39.50722 5.12 1877
281.09543 39.61306 5.14 1919
281.09543 39.61278 5.37 2473
297.65543 40.59972 5.69 3549
283.71750 41.60278 5.44 2665
295.93750 41.77306 5.84 4229
293.67166 42.41278 5.35 2448
294.86041 42.81833 5.40 2561
273.91168 42.15944 5.59 3211
283.83374 43.94611 4.04 545
271.87000 43.46167 5.00 1606
290.98541 43.38806 5.84 4255
294.15793 44.69500 5.17 1979
296.24374 45.13083 2.87 146
295.20917 45.52500 5.06 1746
299.83542 45.77222 5.92 4641
285.35999 46.93472 5.01 1642
289.21417 46.99917 6.00 5026
297.99625 47.02750 5.62 3291
298.03000 47.93194 5.91 4554
283.69626 48.85972 5.77 3921
275.38626 49.12167 5.05 1714
293.42334 49.26250 5.96 4824
294.11041 50.22111 4.48 875
283.30667 50.70833 4.92 1461
300.34000 50.10472 5.05 1725
285.05707 50.53361 5.38 2519
292.83041 50.30667 5.53 2984
295.45374 50.52528 5.96 4835
269.15167 51.48889 2.23 70
292.42624 51.72972 3.79 401
293.58249 51.23667 5.73 3732
298.90750 52.43889 4.92 1468
297.65707 52.98806 5.03 1676
278.48624 52.35361 5.36 2467
282.89584 52.97500 5.51 2918
291.85791 52.32056 5.75 3820
287.10751 52.42556 5.81 4112
281.67957 52.98806 5.88 4412
279.97000 52.19611 6.00 5044
289.27582 53.36861 3.77 394
286.23001 53.39667 5.38 2520
301.55750 53.16583 5.85 4297
294.67166 54.97389 5.82 4162
272.63168 54.28667 5.95 4790
