311.91916 -9.49583 3.77 391
314.22501 -9.69750 5.51 2910
308.09875 -9.85333 5.65 3425
299.94751 -9.95833 5.88 4425
313.16333 -8.98333 4.73 1166
298.65668 -8.22722 5.71 3647
298.53418 -8.57417 5.79 4020
294.22293 -7.02750 4.95 1524
311.93417 -5.02778 4.42 826
313.03625 -5.50694 5.55 3049
312.85709 -5.62639 5.99 4989
294.44708 -4.64750 5.46 2734
298.32791 -3.11444 5.65 3390
309.18167 -2.55000 4.89 1417
307.41251 -2.88556 4.91 1454
309.58459 -1.10528 4.32 726
294.18042 -1.28639 4.36 761
303.30792 -1.00944 5.47 2767
302.82626 -0.82139 3.23 218
295.18042 -0.62111 5.67 3484
301.09668 -0.70944 5.68 3498
302.00751 -0.67833 5.99 4986
309.85376 0.48639 5.16 1974
298.68668 0.27361 5.61 3270
298.11832 1.00556 3.90 469
314.76834 4.29361 5.23 2114
294.79834 5.39778 5.17 1982
305.79459 5.34306 5.31 2339
298.82834 6.40667 3.71 363
311.95126 6.00833 5.58 3162
301.03458 7.27806 5.52 2941
296.41626 7.61333 5.91 4602
315.01624 7.51639 5.99 5017
297.69583 8.86833 0.77 12
298.56207 8.46139 4.71 1134
300.24542 8.55806 5.91 4559
