158.30792 40.42556 4.75 1184
164.86667 40.43028 5.05 1724
144.59042 40.23972 5.25 2166
155.58208 41.49944 3.05 185
149.42125 41.05556 5.14 1917
155.54375 41.22944 5.76 3867
154.27417 42.91444 3.45 274
163.49458 43.19000 4.71 1142
167.41042 43.20750 5.89 4476
167.41583 44.49861 3.01 176
142.16667 45.60139 5.41 2599
165.06125 45.52611 5.47 2779
147.14751 46.02111 5.09 1805
160.88708 46.20389 5.18 2024
154.86166 48.39694 6.00 5055
148.92917 49.82000 5.27 2222
169.17458 49.47639 5.88 4429
143.21417 51.67722 3.17 206
143.70625 52.05139 4.50 899
159.77374 53.66833 5.52 2925
151.15125 53.89167 5.74 3755
148.02667 54.06444 4.59 998
139.04707 54.02194 4.83 1330
163.39375 54.58500 5.10 1825
155.13000 54.21694 6.00 5053
157.65668 55.98056 4.84 1349
171.48792 55.85056 5.75 3825
165.46042 56.38250 2.37 81
138.95792 56.74139 5.27 2225
140.43042 56.69917 5.47 2772
149.96542 56.81194 5.48 2814
162.79625 56.58222 5.67 3461
158.79042 57.08278 5.16 1957
146.63208 57.12806 5.20 2045
160.93042 57.19917 5.80 4057
149.30667 57.41833 5.93 4692
147.74750 59.03861 3.80 408
162.84875 59.32000 5.58 3137
