121.88583 -24.30417 2.81 135
117.32375 -24.85972 3.34 244
126.26542 -24.04611 5.28 2260
117.25708 -24.91222 5.33 2376
116.14167 -24.67389 5.62 3306
113.29042 -24.71083 5.85 4303
119.77375 -23.31056 5.11 1854
126.22958 -23.15361 5.68 3508
119.21458 -22.88000 4.20 628
129.78333 -22.66194 5.05 1727
116.80208 -22.51972 5.90 4530
117.92875 -21.17389 5.63 3329
121.82500 -20.55472 5.38 2523
125.33833 -20.07917 5.58 3144
122.25667 -19.24500 4.40 803
127.87875 -19.57750 5.42 2623
114.17083 -19.70222 5.74 3765
115.05667 -19.66083 5.93 4691
119.96667 -18.39917 4.61 1014
133.80167 -18.24139 5.75 3799
117.42167 -17.22833 5.18 2011
125.47750 -17.58639 5.75 3813
122.36875 -16.24889 5.68 3505
134.68292 -16.13278 5.86 4332
134.14207 -16.70944 5.96 4852
130.43042 -15.94333 4.88 1396
115.09667 -15.26361 4.94 1503
123.33333 -15.78833 4.99 1587
116.48708 -14.56389 5.04 1693
118.07875 -14.84639 5.69 3563
114.01625 -14.49278 5.70 3614
126.48167 -14.92972 5.98 4962
131.59375 -13.54778 4.32 723
117.94292 -13.89806 5.17 1991
122.66583 -13.79917 5.54 2991
122.81792 -12.92694 4.72 1151
130.00626 -12.47528 4.98 1578
116.98625 -12.19306 5.48 2810
126.67458 -12.53444 5.54 2997
124.59958 -12.63194 5.98 4970
115.31167 -9.55111 3.93 481
117.54417 -9.18333 5.61 3277
127.21208 -9.74833 6.00 5037
130.91833 -7.23361 4.62 1019
122.88750 -7.77250 5.36 2454
132.89375 -7.17722 5.54 3016
128.86749 -7.98222 5.72 3690
125.72500 -7.54333 5.96 4869
116.50917 -6.77250 5.49 2827
118.19958 -5.42806 5.76 3858
133.57458 -5.43444 6.00 5068
