157.37083 -29.66361 5.58 3150
173.06792 -29.26111 5.64 3349
173.06708 -29.26333 5.81 4137
154.53168 -28.99194 5.34 2399
167.18292 -28.08056 5.44 2679
159.30708 -27.41250 4.89 1421
166.33292 -27.29361 4.94 1492
166.49001 -27.28778 5.71 3628
172.41083 -24.46333 5.76 3881
158.50375 -23.74528 5.08 1788
167.91458 -22.82583 4.48 874
163.37292 -20.13889 5.24 2162
164.94376 -18.29889 4.08 570
170.84125 -18.78000 5.09 1794
171.22041 -17.68389 4.08 567
161.71667 -17.29667 5.42 2622
162.40625 -16.19361 3.11 193
156.52251 -16.83639 3.81 410
159.64583 -16.87667 4.91 1447
164.87875 -16.35389 5.89 4478
169.83542 -14.77861 3.56 307
165.04832 -14.08333 5.88 4416
159.38834 -13.38444 4.82 1310
174.66708 -13.20194 5.48 2790
157.74918 -13.58833 5.58 3148
163.57417 -13.75806 5.66 3442
159.13499 -12.23028 5.70 3593
171.78958 -12.35667 5.94 4761
154.82001 -12.52806 6.00 5052
165.81207 -11.30361 5.50 2877
171.15250 -10.85944 4.83 1329
