342.44250 55.90278 5.43 2650
328.00418 55.79694 5.71 3638
319.30957 55.79806 5.98 4976
345.02124 56.94528 5.00 1628
339.65793 56.79583 5.21 2069
332.95334 56.83944 5.24 2141
338.41916 56.62500 5.71 3666
328.72168 56.61139 5.80 4076
333.75833 57.04361 4.19 627
348.32083 57.16833 5.56 3065
324.73999 57.48917 5.62 3303
334.11041 57.22028 5.88 4424
332.71375 58.20111 3.35 247
337.29291 58.41528 3.75 383
325.87668 58.78000 4.08 571
352.50833 58.54889 4.91 1452
330.51917 58.00056 5.56 3086
319.81583 58.62361 5.66 3445
346.65375 59.41972 4.85 1362
332.87793 59.41444 5.04 1697
317.95084 59.98639 5.64 3383
347.43375 59.33306 5.70 3589
333.00793 60.75944 5.35 2427
326.85541 60.69278 5.52 2950
322.74707 60.45944 5.53 2978
350.63541 60.13361 5.56 3075
326.36209 61.12083 4.29 709
342.84500 61.69694 5.60 3249
319.64499 62.58556 2.44 87
324.48001 62.08194 4.73 1157
351.20959 62.28278 4.98 1565
331.28708 62.28000 5.11 1837
331.25208 62.78556 5.27 2221
357.20917 62.21444 5.43 2658
334.55292 62.80444 5.75 3801
329.72250 62.69833 5.93 4672
326.22208 62.46056 5.95 4768
329.16293 63.62556 4.91 1456
339.66251 63.58444 5.19 2036
330.97043 63.11972 5.29 2269
333.09293 63.29139 5.79 3999
330.94751 64.62778 4.29 701
319.84250 64.87194 5.18 2008
336.77209 65.13222 5.46 2732
328.87958 65.32083 5.86 4311
342.42001 66.20056 3.52 291
321.94208 66.80917 5.44 2682
310.79584 66.65750 5.58 3164
356.65292 66.78222 5.95 4816
0.65042 66.09889 5.86 4315
356.97833 67.80694 5.04 1703
345.88708 67.20917 5.24 2160
1.17500 67.16667 5.67 3470
349.65625 68.11167 4.75 1185
322.16501 70.56083 3.23 219
336.50333 70.77083 5.47 2775
332.66208 70.13278 5.50 2866
348.90750 70.88806 5.56 3079
351.81918 70.35972 5.60 3248
325.48041 71.31139 4.56 967
353.74582 71.64222 5.84 4249
316.59708 71.43194 5.87 4391
332.45166 72.34111 4.79 1239
325.76666 72.32028 5.17 1997
329.81250 73.18000 5.03 1682
338.94208 73.64306 5.08 1777
307.87668 74.95472 5.20 2059
348.65543 74.23111 5.84 4240
354.83792 74.00278 5.98 4931
11.94208 74.84750 5.41 2590
11.41250 74.98806 5.66 3441
