162.48750 -34.05806 5.61 3281
164.80792 -33.73722 5.71 3658
149.14792 -33.41861 5.84 4236
144.29124 -32.17861 5.63 3331
160.67999 -32.71583 5.64 3360
156.78792 -31.06778 4.25 666
162.05917 -31.68833 5.88 4438
157.39751 -30.60722 5.56 3072
157.37083 -29.66361 5.58 3150
154.53168 -28.99194 5.34 2399
146.05042 -27.76944 4.79 1251
159.30708 -27.41250 4.89 1421
166.33292 -27.29361 4.94 1492
166.49001 -27.28778 5.71 3628
148.55125 -25.93250 4.88 1398
144.25082 -25.29667 5.70 3579
151.08749 -24.28556 5.70 3583
145.32083 -23.59167 4.77 1216
145.56000 -23.91556 4.94 1496
158.50375 -23.74528 5.08 1788
163.37292 -20.13889 5.24 2162
148.71750 -19.00944 4.94 1490
164.94376 -18.29889 4.08 570
151.01208 -18.10167 5.86 4335
161.71667 -17.29667 5.42 2622
151.78958 -17.14167 5.60 3225
162.40625 -16.19361 3.11 193
156.52251 -16.83639 3.81 410
159.64583 -16.87667 4.91 1447
164.87875 -16.35389 5.89 4478
