252.30917 45.98333 4.82 1289
247.94708 45.59833 5.65 3404
269.98416 45.50139 5.67 3473
264.86624 46.00639 3.80 409
244.93500 46.31333 3.89 464
240.69958 46.03667 4.76 1203
260.08792 46.24083 5.59 3195
249.04668 46.61333 5.79 4055
253.32333 47.41694 6.00 5058
249.68707 48.92833 4.90 1431
264.15668 48.58556 5.37 2480
261.68417 48.26000 5.85 4261
244.79668 49.03806 5.91 4560
267.26791 50.78111 5.02 1653
269.15167 51.48889 2.23 70
265.34082 51.81806 5.99 5015
262.60834 52.30139 2.79 130
249.05708 52.92444 5.08 1781
249.04791 52.90028 5.53 2986
240.52292 52.91583 5.93 4695
260.43918 53.42056 5.67 3487
265.99707 53.80167 5.75 3795
239.44749 54.74972 4.95 1521
256.33209 54.47028 5.80 4094
256.33249 54.47028 5.83 4214
272.63168 54.28667 5.95 4790
263.06668 55.17306 4.87 1381
263.04416 55.18417 4.88 1399
246.10542 55.20500 5.74 3760
238.06917 55.82667 5.81 4104
268.38208 56.87278 3.75 384
251.32417 56.78194 4.85 1363
249.50166 56.01556 5.29 2272
240.47208 58.56528 4.01 528
244.31375 59.75500 5.40 2566
261.42209 60.04833 5.65 3403
248.10709 60.82333 5.94 4730
245.99792 61.51417 2.74 121
263.74792 61.87500 5.23 2120
245.94583 61.69667 5.67 3489
236.66667 62.59944 5.19 2038
258.13583 62.87444 5.56 3081
250.22958 64.58917 4.83 1324
273.47418 64.39722 5.03 1673
232.73209 64.20861 5.79 4041
