244.58041 -4.69250 3.24 220
255.26500 -4.22250 4.82 1293
243.58624 -3.69444 2.74 122
242.46042 -3.46694 5.37 2476
249.08958 -2.32472 5.75 3851
259.15292 -0.44528 4.73 1164
256.38458 -0.89194 5.64 3379
247.14166 0.66500 5.39 2557
247.72833 1.98389 3.82 416
245.51833 1.02917 4.82 1287
252.85374 1.21611 5.51 2909
250.42708 1.18111 5.74 3771
259.13208 1.21056 5.88 4439
242.24542 3.45444 5.91 4588
250.16125 4.21972 5.77 3948
240.21292 4.42750 5.83 4191
251.94333 5.24667 5.24 2163
243.31416 5.02111 5.48 2799
248.14874 5.52111 5.63 3333
246.04500 6.94806 5.85 4284
242.29668 6.37889 5.97 4907
252.58083 7.24778 5.49 2840
251.45792 8.58250 5.15 1952
242.11667 8.53417 5.73 3742
260.98999 8.85278 5.77 3910
254.41708 9.37500 3.20 214
241.90625 9.89167 5.63 3345
253.50208 10.16528 4.38 788
259.65417 10.86444 5.03 1684
258.11584 10.58528 5.33 2382
248.15125 11.48806 4.84 1350
256.34457 12.74083 4.91 1442
252.39417 13.26139 5.91 4583
255.91376 13.60528 5.93 4684
258.66208 14.39028 3.48 282
246.35417 14.03333 4.57 968
255.78250 14.09194 4.98 1569
258.66333 14.39000 5.39 2533
239.31084 14.41444 5.54 3008
