326.25125 -9.08250 5.09 1799
321.30457 -9.74861 5.70 3599
334.21918 -9.04000 5.79 4045
320.73459 -9.31944 5.99 4998
326.56793 -9.27583 6.00 5039
334.20834 -7.78333 4.16 615
324.43793 -7.85417 4.69 1116
335.04959 -7.82111 5.37 2487
335.88376 -7.19444 5.93 4685
330.81833 -6.52250 5.54 3004
322.88959 -5.57111 2.91 158
334.27707 -5.38722 5.75 3810
339.43918 -4.22806 5.03 1669
328.54333 -4.27611 5.71 3645
336.02875 -4.83694 5.78 3949
319.54626 -4.51944 5.82 4180
320.26791 -4.56000 5.87 4393
321.32083 -3.55667 5.49 2833
323.82333 -3.98306 5.77 3945
330.82874 -2.15528 4.69 1106
335.41418 -1.38722 3.84 432
338.51208 -1.57417 5.89 4461
331.44583 -0.31972 2.96 165
338.83917 -0.11750 4.02 534
337.20874 -0.02000 4.42 824
337.20709 -0.02028 4.59 987
331.19751 -0.90667 5.30 2309
330.27084 0.60500 5.58 3160
336.31918 1.37750 4.66 1071
325.54208 1.28528 5.67 3490
324.88876 2.24361 5.10 1818
326.80832 2.68611 5.64 3366
336.96457 4.69556 4.79 1249
337.49167 4.43167 5.48 2791
336.65582 4.39361 5.75 3839
331.42001 5.05861 4.84 1345
325.56458 5.68000 5.30 2308
335.11499 5.78944 5.37 2488
324.63293 5.77167 5.67 3485
332.54999 6.19778 3.53 294
320.72333 6.81111 5.16 1962
330.03293 6.71750 6.00 5061
320.26999 7.35444 5.82 4177
330.28833 8.25722 5.65 3412
326.04666 9.87500 2.39 82
337.28333 9.12889 5.58 3145
