89.10125 -14.16778 3.71 366
91.53875 -14.93528 4.67 1092
99.81958 -14.14583 4.82 1309
104.02750 -14.04361 5.00 1629
101.71292 -14.42583 5.29 2276
101.49708 -14.79611 5.32 2360
110.24250 -14.36000 5.45 2689
92.39292 -14.58417 5.56 3063
93.93708 -13.71833 5.01 1641
99.19458 -13.32083 5.97 4887
103.54750 -12.03861 4.07 558
97.84583 -12.39167 5.15 1953
96.04292 -11.53028 5.22 2105
106.66958 -11.29417 5.39 2534
95.35292 -11.77333 5.64 3375
108.28000 -11.25139 5.78 3979
90.46000 -10.59806 4.95 1520
101.66250 -10.10722 5.66 3449
91.36250 -10.24278 5.87 4344
97.54708 -10.08139 5.93 4649
108.92958 -10.58389 5.95 4778
89.76792 -9.55833 5.03 1679
100.48500 -9.16722 5.19 2027
94.71083 -9.39028 5.36 2466
108.56458 -9.94750 5.90 4535
101.90458 -8.99833 5.07 1753
97.95875 -8.15806 5.43 2663
105.09875 -8.40694 5.96 4865
97.20417 -7.03278 4.60 1009
94.92833 -7.82306 5.27 2217
97.20625 -7.03444 5.40 2573
97.20625 -7.03444 5.60 3246
93.71375 -6.27472 3.98 512
92.96583 -6.55028 5.05 1715
91.05625 -6.70917 5.21 2070
105.48500 -5.72222 5.20 2063
99.14708 -5.21111 5.52 2940
98.09625 -5.86889 5.60 3218
106.02167 -5.32361 5.62 3289
110.60583 -5.98278 5.82 4156
107.55708 -4.23722 4.92 1466
105.72833 -4.23917 4.99 1592
96.99000 -4.76222 5.06 1739
91.66125 -4.19389 5.38 2510
93.65292 -4.56833 5.83 4183
93.87375 -4.91528 5.99 5003
90.01417 -3.07417 4.53 933
108.54583 -3.90139 5.75 3848
93.47625 -3.74139 5.83 4187
94.99833 -2.94444 4.90 1429
102.31833 -2.27194 5.74 3784
98.40792 -1.22028 5.10 1814
103.60250 -1.12694 5.45 2710
102.07917 -1.31917 5.75 3815
96.66500 -1.50722 5.87 4337
107.96625 -0.49278 4.15 608
107.84833 -0.30194 5.45 2711
96.81500 -0.27611 5.55 3035
93.89292 -0.51222 5.65 3397
102.70792 -0.54083 5.77 3896
96.31833 -0.94611 5.87 4362
96.80750 0.29917 5.20 2055
89.70667 0.55306 5.22 2091
100.27250 0.49528 5.79 3998
98.81583 0.89000 5.80 4098
110.51458 0.17722 5.99 4977
89.60167 1.83694 5.90 4525
101.96500 2.41222 4.47 870
96.83500 2.90806 5.55 3032
92.24125 2.49944 5.73 3724
109.84333 2.74056 5.89 4465
108.58333 3.11139 5.35 2422
100.91125 3.93222 5.90 4532
104.73750 3.60222 5.97 4910
95.94208 4.59278 4.44 837
91.24333 4.15861 5.63 3328
98.08000 4.85583 5.84 4237
