140.12083 -9.55583 4.80 1261
141.89667 -8.65861 1.98 47
148.12666 -8.10500 5.05 1712
154.40750 -8.06889 5.24 2145
139.17207 -8.74472 5.47 2786
152.73250 -8.41833 5.65 3416
152.53125 -8.40833 5.91 4574
156.43459 -7.05972 5.57 3101
139.17375 -6.35306 5.24 2143
141.94501 -6.07111 5.38 2516
143.63625 -5.91500 5.56 3066
141.35001 -5.11750 5.59 3216
155.86041 -4.07417 5.97 4916
142.28708 -2.76889 4.60 1010
157.36958 -2.73917 5.21 2075
144.96417 -1.14278 3.91 473
142.99542 -1.18500 4.57 976
151.98457 -0.37167 4.49 887
157.57292 -0.63694 5.09 1796
146.59833 1.78556 5.65 3396
144.61375 4.64917 4.68 1102
153.20125 4.61472 5.77 3899
160.83708 4.74778 5.79 4033
148.42876 5.95833 5.95 4820
144.30292 6.83583 5.00 1626
158.70000 6.95361 5.08 1792
146.54167 6.70861 5.79 4025
150.05333 8.04417 4.70 1126
156.31332 8.78472 5.61 3279
158.75917 8.65028 5.67 3466
142.12167 8.18833 5.71 3653
149.10834 8.93306 5.85 4293
145.28751 9.89222 3.52 293
158.20293 9.30667 3.85 434
151.97626 9.99750 4.37 780
142.99001 9.71583 5.07 1755
142.11458 9.05667 5.41 2602
