175.05333 -34.74472 4.70 1123
178.22749 -33.90806 4.28 699
192.67168 -33.99944 4.91 1439
174.14583 -33.57000 5.74 3786
191.69167 -33.31556 5.86 4325
175.43333 -32.49972 5.22 2106
186.71542 -32.83000 5.55 3020
173.62292 -32.83139 5.98 4946
173.25043 -31.85778 3.54 302
173.22542 -31.08722 5.04 1700
177.92332 -30.83500 5.85 4290
189.76459 -30.42222 5.89 4466
173.06792 -29.26111 5.64 3349
173.06708 -29.26333 5.81 4137
191.00208 -28.32389 5.48 2794
178.91708 -28.47694 5.93 4687
189.42583 -27.13889 5.45 2690
177.18793 -26.74972 5.11 1838
178.67708 -25.71389 5.30 2303
182.10333 -24.72889 4.02 532
185.84000 -24.84056 5.68 3527
172.41083 -24.46333 5.76 3881
188.59666 -23.39667 2.65 109
182.76625 -23.60250 5.46 2728
187.57292 -23.69667 5.63 3315
182.53125 -22.61972 3.00 171
185.14043 -22.21583 5.21 2081
185.04459 -22.17556 5.97 4920
183.74834 -20.84417 5.83 4222
180.21333 -19.65889 5.26 2212
176.19083 -18.35083 4.73 1158
170.84125 -18.78000 5.09 1794
189.68584 -18.25028 6.00 5025
183.95168 -17.54194 2.59 99
171.22041 -17.68389 4.08 567
179.00375 -17.15083 5.18 2020
187.46625 -16.51556 2.95 162
188.01750 -16.19611 4.31 719
