191.92999 -59.68861 1.25 19
198.07249 -59.92083 4.60 1001
193.66333 -59.14667 4.62 1022
198.56168 -59.10333 4.92 1462
190.48582 -59.68583 4.93 1477
172.94208 -59.44222 5.13 1892
172.95332 -59.51583 5.15 1950
187.91792 -59.42389 5.48 2809
196.85083 -59.86056 5.99 5011
183.78625 -58.74889 2.80 133
205.50458 -58.78722 5.38 2518
186.86958 -58.99194 5.50 2855
198.55042 -58.68389 5.89 4491
187.79124 -57.11333 1.63 25
193.64833 -57.17778 4.03 539
193.65334 -57.16833 5.17 1976
185.70541 -57.67611 5.39 2546
176.82957 -57.69639 5.41 2597
191.59457 -56.48889 4.65 1057
193.98750 -56.83611 5.32 2351
179.56332 -56.31722 5.44 2672
178.04208 -56.98778 5.57 3103
187.47458 -56.52472 5.80 4062
185.48958 -56.37472 5.92 4643
205.73375 -56.76806 6.00 5031
190.78792 -56.17611 6.00 5038
184.74875 -55.14306 5.00 1618
173.69041 -54.26417 4.62 1029
205.43625 -54.56000 5.01 1636
193.26625 -54.95250 5.93 4673
204.97166 -53.46639 2.30 77
196.90958 -53.45972 5.71 3662
175.17751 -53.96861 5.96 4867
182.91292 -52.36861 3.96 495
200.15750 -52.74806 5.48 2803
192.74126 -52.78750 5.73 3745
200.56750 -52.18306 5.83 4204
206.66376 -51.43278 4.65 1067
186.63167 -51.45083 4.82 1297
202.35500 -51.16528 5.06 1740
194.26833 -51.19861 5.16 1966
182.08958 -50.72250 2.60 101
187.00999 -50.23056 3.91 476
182.02167 -50.66139 4.47 867
198.34792 -50.70000 5.89 4487
196.72749 -49.90611 4.27 682
195.88834 -49.52722 4.85 1357
204.99875 -49.95028 6.00 5030
190.37917 -48.95972 2.17 64
189.42583 -48.54111 3.86 443
193.27875 -48.94333 4.33 740
190.64751 -48.81306 4.66 1082
196.56958 -48.46361 4.71 1131
182.06125 -48.69278 5.34 2403
198.67958 -48.95667 5.89 4483
200.24042 -46.88056 5.77 3925
190.34583 -46.14556 5.84 4239
204.34875 -46.42833 5.90 4540
177.78625 -45.17361 4.46 863
176.43292 -45.69000 5.29 2295
183.51083 -45.72389 5.31 2327
182.22417 -44.32611 5.75 3849
188.67625 -44.67333 5.77 3944
193.74374 -44.15194 5.89 4464
204.27499 -44.14333 5.98 4928
197.84666 -43.36889 5.25 2174
199.30792 -43.97944 5.84 4246
180.91499 -42.43417 5.15 1935
193.83083 -42.91583 5.47 2759
197.78667 -42.23306 5.79 4021
188.93958 -41.02194 5.13 1888
182.22708 -41.23139 5.48 2802
196.64626 -41.58861 5.59 3191
201.73375 -41.49806 5.69 3533
193.35918 -40.17889 4.27 686
176.62958 -40.50056 4.91 1449
