114.34208 -34.96861 4.53 935
118.06542 -34.70528 5.01 1631
116.39583 -34.17306 5.37 2490
111.67625 -34.14083 5.90 4526
130.89792 -33.18639 3.68 352
125.34583 -33.05444 4.83 1332
117.39750 -33.28889 5.60 3234
121.06750 -32.67500 5.31 2336
110.88292 -32.20222 5.39 2538
127.61917 -32.15944 5.65 3422
120.76708 -32.46389 5.82 4151
111.18250 -31.80889 5.35 2438
110.75250 -31.92389 5.43 2647
112.27042 -31.45639 5.77 3902
112.67708 -30.96222 4.65 1063
119.41708 -30.33472 4.79 1241
108.83750 -30.68639 5.36 2464
111.02375 -29.30306 2.45 89
129.92708 -29.56111 4.89 1412
111.99667 -29.15583 5.54 3000
115.95208 -28.95472 3.96 497
115.88500 -28.41111 4.59 997
113.84500 -28.36944 4.64 1054
109.14583 -27.88111 4.64 1049
110.87125 -27.83417 5.38 2517
108.71292 -27.03806 5.58 3146
113.64542 -27.01194 5.77 3938
108.70292 -26.77278 3.85 435
114.70542 -26.80167 4.50 902
114.70750 -26.80361 4.62 1021
108.56333 -26.35250 4.66 1072
129.46750 -26.25500 5.27 2231
109.71333 -26.58583 5.28 2243
115.70042 -26.35111 5.64 3367
125.70792 -26.34806 5.90 4514
128.87000 -26.84361 5.96 4871
117.02167 -25.93722 4.50 894
114.57500 -25.36472 4.70 1128
111.35542 -25.21778 5.78 3965
110.26792 -25.89139 5.87 4373
108.05083 -25.94250 5.92 4627
121.88583 -24.30417 2.81 135
117.32375 -24.85972 3.34 244
109.67667 -24.95417 4.40 804
109.66792 -24.55889 4.98 1573
126.26542 -24.04611 5.28 2260
117.25708 -24.91222 5.33 2376
116.14167 -24.67389 5.62 3306
113.29042 -24.71083 5.85 4303
109.15333 -23.31556 4.79 1237
112.46417 -23.02444 4.85 1356
119.77375 -23.31056 5.11 1854
111.74750 -23.08611 5.61 3271
126.22958 -23.15361 5.68 3508
113.57750 -23.47361 5.83 4189
113.57958 -23.47472 5.87 4368
119.21458 -22.88000 4.20 628
113.51333 -22.29611 4.45 853
129.78333 -22.66194 5.05 1727
116.80208 -22.51972 5.90 4530
111.92875 -22.85972 5.95 4785
117.92875 -21.17389 5.63 3329
121.82500 -20.55472 5.38 2523
125.33833 -20.07917 5.58 3144
122.25667 -19.24500 4.40 803
110.55625 -19.01667 4.96 1545
127.87875 -19.57750 5.42 2623
113.33125 -19.41250 5.66 3434
114.17083 -19.70222 5.74 3765
115.05667 -19.66083 5.93 4691
119.96667 -18.39917 4.61 1014
117.42167 -17.22833 5.18 2011
111.78333 -17.86444 5.63 3332
125.47750 -17.58639 5.75 3813
111.16708 -16.20111 5.33 2372
122.36875 -16.24889 5.68 3505
109.86708 -16.39500 5.70 3607
130.43042 -15.94333 4.88 1396
115.09667 -15.26361 4.94 1503
123.33333 -15.78833 4.99 1587
109.06042 -15.58583 5.46 2726
