272.18958 20.81444 4.36 763
272.22043 20.04528 5.10 1823
270.59625 20.83361 5.28 2263
261.70459 20.08083 5.54 2993
267.10333 20.56556 5.69 3556
275.92459 21.76972 3.84 427
275.07458 21.96139 4.95 1532
270.37668 21.59556 4.96 1544
270.37457 21.59528 5.18 2010
271.50793 22.21889 5.06 1742
268.96167 22.46417 5.58 3158
261.02750 22.96028 5.74 3791
267.70166 22.31639 5.98 4947
275.53625 23.28528 5.41 2588
278.87668 23.60556 5.61 3258
278.19250 23.61694 5.84 4242
277.39874 23.86611 5.90 4537
258.75793 24.83917 3.14 203
260.22583 24.49944 5.12 1860
274.79459 24.44611 5.27 2232
265.61832 24.56417 5.52 2927
265.84000 24.32778 5.71 3637
264.37958 24.31000 5.77 3923
267.20499 25.62278 5.12 1869
260.04083 25.53750 5.38 2522
262.68457 26.11056 4.41 816
281.51874 26.66222 4.83 1328
268.85501 26.05000 5.46 2723
271.95624 26.10139 5.86 4309
271.95624 26.09750 5.90 4531
266.61459 27.72056 3.42 266
271.88583 28.76250 3.83 419
275.25418 28.87000 5.12 1866
262.95667 28.40750 5.62 3302
259.70209 28.82306 5.65 3415
269.44125 29.24778 3.70 361
267.59543 29.32222 5.50 2874
275.23792 29.85889 5.63 3327
276.49500 29.82889 5.83 4199
274.96707 29.66611 5.99 4983
269.62582 30.18944 4.41 810
271.75626 30.56194 5.04 1705
278.20792 30.55417 5.48 2805
272.97583 31.40528 4.97 1562
262.73083 31.15833 5.61 3263
280.96500 31.92667 5.70 3585
260.16501 32.46778 5.39 2545
271.45667 32.23056 5.71 3657
282.51999 33.36278 3.45 275
259.33124 33.10000 4.82 1292
279.15500 33.46889 5.42 2611
272.93793 33.44694 5.88 4415
270.15167 33.21389 5.99 4995
261.69250 34.69583 5.94 4727
257.00833 35.93528 5.39 2530
258.76166 36.80917 3.16 204
274.96542 36.06444 4.33 733
272.00916 36.40139 5.48 2797
272.49582 36.46639 5.58 3166
269.67624 36.28778 6.00 5057
269.06332 37.25056 3.86 445
281.19333 37.60500 4.36 768
260.92084 37.14583 4.52 918
259.41791 37.29167 4.65 1069
260.91959 37.14667 5.47 2757
281.20084 37.59444 5.73 3725
279.23459 38.78361 0.03 5
259.59708 38.81139 5.94 4715
281.08499 39.67000 5.06 1744
276.05750 39.50722 5.12 1877
281.09543 39.61306 5.14 1919
281.09543 39.61278 5.37 2473
260.43167 39.97444 5.51 2888
