75.85458 60.44222 4.03 540
65.44833 60.73556 5.39 2552
59.28458 61.10889 5.00 1608
43.98708 61.52111 5.59 3215
64.22333 61.85028 5.70 3590
80.09417 62.65361 5.61 3264
56.50958 63.34500 4.80 1255
59.35625 63.07222 5.03 1674
55.53875 63.21667 5.10 1822
82.54250 63.06722 5.42 2627
73.02167 63.50528 5.44 2681
57.40292 63.29722 5.85 4268
51.16875 64.58611 5.23 2122
46.82917 64.05778 5.89 4489
69.10083 64.26167 5.94 4745
57.38000 65.52611 4.47 866
49.99750 65.65222 4.84 1338
65.16792 65.14056 5.27 2234
85.61000 65.69778 5.60 3236
73.51250 66.34278 4.29 711
56.50375 67.20167 5.80 4103
41.20708 67.82472 5.95 4776
42.99458 68.88861 5.80 4096
61.51292 68.68000 5.87 4366
94.71167 69.31972 4.80 1257
57.30750 70.87111 5.44 2668
57.58958 71.33222 4.63 1040
30.85875 72.42139 3.98 511
39.50833 72.81833 5.16 1975
68.37792 72.52861 5.94 4752
78.09333 73.94667 5.43 2634
79.55542 73.26806 5.74 3758
47.98458 74.39361 4.87 1386
76.16583 74.06694 5.96 4872
105.01667 76.97750 4.55 957
31.38000 76.11500 5.22 2094
31.28083 77.28139 5.38 2525
50.08208 77.73472 5.45 2716
100.12000 77.99583 5.73 3747
80.63958 79.23111 5.05 1722
121.19625 79.47972 5.42 2608
101.55875 79.56472 5.45 2693
46.53250 79.41861 5.49 2831
18.06958 79.67389 5.64 3363
