294.17667 -24.88361 4.60 999
291.31876 -24.50861 5.03 1671
278.47293 -24.03250 5.49 2839
294.00708 -24.71917 5.65 3420
285.61542 -24.84694 5.65 3423
291.37375 -23.96222 5.43 2651
279.62793 -23.50500 5.81 4124
284.00250 -23.17361 5.93 4668
295.02957 -23.42861 5.97 4892
283.54251 -22.74500 4.83 1323
283.77957 -22.67139 4.99 1595
281.58582 -22.39222 5.37 2471
290.15875 -22.40250 5.58 3130
287.44083 -21.02361 2.89 151
284.43250 -21.10667 3.51 288
286.17084 -21.74167 3.77 395
291.57999 -21.77667 5.59 3179
283.50043 -21.35972 5.69 3568
279.72250 -21.05194 5.86 4306
279.47668 -21.39778 5.94 4735
284.33542 -20.65639 5.08 1793
282.41708 -20.32472 5.24 2135
296.59042 -19.76111 4.86 1376
287.06958 -19.29000 5.54 2989
298.04999 -19.04500 5.92 4645
289.40875 -18.95306 4.96 1539
294.26376 -18.23111 5.64 3369
290.46207 -18.30833 5.87 4361
290.41833 -17.84722 3.93 482
295.62958 -16.12389 5.06 1737
283.87918 -16.37667 5.79 4035
290.43167 -15.95500 4.61 1015
299.48749 -15.49139 5.02 1654
283.67957 -15.60306 5.10 1811
295.88959 -15.47000 5.49 2845
291.54626 -15.05306 5.72 3680
286.42166 -15.66028 5.97 4877
294.39334 -14.30167 5.47 2755
291.34000 -13.89694 5.69 3554
300.49417 -13.63694 5.71 3649
288.31458 -12.28250 5.51 2903
284.84918 -12.84056 5.53 2968
293.78043 -10.56028 5.12 1880
297.69501 -10.76361 5.39 2554
281.68042 -10.12500 5.71 3641
280.56833 -9.05250 4.72 1153
282.74374 -9.77417 5.83 4194
299.94751 -9.95833 5.88 4425
280.88043 -8.27528 4.90 1426
298.65668 -8.22722 5.71 3647
298.53418 -8.57417 5.79 4020
294.22293 -7.02750 4.95 1524
288.16959 -7.93944 5.34 2402
280.00208 -7.79056 5.84 4247
285.42001 -5.73889 4.02 529
284.26541 -5.84611 4.83 1335
290.13708 -5.41583 5.01 1632
281.87082 -5.70500 5.20 2040
282.42084 -5.91278 5.99 5013
