294.17667 -24.88361 4.60 999
291.31876 -24.50861 5.03 1671
294.00708 -24.71917 5.65 3420
291.37375 -23.96222 5.43 2651
295.02957 -23.42861 5.97 4892
290.15875 -22.40250 5.58 3130
291.57999 -21.77667 5.59 3179
304.50583 -21.81000 5.87 4350
296.59042 -19.76111 4.86 1376
304.84833 -19.11861 5.28 2268
298.04999 -19.04500 5.92 4645
289.40875 -18.95306 4.96 1539
310.01251 -18.13861 5.10 1830
306.82999 -18.21167 5.25 2195
294.26376 -18.23111 5.64 3369
290.46207 -18.30833 5.87 4361
307.47458 -18.58333 5.94 4719
290.41833 -17.84722 3.93 482
307.21500 -17.81361 4.78 1233
295.62958 -16.12389 5.06 1737
310.13541 -16.12417 5.80 4074
290.43167 -15.95500 4.61 1015
299.48749 -15.49139 5.02 1654
295.88959 -15.47000 5.49 2845
291.54626 -15.05306 5.72 3680
305.25293 -14.78139 3.08 190
309.81833 -14.95472 5.22 2084
294.39334 -14.30167 5.47 2755
291.34000 -13.89694 5.69 3554
300.49417 -13.63694 5.71 3649
304.51376 -12.54472 3.57 316
304.41208 -12.50833 4.24 656
305.16583 -12.75917 4.76 1197
303.10791 -12.61750 5.85 4294
293.78043 -10.56028 5.12 1880
297.69501 -10.76361 5.39 2554
308.09875 -9.85333 5.65 3425
299.94751 -9.95833 5.88 4425
298.65668 -8.22722 5.71 3647
298.53418 -8.57417 5.79 4020
294.22293 -7.02750 4.95 1524
290.13708 -5.41583 5.01 1632
