260.50250 -24.99944 3.27 231
261.59250 -24.17528 4.17 617
259.50293 -24.28694 5.20 2060
270.71292 -24.28222 5.34 2408
255.03958 -24.98917 5.75 3804
270.96832 -24.36056 5.97 4922
269.94833 -23.81611 4.76 1195
262.85416 -23.96278 4.81 1275
254.20000 -23.15000 5.58 3147
270.47668 -22.78056 5.77 3893
260.25082 -21.11278 4.39 790
265.85751 -21.68333 4.87 1383
261.17499 -21.44167 5.85 4281
253.35500 -20.41556 5.88 4400
250.47375 -19.92444 5.57 3109
250.39333 -17.74222 4.96 1543
257.06207 -17.60917 5.99 5018
257.59457 -15.72472 2.43 86
264.39667 -15.39861 3.54 299
269.07916 -15.81250 5.89 4480
264.40082 -15.57111 5.94 4764
266.90332 -14.72583 5.94 4762
258.83459 -14.58389 5.99 5023
265.35376 -12.87528 4.26 669
260.20709 -12.84694 4.33 741
263.69333 -11.24194 5.55 3041
249.28958 -10.56722 2.56 96
252.45833 -10.78306 4.65 1061
257.45001 -10.52333 5.56 3070
264.53958 -10.92639 5.75 3802
269.75668 -9.77361 3.34 242
264.46124 -8.11889 4.62 1027
270.77042 -8.18056 5.24 2148
270.77084 -8.18028 5.94 4741
253.64874 -6.15389 5.25 2170
261.65793 -5.08667 4.54 947
263.37457 -5.74472 5.62 3299
