235.82001 -84.46528 5.57 3105
24.36667 -84.76972 5.69 3538
227.78458 -84.78750 5.91 4544
216.72874 -83.66778 4.32 724
226.19458 -83.03833 5.65 3395
225.46167 -83.22778 5.65 3421
150.18208 -82.21472 5.52 2928
74.71208 -82.47056 5.85 4285
208.91125 -82.66611 5.95 4821
65.24125 -81.58000 5.79 4046
161.44501 -80.54028 4.45 851
143.47166 -80.94139 5.11 1852
141.03792 -80.78694 5.36 2458
161.31541 -80.46972 5.47 2787
100.01125 -80.81361 5.64 3358
84.29083 -80.46917 5.65 3409
126.08250 -80.91417 5.69 3532
184.58624 -79.31222 4.26 671
104.14333 -79.42028 5.45 2713
87.56958 -79.36139 5.47 2785
111.40833 -79.09417 5.53 2979
131.48000 -79.50444 5.79 4012
160.46375 -79.78333 5.97 4911
158.86708 -78.60778 4.11 583
179.90543 -78.22194 4.91 1438
130.33125 -78.96333 5.47 2771
125.16042 -77.48444 4.35 750
124.63167 -76.91972 4.07 560
146.58583 -76.77611 5.45 2705
174.31500 -75.89667 5.65 3406
156.09875 -74.03167 4.00 516
139.35583 -74.89444 5.29 2294
139.36417 -74.73472 5.86 4329
157.75833 -73.22167 4.93 1472
125.51833 -73.40000 5.29 2274
142.90125 -73.08083 5.47 2782
115.45500 -72.60611 3.95 492
136.28667 -72.60278 4.48 880
157.58376 -71.99306 4.74 1172
124.95417 -71.51500 5.37 2475
141.77667 -71.60222 5.47 2765
125.00292 -71.50528 5.65 3419
153.43417 -70.03806 3.32 239
107.18708 -70.49889 3.78 399
136.40958 -70.53889 4.71 1132
129.77167 -70.38694 5.20 2058
126.82042 -70.09333 5.53 2960
107.17583 -70.49722 5.69 3550
163.42500 -70.72028 5.99 4984
138.30000 -69.71722 1.68 28
121.98250 -68.61722 4.35 757
139.32167 -68.68944 5.39 2548
152.37708 -68.68333 5.81 4129
135.28542 -68.68389 5.88 4409
109.20750 -67.95722 3.98 510
126.43417 -66.13694 3.77 392
135.61166 -66.39611 4.00 515
155.74208 -66.90167 4.99 1589
153.37750 -66.37306 5.16 1970
132.64500 -66.79306 5.35 2432
117.42083 -66.19583 5.79 4034
142.12750 -66.70194 5.91 4587
146.77542 -65.07194 3.01 175
124.57875 -65.61333 5.07 1750
152.17751 -65.81528 5.28 2256
