235.82001 -84.46528 5.57 3105
227.78458 -84.78750 5.91 4544
3.33083 -84.99417 5.77 3918
216.72874 -83.66778 4.32 724
226.19458 -83.03833 5.65 3395
225.46167 -83.22778 5.65 3421
327.72626 -82.71917 5.29 2296
208.91125 -82.66611 5.95 4821
214.55750 -81.00778 4.91 1445
309.57751 -81.28889 5.91 4550
215.59457 -80.10889 5.06 1743
308.32291 -80.96500 5.77 3936
262.86374 -80.85917 5.88 4421
277.33124 -80.23278 5.95 4779
221.96500 -79.04472 3.83 423
248.36250 -78.89722 3.89 463
245.08667 -78.69583 4.68 1097
245.11166 -78.66722 5.27 2224
250.76917 -77.51750 4.24 657
225.04916 -77.16028 5.93 4657
224.47041 -76.66278 5.34 2414
235.47749 -76.08194 5.95 4792
275.90042 -75.04417 5.47 2763
272.81543 -75.89139 5.86 4313
232.87833 -73.38944 5.49 2837
235.08833 -73.44667 5.65 3408
273.14374 -73.67167 5.85 4287
278.23041 -73.96556 5.89 4446
297.35541 -72.50333 5.41 2584
241.48250 -72.40083 5.70 3615
280.75876 -71.42806 4.01 524
247.11708 -70.08444 4.91 1457
260.52457 -70.12333 5.41 2592
248.58041 -70.98806 5.50 2869
252.16624 -69.02778 1.92 42
254.89082 -69.26833 5.79 4003
238.87334 -68.60306 5.09 1806
287.46957 -68.42472 5.33 2395
285.87375 -68.75528 5.88 4440
250.34708 -68.29611 5.91 4561
292.79541 -68.43389 5.96 4837
284.23749 -67.23361 4.44 841
260.49750 -67.77056 4.78 1227
251.66667 -67.10972 5.13 1891
244.27292 -67.94139 5.75 3803
258.32291 -67.19667 5.89 4472
289.29999 -66.66139 5.53 2957
248.93668 -65.49528 5.52 2948
282.15750 -65.07778 5.73 3737
