194.91458 -3.81194 5.79 4040
195.14958 -3.36861 5.99 4993
190.41499 -1.44944 3.65 342
190.41499 -1.44944 3.68 353
190.90875 -1.57694 5.93 4677
184.97667 -0.66694 3.89 462
174.23708 -0.82389 4.30 714
184.66792 -0.78722 5.90 4510
177.67375 1.76472 3.61 330
189.59332 1.85472 5.71 3661
182.42207 1.89778 5.95 4806
193.90083 3.39750 3.38 255
185.08749 3.31250 4.96 1541
179.98708 3.65528 5.37 2491
182.51418 5.80694 5.72 3694
176.46500 6.52944 4.03 537
180.21832 6.61417 4.66 1081
190.48792 6.80667 5.59 3193
191.40459 7.67333 5.22 2092
181.30208 8.73306 4.12 589
176.32124 8.25833 4.85 1364
176.97874 8.24583 5.32 2359
174.61501 8.13417 5.36 2462
178.76292 8.44389 5.58 3163
191.59375 9.54000 5.67 3481
195.54417 10.95917 2.83 139
190.47125 10.23556 4.88 1403
183.35793 10.26222 5.85 4296
177.26500 14.57194 2.14 63
184.00082 14.89889 5.10 1827
192.22583 14.12250 5.70 3580
177.16125 14.28417 5.88 4404
