321.44583 36.66750 5.94 4767
315.30374 36.02611 5.97 4897
333.99249 37.74889 4.13 597
321.83917 37.11667 5.31 2337
318.69791 38.04556 3.72 370
323.69418 38.53417 4.90 1436
316.72751 38.74583 5.21 2080
325.85709 38.28389 5.65 3424
319.84250 38.23750 5.83 4215
319.35416 39.39472 4.23 653
333.46957 39.71500 4.49 890
338.96793 39.63417 5.73 3734
338.10999 39.77972 5.88 4442
324.23749 40.41361 5.01 1649
314.29333 41.16722 3.94 484
325.77667 41.15500 5.49 2832
325.59543 41.07722 5.69 3545
333.68500 42.95389 5.71 3619
316.23291 43.92778 3.72 371
337.62207 43.12333 4.51 915
319.61334 43.94583 5.00 1620
325.04626 43.27389 5.11 1836
313.31168 44.38722 4.78 1236
312.52042 44.05944 5.04 1709
314.58124 44.47167 5.55 3034
330.73624 44.65000 5.60 3229
314.14459 44.92500 5.96 4838
310.35791 45.28028 1.25 18
323.49542 45.59194 4.02 535
331.50833 45.01444 5.14 1916
313.32751 45.18194 5.45 2714
324.01001 45.37472 5.53 2965
333.45541 45.44083 5.53 2987
335.25668 46.53667 4.57 974
312.23459 46.11417 4.84 1346
322.36249 46.54056 5.24 2144
315.29541 46.15583 5.37 2472
321.33167 46.71444 5.60 3227
337.38251 47.70694 4.36 760
316.65042 47.64833 4.55 955
314.95667 47.52111 4.74 1182
311.95541 47.83194 5.57 3127
313.95749 47.41778 5.67 3483
321.71500 48.83500 5.31 2328
326.69833 49.30944 4.23 652
336.12918 49.47639 4.57 972
320.50168 49.38889 5.69 3546
323.23584 49.97778 5.75 3805
319.87000 49.51028 5.76 3861
314.10791 49.19583 5.90 4504
337.82291 50.28250 3.77 396
310.55249 50.34000 5.39 2549
332.79126 50.82333 5.40 2570
314.62543 50.46222 5.61 3250
314.10626 50.72861 5.81 4138
339.34332 51.54528 4.63 1035
325.52374 51.18972 4.67 1090
335.89001 52.22917 4.43 830
330.46082 52.88222 5.78 3967
317.56500 53.56333 5.73 3723
315.94833 53.28611 5.90 4498
340.07666 53.84611 5.93 4660
