246.00542 -39.19306 5.40 2568
251.69917 -39.37722 5.48 2812
258.06750 -39.50694 5.67 3495
252.96750 -38.04750 3.08 189
240.03043 -38.39694 3.41 265
253.08376 -38.01750 3.57 314
240.85083 -38.60250 4.89 1410
255.96167 -38.15222 5.91 4593
258.89957 -38.59389 5.96 4825
262.69083 -37.29583 2.69 116
246.13208 -37.56583 5.42 2605
247.06125 -37.17944 5.79 4029
241.15292 -37.86306 5.90 4496
249.77167 -37.21750 5.91 4584
260.72876 -37.22056 5.93 4690
256.58459 -37.22750 5.98 4952
241.64792 -36.80222 4.23 649
241.81833 -36.75556 5.73 3714
239.33875 -36.18500 5.80 4085
249.09375 -35.25556 4.16 616
255.15375 -35.93417 5.97 4918
252.54083 -34.29333 2.29 76
247.84541 -34.70444 4.23 654
256.20584 -34.12278 4.87 1387
259.73834 -34.98972 5.91 4552
237.73958 -33.62722 3.95 489
239.22292 -33.96639 5.12 1861
254.29625 -33.25944 5.48 2792
258.83041 -33.54833 5.53 2983
242.46918 -33.54583 5.54 3012
239.22583 -33.96417 5.62 3305
250.43958 -33.14639 5.87 4349
243.59293 -33.01139 5.92 4623
255.46957 -32.14361 5.03 1678
259.26541 -32.66278 5.55 3037
244.88625 -30.90667 5.49 2825
257.19791 -30.40361 5.97 4913
239.22125 -29.21417 3.88 457
261.83875 -29.86694 4.29 702
242.75833 -29.41639 5.13 1886
246.16542 -29.70472 5.84 4232
261.90625 -29.72444 6.00 5067
248.97083 -28.21611 2.82 137
244.57458 -28.61389 4.78 1225
260.84000 -28.14306 5.35 2426
243.06625 -28.41750 5.67 3464
243.07584 -27.92639 4.59 985
247.35167 -26.43194 0.96 14
239.71292 -26.11417 2.89 154
258.83667 -26.60139 5.07 1763
258.83749 -26.60278 5.11 1843
242.03168 -26.32667 5.38 2508
238.87543 -26.26583 5.62 3308
245.29707 -25.59278 2.89 155
238.40292 -25.32722 4.59 990
247.55167 -25.11500 4.79 1248
240.83583 -25.86528 5.00 1616
254.99001 -25.09194 5.86 4308
238.66458 -25.24361 5.87 4374
260.50250 -24.99944 3.27 231
261.59250 -24.17528 4.17 617
245.15916 -24.16944 4.55 954
259.50293 -24.28694 5.20 2060
238.47417 -24.53306 5.39 2558
239.64500 -24.83139 5.43 2638
255.03958 -24.98917 5.75 3804
246.39667 -23.44722 5.02 1659
254.20000 -23.15000 5.58 3147
242.18208 -23.68556 5.88 4403
246.39626 -23.44611 5.92 4616
241.52625 -23.60639 5.92 4621
240.08333 -22.62167 2.32 80
260.25082 -21.11278 4.39 790
248.03416 -21.46639 4.45 844
241.70168 -20.66917 3.96 499
241.85126 -20.86861 4.32 731
246.02583 -20.03750 4.50 895
239.41833 -20.98306 5.85 4301
253.35500 -20.41556 5.88 4400
