341.88791 -19.61333 5.26 2206
340.89709 -18.83028 4.69 1117
357.83875 -18.90889 5.18 2018
356.05042 -18.27694 5.24 2157
356.50375 -18.67806 5.29 2283
355.39374 -18.02722 5.34 2400
349.85043 -18.07528 5.93 4700
355.44083 -17.81639 4.82 1300
0.93500 -17.33611 4.55 961
343.68958 -16.27194 5.56 3089
343.66251 -15.82083 3.27 227
350.66333 -15.03917 5.20 2050
355.61624 -15.44778 5.28 2254
353.70584 -15.24583 5.96 4874
355.68042 -14.54500 4.49 884
354.94626 -14.22167 5.00 1621
341.92834 -14.05639 5.66 3458
357.63876 -14.40194 5.72 3698
358.12500 -14.25111 5.87 4336
342.39792 -13.59250 4.01 526
349.77792 -13.45889 5.08 1782
354.41501 -13.06028 5.65 3426
356.81625 -11.91083 5.73 3709
343.36957 -11.61667 5.80 4083
355.28708 -11.68056 5.89 4453
348.97293 -9.08778 4.21 631
349.47583 -9.18250 4.39 798
349.74042 -9.61083 4.98 1574
357.56125 -9.97417 5.94 4765
358.21042 -8.99667 5.75 3794
343.15375 -7.57972 3.74 378
349.21207 -7.72667 5.06 1735
346.29083 -7.69361 5.43 2654
348.58084 -6.04889 4.22 637
0.49000 -6.01417 4.41 808
349.85001 -5.12444 5.55 3039
339.43918 -4.22806 5.03 1669
343.79584 -4.98778 5.72 3672
345.38208 -4.71139 5.94 4760
359.66833 -3.55611 4.86 1368
348.89291 -3.49639 5.55 3055
358.23166 -3.15556 5.93 4665
0.45583 -3.02750 5.10 1820
356.98541 -2.76167 5.49 2822
353.53751 -1.24750 5.87 4385
