21.40500 -14.59889 4.90 1427
21.71500 -13.05667 5.66 3440
14.00625 -11.26667 5.31 2323
14.68292 -11.38000 5.61 3265
25.43625 -11.32472 5.75 3826
17.14750 -10.18222 3.45 273
27.86500 -10.33500 3.73 374
27.39625 -10.68639 4.67 1093
35.50583 -10.77778 5.46 2738
16.52125 -9.83944 5.58 3161
16.94250 -9.78556 5.82 4172
21.00583 -8.18333 3.60 323
30.11208 -8.52361 5.51 2916
18.60000 -7.92306 5.13 1901
23.42875 -7.02528 5.76 3873
34.24583 -6.42222 5.51 2906
21.08583 -6.91472 5.91 4590
26.49708 -5.73333 5.34 2397
15.76083 -4.83667 5.43 2635
30.91875 -4.10361 5.62 3290
25.68125 -3.69028 4.99 1593
34.83625 -2.97750 3.04 184
19.15125 -2.50028 5.41 2586
33.19792 -2.39361 5.54 2998
17.93125 -2.25111 5.94 4716
32.89917 -1.82528 5.93 4664
35.55167 -0.88500 5.42 2613
18.70500 -0.97389 5.70 3595
19.95125 -0.50889 5.87 4383
30.95083 -0.34028 5.93 4655
35.48583 0.39583 5.28 2246
30.79875 0.12833 5.43 2646
34.50583 1.75778 5.58 3155
30.51167 2.76361 4.33 734
30.51167 2.76361 5.23 2124
17.64000 2.44556 5.95 4811
28.38875 3.18750 4.62 1020
19.45000 3.61444 5.16 1961
30.03833 3.09722 5.88 4436
27.10833 3.68556 5.91 4603
