290.71292 -54.42361 5.05 1731
316.30917 -54.72722 5.16 1956
291.95041 -54.32528 5.69 3553
298.15668 -54.97111 5.74 3751
293.22418 -53.18583 5.75 3821
284.61542 -52.93861 4.87 1382
301.84668 -52.88083 4.94 1497
286.58292 -52.34083 5.16 1955
283.16501 -52.10750 5.17 1996
303.57916 -52.44556 5.65 3392
311.00958 -51.92111 4.51 908
312.87543 -51.60833 5.05 1718
315.08957 -51.26528 5.76 3877
285.98917 -51.01861 5.93 4683
293.80417 -48.09917 4.90 1434
286.73166 -48.29917 5.97 4878
309.39166 -47.29139 3.11 192
297.55750 -47.55722 5.94 4733
312.37082 -46.22694 4.89 1415
289.09042 -45.46639 5.40 2576
293.34000 -45.27194 5.61 3257
300.20126 -45.11306 5.81 4116
288.66541 -45.19333 5.92 4642
290.65958 -44.45889 4.01 521
290.80499 -44.79972 4.29 705
308.47958 -44.51611 5.11 1856
312.12167 -43.98861 5.11 1842
292.34958 -43.44583 5.71 3646
305.61459 -42.04972 5.59 3198
305.97168 -42.42278 5.64 3365
298.81543 -41.86833 4.13 596
287.49084 -41.89250 5.88 4417
290.97168 -40.61611 3.97 504
287.08707 -40.49667 4.59 991
293.53543 -40.03472 5.89 4488
287.50708 -39.34083 4.11 581
297.96082 -39.87444 5.33 2396
313.41751 -39.81000 5.35 2439
311.58374 -39.19917 5.50 2881
287.36792 -37.90444 4.11 582
300.88959 -37.94083 4.77 1218
312.75293 -37.91333 5.52 2953
300.06625 -37.70222 5.95 4799
302.79959 -36.10111 5.32 2348
299.93417 -35.27639 4.37 784
289.91666 -35.42139 5.59 3203
