138.30000 -69.71722 1.68 28
121.98250 -68.61722 4.35 757
139.32167 -68.68944 5.39 2548
152.37708 -68.68333 5.81 4129
135.28542 -68.68389 5.88 4409
126.43417 -66.13694 3.77 392
135.61166 -66.39611 4.00 515
155.74208 -66.90167 4.99 1589
153.37750 -66.37306 5.16 1970
132.64500 -66.79306 5.35 2432
142.12750 -66.70194 5.91 4587
146.77542 -65.07194 3.01 175
124.57875 -65.61333 5.07 1750
152.17751 -65.81528 5.28 2256
160.04707 -65.10056 5.52 2947
160.73917 -64.39444 2.76 125
160.55833 -64.46639 4.82 1304
161.71333 -64.38333 4.85 1358
168.18832 -64.16972 5.23 2110
161.62375 -64.26333 5.23 2123
157.21918 -64.17222 5.29 2291
161.56876 -64.51500 5.34 2401
154.77000 -64.67639 5.67 3496
160.96333 -64.24889 5.77 3895
126.46500 -64.60083 5.97 4884
161.02875 -63.96111 4.82 1299
146.31168 -62.50778 3.69 358
137.81917 -62.31722 3.97 508
166.63499 -62.42417 4.61 1017
140.23666 -62.40472 4.81 1274
123.81625 -62.91583 5.16 1969
129.32832 -62.85361 5.47 2766
147.73209 -62.74528 5.57 3116
142.19583 -62.27306 5.92 4626
158.00583 -61.68528 3.32 238
154.27083 -61.33222 3.40 260
144.83749 -61.32806 4.52 919
152.34125 -61.54917 5.60 3222
141.36292 -61.95028 5.77 3891
163.62334 -61.82667 5.93 4703
141.02374 -61.64889 5.99 5005
133.76167 -60.64472 3.84 429
160.88374 -60.56667 4.57 969
133.45293 -60.35417 5.78 3982
135.19041 -60.96389 5.79 4056
163.82167 -60.51694 5.92 4605
150.50000 -60.42083 5.94 4722
125.62833 -59.50972 1.86 38
139.27251 -59.27528 2.25 72
143.61125 -59.22944 4.08 569
130.15417 -59.76111 4.33 735
159.68793 -59.18306 4.66 1074
134.24333 -59.22944 4.92 1465
159.08458 -59.56472 5.08 1780
134.85042 -59.08361 5.16 1973
160.66917 -59.21583 5.38 2501
138.23167 -59.41444 5.54 3018
147.80042 -59.42583 5.79 4030
162.35042 -59.32361 5.91 4565
162.02251 -59.91917 6.00 5036
137.74167 -58.96694 3.44 270
163.37334 -58.85333 3.78 398
156.96957 -58.73944 3.82 415
128.83167 -58.00917 4.86 1375
128.81416 -58.22500 5.26 2207
159.36166 -58.73333 5.45 2703
152.94376 -58.06056 5.72 3671
142.59750 -58.36167 5.88 4422
159.74750 -58.81694 5.92 4604
156.24750 -58.57639 5.95 4781
158.19833 -58.66694 6.00 5073
142.80542 -57.03444 3.13 197
139.05083 -57.54139 4.34 747
158.89708 -57.55778 4.45 849
156.85167 -57.63889 4.66 1070
163.12875 -57.24056 5.25 2186
145.17708 -57.98361 5.32 2350
132.90250 -57.63361 5.59 3209
145.25917 -57.25972 5.80 4087
159.51042 -57.25639 5.91 4555
131.67708 -56.76972 4.49 892
155.22833 -56.04306 4.50 900
161.73958 -56.75722 5.23 2108
154.65668 -56.11000 5.81 4126
140.52834 -55.01083 2.50 93
159.82668 -55.60333 4.28 691
154.90334 -55.02944 4.57 971
138.57500 -55.56972 5.27 2216
140.45833 -55.51500 5.63 3337
145.44917 -55.21417 6.00 5050
131.17583 -54.70833 1.96 45
149.21584 -54.56778 3.54 300
156.70416 -54.87750 5.58 3159
133.79958 -54.96556 5.71 3617
130.60625 -53.11389 4.86 1378
157.84084 -53.71556 4.89 1418
141.57542 -53.37917 5.11 1851
129.99001 -53.05500 5.19 2039
144.30125 -53.66861 5.45 2684
129.84917 -53.43972 5.48 2821
130.57875 -53.10000 5.52 2936
145.92583 -53.89167 5.56 3069
130.07249 -53.01528 5.61 3283
128.02000 -53.21222 5.69 3547
130.07333 -52.92194 3.62 336
134.08083 -52.72361 4.69 1104
135.43584 -52.18833 5.23 2128
152.23457 -51.81111 4.86 1367
143.53667 -51.25528 5.01 1637
139.52417 -51.05111 5.26 2210
153.34500 -51.23333 5.28 2252
142.52167 -51.51722 5.45 2688
153.36667 -51.75611 5.78 3953
139.67583 -51.56056 5.87 4340
148.45917 -51.14694 5.93 4694
148.71375 -50.24389 5.72 3692
