14.65167 -29.35750 4.31 721
31.12250 -29.29694 4.69 1108
24.03500 -29.90750 5.69 3555
22.59542 -26.20778 5.93 4662
26.41167 -25.05250 5.31 2340
13.16917 -24.00583 5.46 2744
35.63583 -23.81639 5.20 2066
29.16750 -22.52694 4.85 1361
30.00125 -21.07778 4.00 514
22.40042 -21.62944 5.12 1867
24.71583 -21.27528 5.58 3175
33.25375 -21.00028 5.86 4310
29.94208 -20.82444 5.41 2601
35.52083 -17.66222 5.87 4353
28.21708 -16.92917 5.80 4067
26.01708 -15.93750 3.50 287
23.99583 -15.40028 5.42 2620
23.65750 -15.67611 5.63 3311
30.74417 -15.30583 5.86 4321
21.40500 -14.59889 4.90 1427
21.71500 -13.05667 5.66 3440
14.00625 -11.26667 5.31 2323
14.68292 -11.38000 5.61 3265
25.43625 -11.32472 5.75 3826
17.14750 -10.18222 3.45 273
27.86500 -10.33500 3.73 374
27.39625 -10.68639 4.67 1093
35.50583 -10.77778 5.46 2738
