317.19250 -88.95639 5.47 2756
283.69543 -87.60583 5.28 2257
352.01541 -87.48222 5.49 2841
134.17125 -85.66306 5.42 2631
193.74417 -85.12333 5.46 2747
205.23125 -85.78611 5.58 3131
235.82001 -84.46528 5.57 3105
227.78458 -84.78750 5.91 4544
216.72874 -83.66778 4.32 724
226.19458 -83.03833 5.65 3395
225.46167 -83.22778 5.65 3421
150.18208 -82.21472 5.52 2928
208.91125 -82.66611 5.95 4821
214.55750 -81.00778 4.91 1445
161.44501 -80.54028 4.45 851
215.59457 -80.10889 5.06 1743
143.47166 -80.94139 5.11 1852
141.03792 -80.78694 5.36 2458
161.31541 -80.46972 5.47 2787
126.08250 -80.91417 5.69 3532
221.96500 -79.04472 3.83 423
184.58624 -79.31222 4.26 671
131.48000 -79.50444 5.79 4012
160.46375 -79.78333 5.97 4911
158.86708 -78.60778 4.11 583
179.90543 -78.22194 4.91 1438
130.33125 -78.96333 5.47 2771
198.57167 -78.44722 5.85 4278
225.04916 -77.16028 5.93 4657
181.19376 -76.51917 5.04 1701
224.47041 -76.66278 5.34 2414
146.58583 -76.77611 5.45 2705
211.33250 -76.79667 5.50 2848
181.95750 -75.36694 5.18 2007
174.31500 -75.89667 5.65 3406
156.09875 -74.03167 4.00 516
201.27959 -74.88778 5.05 1723
157.75833 -73.22167 4.93 1472
188.04167 -73.00167 5.88 4433
188.11667 -72.13306 3.87 454
171.04625 -72.25667 5.59 3205
194.13126 -72.18528 5.93 4659
195.56750 -71.54889 3.62 334
157.58376 -71.99306 4.74 1172
192.43707 -71.98639 5.55 3023
153.43417 -70.03806 3.32 239
177.48582 -70.22583 4.97 1561
166.70792 -70.87806 5.57 3114
201.45876 -70.62750 5.67 3472
163.42500 -70.72028 5.99 4984
