64.12042 -59.30194 4.44 836
71.08792 -59.73278 5.27 2239
81.58042 -58.91250 5.14 1909
76.37750 -57.47278 4.72 1155
88.08458 -57.15611 5.94 4744
87.45708 -56.16667 4.51 917
68.49917 -55.04500 3.27 226
92.57458 -54.96861 4.81 1273
72.73000 -53.46139 5.61 3254
87.72167 -52.10889 5.17 1995
88.70917 -52.63528 5.29 2287
86.82125 -51.06639 3.85 441
64.00667 -51.48667 4.25 660
90.20500 -51.21639 5.67 3468
70.69333 -50.48139 5.31 2325
79.84208 -50.60611 5.45 2696
76.24167 -49.57778 5.03 1692
75.70250 -49.15139 5.38 2513
82.53958 -47.07778 5.46 2737
86.61417 -46.59722 5.31 2334
82.90042 -45.92528 5.86 4305
67.70875 -44.95389 5.07 1756
64.81917 -44.26806 5.34 2410
89.65667 -44.03444 5.81 4143
63.50042 -42.29444 3.86 444
70.14042 -41.86389 4.45 845
62.71083 -41.99361 4.93 1471
84.68167 -40.70750 5.82 4160
81.77208 -40.94361 5.87 4348
