324.75458 20.26528 5.85 4264
309.63043 21.20111 4.82 1311
326.51834 22.94889 5.29 2289
314.56833 22.32583 5.31 2326
322.24957 22.17944 5.93 4650
322.48709 23.63889 4.57 977
320.26834 23.85583 5.57 3100
309.64624 23.68056 5.91 4580
309.63293 24.11611 5.04 1708
320.99500 24.27417 5.71 3667
331.75293 25.34500 3.76 385
326.16125 25.64500 4.13 598
311.21875 25.27056 4.91 1444
328.26584 25.92500 5.08 1778
309.26959 26.46194 5.59 3189
321.14166 26.17444 5.68 3515
331.29749 26.67389 5.78 3981
313.03207 27.09694 4.59 986
321.91708 27.60861 5.41 2598
326.03583 28.74278 4.73 1165
313.64001 28.05750 5.01 1644
328.12457 28.79333 5.53 2973
331.39459 28.96389 5.70 3612
312.86749 28.25056 5.77 3914
318.23416 30.22694 3.20 213
311.41541 30.71972 4.22 642
327.46124 30.17417 5.04 1695
317.16208 30.20583 5.59 3196
309.74792 30.33444 5.68 3501
316.62625 31.18472 5.82 4165
310.26083 32.30722 5.51 2895
320.20874 32.45278 5.68 3509
322.03458 32.22528 5.80 4102
311.55292 33.97028 2.46 90
332.49667 33.17833 4.29 707
313.47458 33.43778 5.47 2762
332.30667 33.17222 5.58 3149
319.47958 34.89694 4.43 832
311.79501 34.37417 4.92 1469
308.47583 35.25083 4.61 1013
311.85208 36.49083 4.53 930
307.33499 36.45472 5.88 4427
321.44583 36.66750 5.94 4767
315.30374 36.02611 5.97 4897
321.83917 37.11667 5.31 2337
318.69791 38.04556 3.72 370
323.69418 38.53417 4.90 1436
316.72751 38.74583 5.21 2080
325.85709 38.28389 5.65 3424
319.84250 38.23750 5.83 4215
319.35416 39.39472 4.23 653
333.46957 39.71500 4.49 890
