105.90833 10.95167 5.13 1890
97.95125 11.54444 5.23 2113
89.20625 11.52111 5.87 4357
84.26833 11.03500 5.94 4751
101.32250 12.89556 3.36 248
87.38708 12.65111 4.91 1451
94.11083 12.27222 5.04 1696
93.93750 12.55111 5.33 2377
89.72167 12.80861 5.70 3576
99.94833 12.98306 5.97 4885
105.96500 12.59444 5.98 4972
95.65208 12.57000 6.00 5062
100.99708 13.22778 4.49 888
103.66125 13.17778 4.65 1064
86.92875 13.89972 5.29 2286
102.60625 13.41333 5.65 3393
93.78542 13.85111 5.91 4577
91.89292 14.76833 4.42 825
92.98500 14.20889 4.48 882
87.62042 14.30556 5.52 2946
98.40042 14.15528 5.53 2961
88.09292 14.17167 5.59 3197
95.01750 14.65111 5.69 3567
86.80500 14.48833 5.72 3676
105.57250 15.33611 5.74 3788
86.68958 15.82250 6.00 5072
99.42792 16.39917 1.93 43
85.32375 16.53389 4.86 1373
93.01375 16.13056 4.95 1536
93.85458 16.14306 5.30 2306
105.06583 16.07889 5.68 3507
105.63958 16.67417 5.82 4150
102.45750 16.20278 5.85 4274
100.60125 17.64528 5.21 2072
86.85917 17.72917 5.49 2836
84.26583 17.04028 5.54 2992
93.61917 17.90639 5.88 4408
105.60625 17.75556 5.94 4707
90.86375 19.69056 5.14 1921
93.71208 19.15639 5.20 2044
93.00542 19.79056 5.75 3835
88.73625 19.74972 5.92 4644
97.24083 20.21222 4.15 606
88.59542 20.27611 4.41 815
90.98000 20.13833 4.63 1030
88.95542 20.17500 5.40 2578
84.41125 21.14250 3.00 174
102.88750 21.76111 5.27 2237
95.74000 22.51361 2.88 150
93.71917 22.50667 3.28 232
92.38500 22.19000 5.93 4696
91.03000 23.26333 4.16 612
103.00000 23.60167 5.65 3413
92.43333 23.11333 5.75 3840
87.25417 24.56750 4.86 1370
105.60333 24.21528 5.18 2014
83.86292 24.03944 5.38 2521
92.88458 24.42028 5.80 4069
100.98292 25.13111 2.98 167
89.49875 25.95389 4.82 1285
84.93417 25.89694 5.18 2015
103.82750 25.37556 5.73 3740
84.28667 26.92417 5.83 4198
88.33167 27.61222 4.58 980
87.74208 27.96778 5.56 3090
98.80042 28.02222 5.27 2238
101.18958 28.97083 5.44 2678
99.59583 28.98417 5.79 4000
93.84458 29.49806 4.35 758
105.87667 29.33722 5.93 4669
84.82667 29.21528 5.96 4846
