79.17250 45.99806 0.08 6
89.98375 45.93694 4.26 675
104.40458 45.09417 4.90 1424
77.67875 46.96222 5.68 3516
104.23333 46.70500 5.86 4314
104.13458 46.27417 5.87 4378
97.51250 46.68556 5.90 4541
90.24417 47.90194 5.73 3748
101.91500 48.78944 5.22 2095
90.42958 48.95944 5.96 4851
96.22458 49.28806 4.91 1443
86.47500 49.82639 5.47 2758
89.84083 49.92444 5.89 4444
76.66917 51.59778 5.00 1612
74.02958 52.86944 5.75 3811
74.32167 53.75222 4.47 865
95.44208 53.45222 5.36 2469
89.88167 54.28472 3.72 367
84.14667 54.42889 5.73 3738
88.71167 55.70694 4.99 1580
73.76292 55.25917 5.52 2922
72.00125 56.75722 5.30 2315
96.60750 56.28500 5.64 3377
99.41042 56.85750 5.85 4259
86.62667 56.11556 5.94 4748
80.86583 57.54444 5.28 2244
101.70625 57.16917 5.35 2445
104.31875 58.42250 4.35 756
76.53542 58.97250 5.08 1773
96.70375 58.41722 5.21 2076
92.49625 58.93583 5.36 2456
97.69667 58.16278 5.88 4434
94.90583 59.01083 4.48 879
101.55875 59.44167 4.87 1388
108.97875 59.63750 5.20 2053
88.74083 59.88833 5.20 2065
103.27125 59.44861 5.33 2388
93.91917 59.99917 5.35 2421
95.51500 59.37222 5.94 4759
75.85458 60.44222 4.03 540
94.47833 61.51528 4.98 1564
99.42250 61.48111 5.94 4723
80.09417 62.65361 5.61 3264
82.54250 63.06722 5.42 2627
73.02167 63.50528 5.44 2681
69.10083 64.26167 5.94 4745
