113.78625 30.96111 5.33 2386
133.56125 30.57944 5.39 2540
113.65000 31.88833 1.98 46
113.65000 31.88861 2.88 149
134.88583 32.41861 5.20 2062
134.23582 32.91028 5.45 2700
133.14417 32.47417 5.66 3453
135.35042 32.25250 5.82 4178
129.57916 32.80194 5.94 4743
116.87625 33.41556 5.14 1925
137.21292 33.88222 5.93 4667
114.79125 34.58417 4.90 1425
114.63667 35.04861 5.56 3091
128.68250 36.41944 5.78 3959
116.66375 37.51750 5.18 2009
136.63251 38.45222 4.56 966
115.06083 38.34444 5.73 3727
128.22917 38.01639 5.90 4507
111.03542 40.67222 5.19 2029
134.12708 40.20167 5.89 4482
135.16000 41.78278 3.97 505
133.04167 42.00250 5.99 4985
125.70875 43.18806 4.25 663
132.98666 43.72667 5.15 1949
138.45084 43.21778 5.32 2364
130.25458 45.83389 5.37 2474
134.20833 45.63194 5.74 3783
110.32292 45.22806 5.77 3907
133.04832 45.31250 5.99 4999
114.13167 46.18028 5.65 3402
139.38000 46.81722 5.97 4894
135.90625 47.15667 3.60 326
118.67792 47.56472 5.45 2702
134.80167 48.04167 3.14 202
115.30167 48.13167 5.56 3084
112.21500 48.18389 5.72 3674
114.47458 48.77361 5.92 4606
136.35042 48.53028 5.95 4802
111.67833 49.21139 4.64 1052
109.63292 49.46500 5.05 1721
112.48333 49.67250 5.36 2450
