40.05125 -9.45306 5.78 3963
21.00583 -8.18333 3.60 323
30.11208 -8.52361 5.51 2916
39.00000 -7.83167 5.53 2969
38.67792 -7.85944 5.75 3809
23.42875 -7.02528 5.76 3873
34.24583 -6.42222 5.51 2906
21.08583 -6.91472 5.91 4590
26.49708 -5.73333 5.34 2397
30.91875 -4.10361 5.62 3290
25.68125 -3.69028 4.99 1593
39.42417 -3.39611 5.65 3401
34.83625 -2.97750 3.04 184
19.15125 -2.50028 5.41 2586
33.19792 -2.39361 5.54 2998
38.03917 -1.03500 5.35 2423
32.89917 -1.82528 5.93 4664
35.55167 -0.88500 5.42 2613
40.30792 -0.69583 5.71 3630
19.95125 -0.50889 5.87 4383
30.95083 -0.34028 5.93 4655
39.87083 0.32861 4.07 564
35.48583 0.39583 5.28 2246
30.79875 0.12833 5.43 2646
37.68833 0.25528 6.00 5076
34.50583 1.75778 5.58 3155
30.51167 2.76361 4.33 734
30.51167 2.76361 5.23 2124
37.87542 2.26722 5.25 2193
40.82500 3.23583 3.47 277
28.38875 3.18750 4.62 1020
19.45000 3.61444 5.16 1961
30.03833 3.09722 5.88 4436
27.10833 3.68556 5.91 4603
25.35792 5.48750 4.44 842
38.96875 5.59333 4.86 1372
22.54625 6.14389 4.84 1337
39.02042 6.88694 5.82 4174
39.14625 7.72972 5.81 4110
37.03958 8.46000 4.28 693
33.25000 8.84667 4.37 782
32.83792 8.56972 5.63 3348
26.34833 9.15778 4.26 676
