223.58376 -24.64222 5.30 2307
238.47417 -24.53306 5.39 2558
239.64500 -24.83139 5.43 2638
222.32793 -24.25167 5.68 3526
220.80667 -24.99750 5.73 3722
235.07042 -23.81806 4.96 1547
238.48250 -23.97806 5.42 2618
234.45042 -23.14167 5.78 3996
221.52834 -23.15306 5.81 4136
240.08333 -22.62167 2.32 80
229.09583 -22.39944 5.50 2878
224.36667 -21.41556 5.74 3753
234.56792 -21.01611 5.84 4256
238.33376 -20.16722 5.03 1690
239.41833 -20.98306 5.85 4301
228.05542 -19.79167 4.54 941
235.48666 -19.67889 4.74 1180
234.72708 -19.30194 5.38 2511
233.15292 -19.67056 5.52 2951
238.75125 -19.38306 5.94 4753
222.71957 -16.04167 2.75 123
238.45625 -16.72944 4.15 610
226.65668 -16.25694 5.20 2057
240.08167 -16.53333 5.47 2770
233.23000 -16.85278 5.50 2864
232.06416 -16.71639 5.64 3352
232.66833 -16.60944 5.82 4149
222.67168 -15.99722 5.15 1937
236.01833 -15.67278 5.41 2603
233.88167 -14.78944 3.91 474
239.54750 -14.27944 4.88 1406
222.32957 -14.14889 5.31 2346
230.96750 -12.36944 5.72 3702
224.19208 -11.40972 5.46 2718
223.59541 -11.89833 5.80 4082
224.72333 -11.14417 5.87 4351
233.54459 -10.06444 4.62 1024
231.04958 -10.32222 4.94 1501
229.25166 -9.38306 2.61 103
233.61082 -9.18333 5.17 2001
225.24333 -8.51889 4.92 1467
240.19833 -8.41139 5.55 3025
220.76500 -5.65833 3.88 456
230.28168 -5.82472 5.54 3002
