291.62958 0.33861 4.66 1073
276.80209 0.19611 5.21 2074
289.63541 1.08528 5.10 1829
292.25418 1.95028 5.80 4097
285.88416 1.81889 5.83 4186
281.20792 2.06000 5.02 1651
288.42792 2.29361 5.15 1932
284.31918 2.53528 5.57 3128
292.08667 2.93028 5.85 4275
291.37457 3.11472 3.36 251
275.21707 3.37722 4.86 1377
284.05499 4.20361 4.62 1018
284.06082 4.20194 4.98 1577
289.12918 4.83472 5.59 3204
294.79834 5.39778 5.17 1982
281.36832 5.49972 5.83 4196
287.24957 6.07333 5.22 2086
279.16293 6.67194 5.45 2712
283.86459 6.61528 5.57 3102
276.99500 6.19417 5.73 3730
293.52249 7.37889 4.45 848
274.78958 7.25972 5.39 2532
276.41168 8.03194 5.65 3407
279.11584 9.12250 5.39 2531
286.74417 11.07139 5.09 1803
291.24249 11.94444 5.16 1972
295.64166 11.82667 5.27 2226
289.45416 11.59528 5.28 2247
294.21875 11.27333 5.98 4950
289.91376 12.37472 5.53 2958
275.64709 12.02889 5.89 4445
286.35251 13.86333 2.99 168
284.77374 13.62250 5.23 2132
291.60043 13.02389 5.74 3763
284.69543 13.90667 5.89 4449
292.34207 14.59583 5.56 3087
289.11166 14.54472 5.63 3336
284.90582 15.06833 4.02 536
288.83374 15.08361 5.57 3126
294.32251 16.46278 5.66 3454
277.76834 16.92861 5.77 3928
295.26208 17.47611 4.37 779
275.70416 17.82667 5.25 2173
284.56125 17.36083 5.38 2526
281.75543 18.18139 4.36 766
295.02417 18.01389 4.37 786
284.02582 18.10528 5.69 3548
278.80249 18.20333 5.78 3991
274.53207 18.13139 5.99 4980
293.64542 19.77333 5.00 1615
291.36917 19.79861 5.16 1958
291.61957 19.89139 5.81 4114
282.22250 19.32861 5.88 4405
