217.95750 30.37139 3.58 318
207.16125 31.19028 5.62 3294
207.94792 34.44417 4.74 1170
199.61583 34.09806 5.82 4154
207.78833 34.66444 5.87 4343
205.68083 34.98889 5.98 4933
214.49918 35.50944 4.81 1277
204.36501 36.29500 4.82 1305
203.69917 37.18250 4.98 1570
222.62334 37.27194 5.48 2804
218.01958 38.30833 3.03 181
206.74918 38.54278 5.50 2857
197.51334 38.49889 5.91 4578
206.57916 38.50389 5.94 4725
199.38542 40.57250 4.73 1156
198.42917 40.15278 4.92 1459
200.07916 40.15056 5.60 3238
220.93500 40.45917 5.73 3716
198.88333 40.85528 5.79 4001
206.55624 41.08861 5.87 4382
211.98250 43.85444 5.27 2236
219.55208 43.64194 5.70 3581
219.70917 44.40444 5.39 2556
196.46793 45.26861 5.63 3338
214.09583 46.08833 4.18 621
222.32793 46.11611 5.74 3762
201.56917 46.02806 5.88 4399
222.42207 48.72056 5.69 3543
206.88499 49.31333 1.86 39
203.61375 49.01611 4.70 1121
199.56042 49.68194 5.15 1942
212.07208 49.45806 5.25 2171
217.15750 49.84472 5.59 3213
224.09583 49.62861 5.63 3326
218.66499 49.36833 5.74 3768
