344.41293 -29.62222 1.16 17
344.89917 -29.46222 5.51 2912
342.83707 -29.53611 5.97 4900
345.33084 -28.85361 5.55 3036
347.08749 -28.82333 5.60 3219
347.43582 -28.08861 5.87 4388
340.16418 -27.04361 4.17 619
333.57834 -27.76694 5.43 2648
337.44168 -27.10722 5.95 4786
350.31458 -26.98667 5.64 3385
333.43500 -25.18083 5.58 3154
345.02417 -25.16417 5.65 3391
335.87875 -24.76250 5.53 2955
346.67041 -23.74306 4.47 872
338.90207 -23.99111 5.97 4908
347.47833 -22.45750 4.69 1112
347.36166 -21.17250 3.66 349
335.39832 -21.59833 5.13 1887
350.74249 -20.10056 3.97 506
351.51166 -20.64194 4.39 795
353.31918 -20.91444 4.71 1145
338.67334 -20.70833 5.20 2049
345.68457 -20.87056 5.97 4879
341.88791 -19.61333 5.26 2206
340.89709 -18.83028 4.69 1117
355.39374 -18.02722 5.34 2400
349.85043 -18.07528 5.93 4700
355.44083 -17.81639 4.82 1300
343.68958 -16.27194 5.56 3089
343.66251 -15.82083 3.27 227
350.66333 -15.03917 5.20 2050
355.61624 -15.44778 5.28 2254
353.70584 -15.24583 5.96 4874
355.68042 -14.54500 4.49 884
354.94626 -14.22167 5.00 1621
341.92834 -14.05639 5.66 3458
342.39792 -13.59250 4.01 526
349.77792 -13.45889 5.08 1782
354.41501 -13.06028 5.65 3426
336.11292 -13.52944 5.76 3857
334.75333 -13.30500 5.95 4818
334.20041 -12.83139 5.34 2398
343.36957 -11.61667 5.80 4083
355.28708 -11.68056 5.89 4453
337.66168 -10.67806 4.82 1290
