17.43292 35.62056 2.06 56
9.33792 35.39944 5.48 2806
25.51458 35.24556 5.64 3362
32.12208 37.85917 4.82 1294
20.91917 37.71500 5.58 3132
29.03875 37.25167 5.67 3488
17.79292 37.72417 5.81 4140
23.56917 37.23722 5.88 4423
28.97667 37.27778 5.89 4457
27.16208 37.95278 5.94 4721
14.18833 38.49944 3.87 451
10.28000 39.45861 5.33 2392
32.72000 39.03944 5.63 3312
25.14500 40.57694 4.94 1512
28.32208 40.72972 5.40 2565
24.19917 41.40556 4.09 572
12.45333 41.07889 4.53 938
15.72625 41.34500 5.98 4958
30.97500 42.32972 2.26 73
30.97792 42.33083 4.84 1336
25.44667 42.61361 4.95 1533
17.57833 42.08139 5.65 3428
17.00375 43.94194 5.03 1691
25.16583 43.29778 5.61 3275
21.57750 43.45778 5.96 4848
33.30542 44.23167 4.83 1320
24.83750 44.38611 4.98 1572
9.19417 44.48861 5.13 1897
7.05708 44.39444 5.17 1984
21.91417 45.40667 4.83 1314
20.58500 45.52889 4.88 1397
17.37583 47.24194 4.25 668
10.86708 47.02472 4.94 1489
22.52583 47.00722 5.27 2219
34.82000 47.38000 5.30 2318
11.11000 47.86417 5.67 3494
27.31542 47.89694 5.82 4171
24.49833 48.62833 3.57 315
11.18125 48.28444 4.54 945
24.11333 48.72278 5.92 4639
9.79125 49.35444 5.43 2660
29.64000 49.20417 5.69 3539
25.91500 50.68861 4.07 565
10.51625 50.51250 4.80 1266
12.20875 50.96833 4.89 1422
35.24250 50.15139 5.59 3180
28.03917 50.79278 5.79 4038
33.40125 51.06583 5.31 2341
27.73792 51.93333 5.90 4515
6.06500 52.02000 5.57 3107
7.92167 52.83944 5.60 3224
16.01000 52.50222 5.99 5016
9.24292 53.89694 3.66 346
6.27667 53.04694 5.74 3761
7.94333 54.52222 4.73 1161
30.57542 54.48750 5.04 1704
9.03458 54.16861 5.08 1772
17.06833 54.92028 5.17 1987
8.29333 54.89500 5.93 4678
