47.04208 40.95556 2.12 62
40.56208 40.19389 4.91 1450
35.70958 41.39639 5.82 4176
44.91625 41.03306 5.89 4486
56.29833 42.57861 3.77 397
50.36042 43.32944 4.95 1522
47.37417 44.85722 3.80 406
33.30542 44.23167 4.83 1320
41.02167 44.29694 5.43 2657
49.44750 44.02500 5.47 2776
57.51875 44.96778 5.66 3450
56.49708 45.68194 5.66 3437
53.10958 46.05694 5.31 2333
42.92375 46.84194 5.88 4407
55.73125 47.78750 3.01 177
52.64375 47.99528 4.36 762
34.82000 47.38000 5.30 2318
58.99250 47.87139 5.37 2492
44.95792 47.22083 5.47 2777
54.12250 48.19278 4.23 647
53.03583 48.02361 5.47 2784
58.41125 48.65056 5.76 3885
52.65417 48.10361 5.82 4148
48.35000 48.17694 5.90 4494
51.08083 49.86111 1.79 34
47.26667 49.61333 4.05 551
41.05000 49.22833 4.12 593
52.34208 49.50889 4.67 1094
52.01292 49.06278 4.98 1579
50.80500 49.21333 5.29 2297
52.21833 49.84833 5.58 3156
29.64000 49.20417 5.69 3539
50.46917 49.07083 5.93 4697
36.40583 50.27861 4.71 1140
49.05083 50.93778 5.03 1683
49.78167 50.09500 5.03 1688
49.65750 50.22222 5.15 1931
36.10375 50.00667 5.19 2031
59.15208 50.69528 5.28 2258
35.24250 50.15139 5.59 3180
33.40125 51.06583 5.31 2341
43.56458 52.76250 3.95 493
45.21750 52.35167 5.28 2265
46.19917 53.50639 2.93 160
40.74875 53.52611 5.84 4244
30.57542 54.48750 5.04 1704
53.41250 54.97472 5.98 4951
42.67417 55.89556 3.76 389
52.50083 55.45194 5.09 1804
35.58917 55.84556 5.17 1978
27.99708 55.14750 5.52 2954
40.76167 55.10583 5.77 3941
46.38500 56.70583 4.76 1198
34.49958 57.89972 5.75 3797
48.95000 57.14083 5.79 4047
58.43042 57.97500 5.80 4068
34.51875 57.51667 5.98 4975
52.47875 58.87861 4.54 953
32.16875 58.42361 5.67 3474
52.26708 59.94028 4.21 633
61.11333 59.15556 5.06 1749
55.67792 59.96944 5.76 3882
