134.31207 15.32278 5.20 2047
134.39667 15.58139 5.67 3486
119.24750 15.79028 5.78 3956
120.37625 16.45528 5.99 4978
119.63125 16.51861 5.99 4997
120.19708 17.30861 5.55 3043
123.05292 17.64778 5.63 3343
131.17125 18.15417 3.94 483
127.89875 18.09444 5.35 2444
125.84083 18.33222 5.95 4787
128.17708 20.44111 5.33 2381
125.08750 20.74778 5.83 4188
130.82124 21.46861 4.66 1080
121.94083 21.58167 5.30 2312
137.33958 22.04556 5.14 1912
121.57667 22.63556 5.99 4988
135.68459 24.45278 5.45 2687
127.87708 24.08111 5.75 3793
125.13375 24.02222 5.98 4955
122.61333 25.50722 5.73 3719
120.23292 25.39278 5.83 4201
141.16376 26.18222 4.46 859
118.37417 26.76583 4.97 1556
137.19708 26.62917 5.98 4957
120.87958 27.79417 4.94 1513
125.01625 27.21778 5.14 1923
133.91542 27.92750 5.22 2096
126.61542 27.89361 5.57 3097
131.67416 28.76000 4.02 533
133.14917 28.33083 5.95 4817
137.00043 29.65417 5.43 2662
123.28708 29.65667 5.64 3384
133.56125 30.57944 5.39 2540
137.66125 30.96306 5.95 4797
134.88583 32.41861 5.20 2062
134.23582 32.91028 5.45 2700
133.14417 32.47417 5.66 3453
135.35042 32.25250 5.82 4178
129.57916 32.80194 5.94 4743
142.67999 33.65556 5.85 4270
137.21292 33.88222 5.93 4667
140.26375 34.39250 3.13 199
138.80959 34.63361 5.97 4891
