281.79376 -4.74778 4.22 636
269.19876 -4.08194 5.47 2760
271.56332 -4.75139 5.77 3917
269.90292 -4.82139 5.87 4354
270.12082 -3.69028 4.62 1028
285.72708 -3.69889 5.42 2626
274.22125 -3.00722 6.00 5070
275.32751 -2.89889 3.26 225
277.42084 -1.98528 5.39 2535
277.98749 -1.00306 5.94 4738
279.39999 -0.30944 5.75 3800
281.61874 -0.96167 5.90 4529
276.80209 0.19611 5.21 2074
269.07666 0.67028 5.82 4163
269.26791 0.06639 5.97 4903
270.43832 1.30528 4.45 852
285.88416 1.81889 5.83 4186
268.14749 1.30500 5.95 4814
266.97333 2.70722 3.75 380
270.16125 2.93167 3.97 507
271.36374 2.49944 4.03 541
281.20792 2.06000 5.02 1651
284.31918 2.53528 5.57 3128
275.21707 3.37722 4.86 1377
272.66791 3.32417 5.51 2905
272.47501 3.11972 5.69 3557
272.39084 3.99333 5.73 3721
265.86832 4.56722 2.77 126
284.05499 4.20361 4.62 1018
270.06583 4.36861 4.64 1053
284.06082 4.20194 4.98 1577
281.36832 5.49972 5.83 4196
279.16293 6.67194 5.45 2712
283.86459 6.61528 5.57 3102
276.99500 6.19417 5.73 3730
268.30917 6.10139 5.77 3930
265.38458 6.31278 5.95 4815
274.78958 7.25972 5.39 2532
271.82666 8.73389 4.64 1043
276.41168 8.03194 5.65 3407
271.83749 9.56389 3.73 373
279.11584 9.12250 5.39 2531
275.64709 12.02889 5.89 4445
284.77374 13.62250 5.23 2132
284.69543 13.90667 5.89 4449
