207.36917 15.79778 4.07 563
191.66125 16.57750 5.12 1883
197.44917 16.84861 5.91 4592
206.81541 17.45667 4.50 901
194.73083 17.40944 4.78 1232
197.49709 17.52944 5.22 2093
197.49709 17.52944 5.22 2103
189.24292 17.08944 5.68 3503
208.30376 17.93278 5.70 3604
195.28999 17.12306 5.96 4826
208.67125 18.39778 2.68 111
205.16875 19.95556 5.75 3824
193.32417 21.24500 4.90 1423
207.42833 21.26417 4.91 1455
189.78043 21.06250 5.46 2730
209.66208 21.69611 5.76 3884
196.58833 21.15333 5.99 5010
196.59418 22.61611 5.60 3221
205.25958 22.49583 5.62 3310
201.27792 23.85444 5.78 3974
204.24625 24.61333 5.74 3787
206.68042 25.70222 5.95 4788
197.96832 27.87806 4.26 673
196.79459 27.62472 4.80 1263
192.92458 27.54056 4.94 1493
209.14250 27.49194 5.01 1643
192.32249 27.55222 5.78 3987
208.29292 28.64806 5.90 4543
195.06876 30.78500 4.90 1430
207.16125 31.19028 5.62 3294
188.41208 33.24750 5.42 2614
207.94792 34.44417 4.74 1170
199.61583 34.09806 5.82 4154
207.78833 34.66444 5.87 4343
205.68083 34.98889 5.98 4933
