42.67417 55.89556 3.76 389
52.50083 55.45194 5.09 1804
73.76292 55.25917 5.52 2922
46.38500 56.70583 4.76 1198
72.00125 56.75722 5.30 2315
65.46583 56.50667 5.88 4437
64.28417 57.86056 5.71 3631
48.95000 57.14083 5.79 4047
58.43042 57.97500 5.80 4068
52.47875 58.87861 4.54 953
76.53542 58.97250 5.08 1773
52.26708 59.94028 4.21 633
61.11333 59.15556 5.06 1749
55.67792 59.96944 5.76 3882
75.85458 60.44222 4.03 540
65.44833 60.73556 5.39 2552
59.28458 61.10889 5.00 1608
43.98708 61.52111 5.59 3215
64.22333 61.85028 5.70 3590
80.09417 62.65361 5.61 3264
56.50958 63.34500 4.80 1255
59.35625 63.07222 5.03 1674
55.53875 63.21667 5.10 1822
82.54250 63.06722 5.42 2627
73.02167 63.50528 5.44 2681
57.40292 63.29722 5.85 4268
51.16875 64.58611 5.23 2122
46.82917 64.05778 5.89 4489
69.10083 64.26167 5.94 4745
57.38000 65.52611 4.47 866
49.99750 65.65222 4.84 1338
65.16792 65.14056 5.27 2234
39.40042 65.74556 5.78 3989
73.51250 66.34278 4.29 711
37.26667 67.40250 4.52 921
56.50375 67.20167 5.80 4103
41.20708 67.82472 5.95 4776
42.99458 68.88861 5.80 4096
61.51292 68.68000 5.87 4366
30.48917 70.90694 4.54 939
57.30750 70.87111 5.44 2668
57.58958 71.33222 4.63 1040
30.85875 72.42139 3.98 511
39.50833 72.81833 5.16 1975
68.37792 72.52861 5.94 4752
24.62875 73.04000 5.28 2250
78.09333 73.94667 5.43 2634
79.55542 73.26806 5.74 3758
47.98458 74.39361 4.87 1386
76.16583 74.06694 5.96 4872
