241.35918 -19.80556 2.62 105
242.99875 -19.46056 4.01 522
228.05542 -19.79167 4.54 941
235.48666 -19.67889 4.74 1180
241.36041 -19.80194 4.92 1464
234.72708 -19.30194 5.38 2511
233.15292 -19.67056 5.52 2951
238.75125 -19.38306 5.94 4753
238.45625 -16.72944 4.15 610
226.65668 -16.25694 5.20 2057
240.08167 -16.53333 5.47 2770
233.23000 -16.85278 5.50 2864
232.06416 -16.71639 5.64 3352
232.66833 -16.60944 5.82 4149
236.01833 -15.67278 5.41 2603
233.88167 -14.78944 3.91 474
239.54750 -14.27944 4.88 1406
244.75166 -14.87250 5.94 4749
230.96750 -12.36944 5.72 3702
241.90167 -12.74556 5.78 3955
241.09209 -11.37306 4.77 1219
241.09209 -11.37306 5.07 1752
243.46208 -11.83750 5.22 2097
224.19208 -11.40972 5.46 2718
224.72333 -11.14417 5.87 4351
233.54459 -10.06444 4.62 1024
231.04958 -10.32222 4.94 1501
243.00000 -10.06417 4.94 1511
229.25166 -9.38306 2.61 103
233.61082 -9.18333 5.17 2001
225.24333 -8.51889 4.92 1467
243.03043 -8.54750 5.43 2649
243.90543 -8.36944 5.50 2882
240.19833 -8.41139 5.55 3025
230.28168 -5.82472 5.54 3002
244.58041 -4.69250 3.24 220
224.29584 -4.34639 4.49 886
243.58624 -3.69444 2.74 122
237.40500 -3.43028 3.53 298
237.81500 -3.09056 5.11 1845
242.46042 -3.46694 5.37 2476
237.23666 -3.81861 5.53 2963
225.33250 -2.75500 5.52 2931
236.52333 -1.80444 5.40 2564
233.24126 -1.18639 5.51 2915
224.38875 -0.16750 5.53 2985
225.45375 -0.14056 5.71 3654
229.60918 -0.46139 5.89 4490
