306.36166 -28.66333 5.85 4260
299.23666 -27.17000 4.52 925
300.66458 -27.70972 4.58 978
318.32208 -27.61944 5.42 2606
303.82251 -27.03278 5.73 3733
312.95541 -26.91917 4.11 585
298.95999 -26.29944 4.70 1122
299.73834 -26.19556 4.83 1334
314.19708 -26.29639 5.70 3587
311.52374 -25.27083 4.14 601
316.78207 -25.00583 4.50 896
312.32333 -25.78139 5.86 4322
320.75208 -22.66889 5.60 3244
317.14001 -21.19361 5.30 2316
304.50583 -21.81000 5.87 4350
311.54166 -21.51417 5.93 4693
318.90793 -20.65167 5.24 2152
316.10126 -19.85500 4.84 1339
304.84833 -19.11861 5.28 2268
310.01251 -18.13861 5.10 1830
306.82999 -18.21167 5.25 2195
307.47458 -18.58333 5.94 4719
316.48666 -17.23278 4.07 562
307.21500 -17.81361 4.78 1233
319.48874 -17.98528 5.43 2637
313.69958 -17.92306 5.78 3993
320.56168 -16.83444 4.28 698
310.13541 -16.12417 5.80 4074
314.41916 -16.03167 5.87 4386
299.48749 -15.49139 5.02 1654
318.93707 -15.17139 5.28 2261
305.25293 -14.78139 3.08 190
309.81833 -14.95472 5.22 2084
300.49417 -13.63694 5.71 3649
304.51376 -12.54472 3.57 316
304.41208 -12.50833 4.24 656
305.16583 -12.75917 4.76 1197
303.10791 -12.61750 5.85 4294
312.67416 -12.54500 5.88 4426
317.39874 -11.37167 4.51 912
