299.96375 -34.69778 5.30 2298
312.49207 -33.77972 4.90 1433
310.08249 -33.43194 5.47 2781
300.08459 -33.70389 5.66 3456
315.32291 -32.25778 4.67 1087
301.08167 -32.05639 4.99 1591
316.60291 -32.34167 5.18 2022
296.50500 -31.90861 5.52 2930
310.34875 -31.59833 5.76 3888
316.50500 -30.12500 5.68 3524
306.36166 -28.66333 5.85 4260
299.23666 -27.17000 4.52 925
300.66458 -27.70972 4.58 978
303.82251 -27.03278 5.73 3733
312.95541 -26.91917 4.11 585
298.95999 -26.29944 4.70 1122
299.73834 -26.19556 4.83 1334
314.19708 -26.29639 5.70 3587
311.52374 -25.27083 4.14 601
316.78207 -25.00583 4.50 896
312.32333 -25.78139 5.86 4322
294.17667 -24.88361 4.60 999
294.00708 -24.71917 5.65 3420
295.02957 -23.42861 5.97 4892
304.50583 -21.81000 5.87 4350
311.54166 -21.51417 5.93 4693
296.59042 -19.76111 4.86 1376
304.84833 -19.11861 5.28 2268
298.04999 -19.04500 5.92 4645
310.01251 -18.13861 5.10 1830
306.82999 -18.21167 5.25 2195
294.26376 -18.23111 5.64 3369
307.47458 -18.58333 5.94 4719
307.21500 -17.81361 4.78 1233
313.69958 -17.92306 5.78 3993
295.62958 -16.12389 5.06 1737
310.13541 -16.12417 5.80 4074
314.41916 -16.03167 5.87 4386
299.48749 -15.49139 5.02 1654
295.88959 -15.47000 5.49 2845
