84.91208 -34.07417 2.64 107
102.71833 -34.36722 4.99 1581
104.60458 -34.11167 5.06 1738
85.56292 -34.66778 5.29 2285
95.15125 -34.14389 5.53 2975
94.92083 -34.39667 5.78 3962
91.76542 -34.31194 5.83 4202
95.52833 -33.43639 3.85 436
88.27875 -33.80139 4.87 1389
90.31833 -33.91167 5.55 3057
83.81417 -33.08000 5.78 3968
102.46042 -32.50861 3.96 494
97.04208 -32.58000 4.48 876
86.49958 -32.30639 5.17 1981
99.44833 -32.33972 5.27 2241
84.95750 -32.62917 5.45 2692
98.64708 -32.71639 5.62 3304
91.08458 -32.17250 5.65 3389
98.16250 -32.03056 5.69 3535
97.16333 -32.37111 5.74 3778
101.11833 -31.07056 5.20 2061
89.08708 -31.38250 5.50 2873
102.59708 -31.70611 5.70 3598
101.34500 -31.79361 5.92 4637
95.07833 -30.06333 3.02 180
99.92792 -30.47028 5.71 3651
101.38042 -30.94889 5.80 4100
91.52292 -29.75861 5.81 4146
104.65625 -28.97222 1.50 23
84.43583 -28.68944 5.31 2329
105.42958 -27.93472 3.47 280
92.64417 -27.15417 5.72 3675
97.69292 -27.76944 5.93 4663
90.81458 -26.28444 5.04 1698
104.64958 -25.41389 5.59 3212
95.98292 -25.57778 5.63 3342
105.27458 -25.21528 5.63 3344
103.53292 -24.18389 3.87 448
104.39125 -24.63056 5.46 2724
105.75625 -23.83333 3.02 179
97.96375 -23.41833 4.33 737
91.63333 -23.11056 5.47 2764
86.11583 -22.44833 3.60 327
98.76417 -22.96472 4.54 949
103.94500 -22.94139 5.30 2305
92.24125 -22.42750 5.50 2886
92.44958 -22.77417 5.71 3664
87.47292 -22.97167 5.87 4364
85.55792 -22.37361 5.87 4367
89.05958 -22.84028 5.96 4850
91.74000 -21.81278 5.78 3976
87.83042 -20.87917 3.81 411
103.90583 -20.13639 4.68 1100
103.38708 -20.22417 4.83 1333
103.76125 -20.40472 5.74 3776
94.74583 -20.92611 5.81 4133
93.78500 -20.27222 5.91 4573
99.17083 -19.25583 3.95 487
91.92333 -19.16583 5.31 2324
94.55708 -19.96694 5.52 2933
103.32833 -19.03278 5.64 3357
99.47250 -18.23750 4.43 828
99.09500 -18.66000 5.70 3575
85.84000 -18.55750 5.73 3717
93.82292 -18.47667 5.99 5014
95.67500 -17.95583 1.98 48
104.03417 -17.05417 4.37 777
97.15542 -17.46611 5.77 3915
102.59125 -17.08389 5.79 4007
101.28708 -16.71611 -1.46 1
91.24625 -16.48444 4.93 1474
94.42375 -16.81583 5.14 1904
94.03208 -16.61778 5.92 4612
105.93958 -15.63333 4.12 591
102.24083 -15.14472 5.39 2560
