94.47833 61.51528 4.98 1564
99.42250 61.48111 5.94 4723
124.82208 62.50722 5.71 3618
82.54250 63.06722 5.42 2627
93.21292 65.71833 5.32 2353
128.65083 65.14500 5.47 2761
85.61000 65.69778 5.60 3236
129.79875 65.02083 5.64 3355
116.66708 65.45583 5.92 4610
102.73792 67.57194 5.14 1924
127.44250 67.29750 5.88 4428
103.42583 68.88833 5.12 1872
123.20333 68.47417 5.32 2365
112.71958 68.46556 5.64 3350
94.71167 69.31972 4.80 1257
105.33958 70.80806 5.68 3502
97.06083 70.53556 5.97 4890
100.13417 71.74889 5.92 4640
138.96918 72.94611 5.96 4858
125.16792 72.40722 5.98 4968
120.04875 73.91806 5.41 2594
78.09333 73.94667 5.43 2634
79.55542 73.26806 5.74 3758
76.16583 74.06694 5.96 4872
124.88417 75.75694 5.54 3005
105.01667 76.97750 4.55 957
100.12000 77.99583 5.73 3747
80.63958 79.23111 5.05 1722
121.19625 79.47972 5.42 2608
101.55875 79.56472 5.45 2693
