330.27084 0.60500 5.58 3160
336.31918 1.37750 4.66 1071
325.54208 1.28528 5.67 3490
324.88876 2.24361 5.10 1818
326.80832 2.68611 5.64 3366
336.96457 4.69556 4.79 1249
337.49167 4.43167 5.48 2791
336.65582 4.39361 5.75 3839
331.42001 5.05861 4.84 1345
325.56458 5.68000 5.30 2308
335.11499 5.78944 5.37 2488
324.63293 5.77167 5.67 3485
332.54999 6.19778 3.53 294
320.72333 6.81111 5.16 1962
330.03293 6.71750 6.00 5061
320.26999 7.35444 5.82 4177
330.28833 8.25722 5.65 3412
326.04666 9.87500 2.39 82
337.28333 9.12889 5.58 3145
340.36542 10.83139 3.40 258
332.65582 11.62444 5.78 3985
330.82916 11.38639 5.80 4066
319.71667 11.20333 5.96 4842
335.37958 12.20528 5.01 1646
329.23499 12.07639 5.54 2988
330.27249 13.11972 5.60 3247
340.21957 14.54944 5.71 3620
340.48917 14.51639 5.90 4511
326.13043 14.77194 5.94 4754
332.96375 16.04056 5.95 4794
326.12793 17.35000 4.34 744
327.53625 17.28556 5.29 2290
320.52167 19.80444 4.08 568
324.43918 19.31861 5.45 2701
328.40582 19.66833 5.68 3511
331.86917 19.47556 5.75 3806
327.89249 19.82667 5.77 3908
339.71918 19.52222 5.82 4167
