243.36958 -54.63056 4.94 1510
264.52332 -54.50028 5.25 2172
255.02583 -54.59694 5.65 3394
254.89626 -53.16056 4.06 556
255.78667 -53.23694 5.29 2275
244.17958 -53.81111 5.44 2683
237.52875 -53.20944 5.77 3932
243.32001 -53.67167 5.83 4200
267.61749 -53.61222 5.92 4609
251.16583 -53.15250 5.96 4836
261.98999 -52.29722 5.75 3816
254.11958 -52.28389 5.94 4709
266.03625 -51.83417 5.15 1934
244.96001 -50.15556 4.02 531
244.25375 -50.06833 4.99 1594
261.50000 -50.63361 5.23 2126
254.57500 -50.64111 5.55 3050
261.80167 -50.63028 5.92 4617
264.36334 -50.06000 5.93 4652
262.96042 -49.87611 2.95 163
240.80376 -49.22972 4.65 1065
265.09833 -49.41556 4.77 1215
245.61667 -49.57222 5.33 2375
250.41750 -49.65167 5.65 3400
250.33458 -48.76306 5.65 3398
257.91208 -48.87417 5.84 4227
255.11292 -48.64778 6.00 5054
246.79625 -47.55500 4.47 869
243.81375 -47.37222 5.14 1922
260.81708 -47.46833 5.25 2190
263.91501 -46.50556 4.59 992
247.42625 -46.24333 5.35 2417
259.76334 -46.63389 5.48 2816
265.31793 -46.92194 5.79 4018
241.62250 -45.17333 4.72 1152
261.71457 -45.84361 5.29 2278
269.19751 -44.34222 4.86 1365
248.52083 -44.04528 4.94 1488
257.67624 -44.55750 5.08 1783
261.05417 -44.16250 5.12 1870
259.70001 -44.12972 5.76 3869
258.03833 -43.23917 3.33 241
249.60918 -43.39861 5.83 4218
245.62042 -43.91222 5.88 4406
253.42708 -43.05083 5.96 4841
264.32999 -42.99778 1.87 40
253.64583 -42.36139 3.62 331
253.49875 -42.36222 4.73 1163
244.82375 -42.67389 5.45 2695
249.09375 -42.85889 5.47 2752
266.17499 -42.72889 5.87 4369
253.61208 -42.47889 5.88 4402
252.89043 -41.23056 5.22 2100
247.92375 -41.81694 5.33 2391
253.50751 -41.80639 5.45 2717
253.74333 -41.15111 5.77 3931
263.28082 -41.17361 5.84 4238
242.82375 -41.11972 5.86 4330
266.89624 -40.12694 3.03 182
267.54666 -40.09056 4.81 1281
251.17751 -40.83972 5.71 3643
267.88666 -40.77250 5.96 4831
265.62207 -39.03000 2.41 84
246.00542 -39.19306 5.40 2568
251.69917 -39.37722 5.48 2812
258.06750 -39.50694 5.67 3495
252.96750 -38.04750 3.08 189
253.08376 -38.01750 3.57 314
264.13666 -38.63528 4.29 703
255.96167 -38.15222 5.91 4593
258.89957 -38.59389 5.96 4825
263.40207 -37.10389 1.63 24
262.69083 -37.29583 2.69 116
267.46457 -37.04333 3.21 215
246.13208 -37.56583 5.42 2605
247.06125 -37.17944 5.79 4029
249.77167 -37.21750 5.91 4584
260.72876 -37.22056 5.93 4690
256.58459 -37.22750 5.98 4952
265.71249 -36.94583 5.54 3014
249.09375 -35.25556 4.16 616
255.15375 -35.93417 5.97 4918
