300.34000 50.10472 5.05 1725
310.55249 50.34000 5.39 2549
314.62543 50.46222 5.61 3250
314.10626 50.72861 5.81 4138
325.52374 51.18972 4.67 1090
298.90750 52.43889 4.92 1468
330.46082 52.88222 5.78 3967
317.56500 53.56333 5.73 3723
301.55750 53.16583 5.85 4297
315.94833 53.28611 5.90 4498
328.00418 55.79694 5.71 3638
304.60333 55.39722 5.76 3863
319.30957 55.79806 5.98 4976
303.34958 56.56778 4.30 717
332.95334 56.83944 5.24 2141
311.09167 56.48806 5.78 3983
328.72168 56.61139 5.80 4076
315.53793 56.66972 5.83 4211
307.36292 56.06806 5.91 4591
333.75833 57.04361 4.19 627
311.33792 57.57972 4.51 906
298.32251 57.52361 5.14 1914
324.73999 57.48917 5.62 3303
332.71375 58.20111 3.35 247
325.87668 58.78000 4.08 571
298.98083 58.84611 4.96 1546
330.51917 58.00056 5.56 3086
319.81583 58.62361 5.66 3445
332.87793 59.41444 5.04 1697
314.85583 59.43861 5.51 2904
317.95084 59.98639 5.64 3383
333.00793 60.75944 5.35 2427
326.85541 60.69278 5.52 2950
322.74707 60.45944 5.53 2978
303.36542 60.64056 5.79 4051
311.32251 61.83889 3.43 268
326.36209 61.12083 4.29 709
301.38666 61.99556 5.39 2529
319.64499 62.58556 2.44 87
307.39542 62.99417 4.22 641
324.48001 62.08194 4.73 1157
331.28708 62.28000 5.11 1837
331.25208 62.78556 5.27 2221
304.90292 62.25750 5.72 3691
334.55292 62.80444 5.75 3801
302.89542 62.07861 5.75 3830
329.72250 62.69833 5.93 4672
326.22208 62.46056 5.95 4768
329.16293 63.62556 4.91 1456
330.97043 63.11972 5.29 2269
305.29749 63.98028 5.69 3569
333.09293 63.29139 5.79 3999
299.61957 63.53417 5.96 4828
330.94751 64.62778 4.29 701
319.84250 64.87194 5.18 2008
300.36874 64.82111 5.27 2233
290.16708 65.71472 4.59 995
336.77209 65.13222 5.46 2732
328.87958 65.32083 5.86 4311
321.94208 66.80917 5.44 2682
310.79584 66.65750 5.58 3164
304.38043 66.85389 5.93 4651
288.13876 67.66167 3.07 188
300.70459 67.87361 4.51 910
305.02499 68.88028 5.55 3022
293.09000 69.66111 4.68 1099
296.07709 69.33694 5.92 4614
