209.67000 -44.80361 3.87 446
204.27499 -44.14333 5.98 4928
222.91000 -43.57556 4.32 727
197.84666 -43.36889 5.25 2174
215.04042 -43.05889 5.56 3088
199.30792 -43.97944 5.84 4246
218.87666 -42.15778 2.31 79
207.40417 -42.47389 3.04 183
209.56792 -42.10083 3.83 421
197.78667 -42.23306 5.79 4021
205.91667 -42.06750 5.98 4942
207.37625 -41.68778 3.41 263
211.51167 -41.17972 4.36 775
196.64626 -41.58861 5.59 3191
213.67751 -41.83750 5.61 3260
201.73375 -41.49806 5.69 3533
218.88126 -41.51722 5.87 4381
205.72917 -41.40111 5.98 4930
204.95250 -40.05194 5.60 3237
219.18417 -40.21167 5.74 3770
202.76125 -39.40750 3.88 460
215.75917 -39.51222 4.42 818
201.53250 -39.75528 5.09 1800
221.77126 -38.29083 5.94 4718
217.79500 -38.86972 5.97 4889
220.49001 -37.79361 4.00 517
215.13918 -37.88528 4.05 550
198.01334 -37.80306 4.85 1360
214.84958 -37.00361 5.94 4717
211.67084 -36.37000 2.06 57
200.14917 -36.71222 2.75 124
206.73500 -36.25194 5.15 1938
220.25583 -36.13500 5.67 3460
220.91417 -35.17361 4.05 547
221.24667 -35.19194 4.92 1460
208.38667 -35.66417 5.54 2994
207.36125 -34.45083 4.19 626
215.58208 -34.78694 5.56 3064
206.42168 -33.04389 4.23 651
207.95667 -32.99444 4.56 963
208.30208 -31.92778 4.73 1167
199.22125 -31.50611 5.10 1832
217.04333 -29.49167 4.97 1559
204.67500 -29.56083 5.83 4182
203.14958 -28.69278 5.69 3560
215.77417 -27.75389 4.77 1211
213.19167 -27.26111 5.08 1789
210.59500 -27.43000 5.48 2808
211.59293 -26.68250 3.27 228
221.93668 -26.08750 5.24 2151
221.98958 -26.64639 5.77 3942
204.20168 -26.49500 5.78 3973
206.40375 -26.11611 5.81 4128
221.50043 -25.44306 4.94 1499
221.84375 -25.62444 5.63 3313
210.00043 -25.01028 5.77 3897
214.75333 -25.81556 5.87 4390
