81.94000 15.87417 5.50 2862
82.60875 15.36028 5.94 4734
86.68958 15.82250 6.00 5072
99.42792 16.39917 1.93 43
85.32375 16.53389 4.86 1373
93.01375 16.13056 4.95 1536
93.85458 16.14306 5.30 2306
81.10583 17.38333 4.99 1603
100.60125 17.64528 5.21 2072
81.79208 17.96222 5.42 2628
83.05917 17.05806 5.46 2745
86.85917 17.72917 5.49 2836
84.26583 17.04028 5.54 2992
82.00667 17.23889 5.77 3947
93.61917 17.90639 5.88 4408
83.05333 18.59444 4.38 789
83.38167 18.54028 5.69 3529
90.86375 19.69056 5.14 1921
93.71208 19.15639 5.20 2044
93.00542 19.79056 5.75 3835
88.73625 19.74972 5.92 4644
97.24083 20.21222 4.15 606
88.59542 20.27611 4.41 815
90.98000 20.13833 4.63 1030
88.95542 20.17500 5.40 2578
84.41125 21.14250 3.00 174
81.90875 21.93694 4.88 1404
95.74000 22.51361 2.88 150
93.71917 22.50667 3.28 232
79.81917 22.09639 4.94 1491
92.38500 22.19000 5.93 4696
91.03000 23.26333 4.16 612
92.43333 23.11333 5.75 3840
87.25417 24.56750 4.86 1370
83.86292 24.03944 5.38 2521
92.88458 24.42028 5.80 4069
100.98292 25.13111 2.98 167
89.49875 25.95389 4.82 1285
84.93417 25.89694 5.18 2015
82.31875 25.15056 5.47 2780
84.28667 26.92417 5.83 4198
88.33167 27.61222 4.58 980
87.74208 27.96778 5.56 3090
81.57292 28.60750 1.65 27
98.80042 28.02222 5.27 2238
101.18958 28.97083 5.44 2678
99.59583 28.98417 5.79 4000
93.84458 29.49806 4.35 758
80.30292 29.57000 5.76 3856
84.82667 29.21528 5.96 4846
84.65875 30.49250 5.40 2579
97.14208 30.49306 5.55 3060
81.78458 30.20861 5.74 3772
88.74583 31.70167 5.90 4527
81.16042 31.14306 5.94 4736
90.29250 31.03472 5.98 4943
83.18208 32.19194 4.76 1209
78.85167 32.68778 5.02 1661
93.08375 32.69333 5.78 3972
98.11333 32.45472 5.87 4341
79.54458 33.37167 4.54 943
80.00375 33.95806 5.03 1668
79.75000 33.74833 5.41 2604
88.16708 33.91750 5.98 4953
81.91208 34.47583 5.07 1757
81.70375 34.39167 5.94 4742
79.07583 34.31194 5.96 4854
