130.25458 45.83389 5.37 2474
142.16667 45.60139 5.41 2599
134.20833 45.63194 5.74 3783
133.04832 45.31250 5.99 4999
139.38000 46.81722 5.97 4894
135.90625 47.15667 3.60 326
118.67792 47.56472 5.45 2702
134.80167 48.04167 3.14 202
115.30167 48.13167 5.56 3084
114.47458 48.77361 5.92 4606
136.35042 48.53028 5.95 4802
116.01750 50.43389 5.27 2240
143.21417 51.67722 3.17 206
137.21793 51.60472 4.48 877
122.11417 51.50667 4.84 1342
143.70625 52.05139 4.50 899
129.82333 52.71167 5.91 4570
125.95208 53.21972 5.51 2913
129.59250 53.40139 5.66 3447
139.04707 54.02194 4.83 1330
136.00166 54.28389 5.75 3828
114.19583 55.75528 5.92 4636
138.95792 56.74139 5.27 2225
140.43042 56.69917 5.47 2772
123.45917 56.45222 5.85 4292
146.63208 57.12806 5.20 2045
125.10875 57.74333 5.89 4454
115.75167 58.71028 4.99 1599
122.51583 58.24806 5.93 4699
147.74750 59.03861 3.80 408
124.46000 59.57111 5.64 3351
120.33625 59.04750 5.77 3935
127.56625 60.71806 3.36 250
138.58583 61.42333 5.13 1900
133.34418 61.96222 5.73 3728
124.82208 62.50722 5.71 3618
142.88208 63.06194 3.67 351
137.72958 63.51361 4.67 1088
130.05333 64.32778 4.60 1006
134.15625 64.60389 5.58 3143
