332.10834 -34.04389 4.99 1584
332.48209 -34.01472 5.37 2484
326.23666 -33.02583 4.34 748
312.49207 -33.77972 4.90 1433
310.08249 -33.43194 5.47 2781
323.06082 -33.94472 5.97 4926
315.32291 -32.25778 4.67 1087
319.48459 -32.17250 4.71 1136
316.60291 -32.34167 5.18 2022
310.34875 -31.59833 5.76 3888
326.93417 -30.89833 5.01 1635
316.50500 -30.12500 5.68 3524
330.20917 -28.45361 5.42 2621
318.32208 -27.61944 5.42 2606
312.95541 -26.91917 4.11 585
314.19708 -26.29639 5.70 3587
324.04584 -26.17139 5.73 3720
331.15332 -26.82250 5.96 4832
311.52374 -25.27083 4.14 601
316.78207 -25.00583 4.50 896
312.32333 -25.78139 5.86 4322
325.50333 -23.26278 5.24 2138
321.66666 -22.41139 3.74 377
320.75208 -22.66889 5.60 3244
322.18082 -21.80722 4.51 907
317.14001 -21.19361 5.30 2316
321.81168 -21.19611 5.78 3978
311.54166 -21.51417 5.93 4693
318.90793 -20.65167 5.24 2152
321.04001 -20.85194 5.41 2585
323.71249 -20.08444 5.69 3562
324.26999 -19.46611 4.68 1098
316.10126 -19.85500 4.84 1339
325.66458 -18.86639 4.73 1168
310.01251 -18.13861 5.10 1830
316.48666 -17.23278 4.07 562
319.48874 -17.98528 5.43 2637
313.69958 -17.92306 5.78 3993
326.76001 -16.12722 2.87 147
325.02292 -16.66222 3.68 354
320.56168 -16.83444 4.28 698
310.13541 -16.12417 5.80 4074
314.41916 -16.03167 5.87 4386
318.93707 -15.17139 5.28 2261
