251.94333 5.24667 5.24 2163
243.31416 5.02111 5.48 2799
248.14874 5.52111 5.63 3333
246.04500 6.94806 5.85 4284
242.29668 6.37889 5.97 4907
252.58083 7.24778 5.49 2840
251.45792 8.58250 5.15 1952
242.11667 8.53417 5.73 3742
260.98999 8.85278 5.77 3910
254.41708 9.37500 3.20 214
241.90625 9.89167 5.63 3345
253.50208 10.16528 4.38 788
259.65417 10.86444 5.03 1684
258.11584 10.58528 5.33 2382
248.15125 11.48806 4.84 1350
256.34457 12.74083 4.91 1442
252.39417 13.26139 5.91 4583
255.91376 13.60528 5.93 4684
258.66208 14.39028 3.48 282
246.35417 14.03333 4.57 968
255.78250 14.09194 4.98 1569
258.66333 14.39000 5.39 2533
239.31084 14.41444 5.54 3008
239.11333 15.66167 3.85 439
251.34375 15.74528 5.56 3061
242.01875 17.04694 5.00 1607
240.30959 17.81833 5.12 1865
259.52084 17.31806 6.00 5064
260.07874 18.05722 5.00 1611
253.84250 18.43333 5.35 2446
243.86958 18.80833 5.69 3566
245.48000 19.15306 3.75 379
247.64000 20.47917 5.25 2189
253.73000 20.95861 5.41 2583
247.55499 21.48972 2.77 128
240.57375 22.80444 4.83 1327
256.57541 22.08417 5.56 3077
255.24208 22.63222 5.65 3405
247.80583 22.19528 5.76 3876
242.90833 23.49472 5.70 3597
258.92334 23.74278 5.96 4839
258.75793 24.83917 3.14 203
252.93875 24.65639 5.04 1694
260.22583 24.49944 5.12 1860
