193.50708 55.95972 1.77 32
176.73167 55.62833 5.27 2223
203.53043 55.34861 5.60 3245
186.89626 55.71278 5.70 3616
195.18250 56.36639 4.93 1481
186.26334 56.77750 5.81 4109
178.99333 56.59861 5.84 4253
183.85667 57.03250 3.31 236
185.21167 57.86389 5.55 3026
187.48875 58.40583 5.35 2424
202.11292 59.94583 5.40 2575
189.09708 59.48694 5.50 2863
192.16417 60.32000 5.85 4269
173.08667 61.08250 5.48 2807
172.26917 61.77833 5.83 4223
207.43958 61.48917 5.96 4830
191.82875 62.78083 5.89 4474
195.44501 63.61028 6.00 5063
211.09708 64.37583 3.65 344
207.85793 64.72333 4.65 1068
205.37457 64.82250 5.85 4257
193.86874 65.43861 5.24 2156
175.61833 66.74500 5.30 2314
194.97958 66.59722 5.32 2354
191.89333 66.79028 5.43 2644
172.85083 69.33111 3.84 431
188.37083 69.78833 3.87 453
187.52792 69.20111 4.95 1515
160.76707 69.07611 5.00 1625
174.01167 69.32278 5.20 2064
213.01666 69.43250 5.24 2134
163.37791 69.85389 5.93 4689
188.68333 70.02194 4.94 1495
183.78542 70.20000 5.71 3659
204.29584 71.24222 5.50 2850
201.53375 72.39139 5.79 4027
222.67625 74.15556 2.08 60
