55.70875 -37.31361 4.59 996
57.14958 -37.62056 4.73 1160
70.51458 -37.14444 5.05 1716
57.14750 -37.62222 5.40 2574
57.36375 -36.20028 4.17 618
51.88917 -35.68139 5.71 3665
67.66792 -35.65361 5.96 4863
66.00917 -34.01694 3.96 496
58.41208 -34.73222 5.11 1857
72.86750 -34.90639 5.86 4317
64.47375 -33.79833 3.56 306
55.56208 -31.93833 5.00 1609
68.88750 -30.56222 3.82 414
56.98333 -30.16778 5.54 3015
70.78875 -30.76556 5.68 3523
60.16958 -30.49083 5.93 4671
68.37750 -29.76667 4.51 905
56.61417 -29.33806 5.90 4521
48.01792 -28.98694 3.87 450
49.51167 -28.79694 5.91 4547
61.40583 -27.65167 5.59 3186
51.59375 -27.31750 5.93 4666
58.42750 -24.61250 4.65 1056
59.98125 -24.01639 4.66 1076
70.02833 -24.48250 5.58 3167
49.89500 -24.12306 5.61 3259
65.77375 -24.89222 5.83 4203
56.71208 -23.24972 4.23 646
56.91500 -23.87472 5.24 2153
50.35000 -23.63528 5.52 2934
49.59208 -22.51139 4.88 1395
49.87917 -21.75778 3.69 359
53.44708 -21.63278 4.27 678
65.16250 -20.63972 5.38 2502
62.90083 -20.35611 5.79 4006
57.14917 -20.90306 5.81 4121
64.56625 -20.71556 6.00 5042
