1.39718 -1.89271 3.96 494
1.30504 -1.85081 3.56 308
1.58990 -1.68488 3.82 413
0.40979 -1.36790 3.87 447
0.51326 -0.93256 3.69 356
-0.52020 -0.89321 4.00 514
-1.64520 -0.83643 2.04 53
-0.74081 -0.61288 3.50 286
1.68644 -0.60937 3.87 449
1.05750 -0.49773 2.95 162
-1.26451 -0.32108 3.45 273
-0.64562 -0.29625 3.73 372
0.85090 -0.27342 3.54 299
0.70699 -0.25055 3.73 373
-1.03661 -0.19380 3.60 321
0.21615 -0.20834 3.89 462
1.68719 0.06184 3.93 480
-0.27452 0.10671 3.04 183
0.04416 0.44003 3.47 276
0.29948 0.48742 2.53 94
1.17003 0.61313 3.91 471
0.61311 0.76931 3.60 322
0.64702 0.81107 3.74 376
1.14459 1.00410 3.47 277
1.61103 1.27301 3.40 258
-0.96474 1.16830 3.62 331
1.45902 1.23723 3.65 342
1.60980 1.27909 3.84 425
1.74177 1.33554 0.85 13
1.51744 1.37497 3.76 386
1.62066 1.50593 3.53 294
-0.63347 1.49494 2.64 106
-0.45767 1.66288 2.00 49
0.96495 1.75928 2.87 146
0.99042 1.75901 3.63 339
0.92540 1.75463 3.70 361
0.94027 1.77507 3.87 448
