-1.98594 -1.55391 3.34 243
0.49060 -1.50934 2.68 111
0.78413 -1.43581 -0.04 3
-1.82898 -1.18537 2.56 96
1.78484 -0.74880 2.23 69
1.07953 -0.88655 2.70 118
1.61938 -0.63112 3.68 354
0.86222 -0.72229 3.58 318
1.35438 -0.43317 3.47 280
-1.43570 -0.42343 3.48 282
-1.73249 -0.25042 3.83 420
-0.25149 -0.34791 2.90 157
0.76391 -0.28107 3.03 181
1.05503 -0.08998 3.50 287
-1.26848 0.23325 3.01 177
-0.84858 0.27838 3.71 364
0.23905 0.24023 1.86 39
-0.68899 0.57176 2.44 87
0.03037 0.53216 2.27 75
0.03049 0.53197 3.95 491
-0.19651 0.59811 1.77 32
-1.04712 0.88853 2.37 81
-0.47769 0.70609 3.31 237
0.88561 0.97461 3.29 234
-1.49164 1.40680 3.80 405
-0.89544 1.16736 1.79 35
1.21869 1.37552 2.74 122
-1.43797 1.72531 3.67 350
0.26987 1.09417 3.65 344
1.31022 1.84571 3.17 208
-0.55408 1.51198 3.84 429
-0.23450 1.42861 3.87 453
0.55251 1.69651 3.05 187
1.19771 2.59450 3.57 315
0.37278 1.77824 2.08 59
