0.59222 -1.73826 2.45 89
0.24760 -1.68875 1.50 23
0.86896 -1.74932 3.96 497
0.28895 -1.61922 3.47 278
0.37854 -1.52028 1.84 36
0.46534 -1.55167 3.85 436
1.22120 -1.47951 2.81 134
0.94824 -1.47545 3.34 242
0.18769 -1.36780 3.87 451
0.30645 -1.34972 3.02 180
-1.33033 -1.36576 3.19 211
-0.75143 -1.29380 3.60 324
-0.98416 -1.21121 2.84 140
-0.65558 -1.18625 3.81 411
-0.04400 -1.06207 3.95 489
-0.22991 -0.98798 1.98 46
-0.91884 -1.02101 2.58 98
0.06830 -0.91321 -1.46 1
-1.21389 -0.95135 3.31 236
-0.71646 -0.82649 3.55 304
-0.58534 -0.78152 3.71 363
-1.78748 -0.89917 3.87 449
-0.70524 -0.53174 2.06 57
0.83232 -0.53033 3.93 481
-1.18925 -0.47050 0.12 7
-1.14256 -0.38981 3.60 323
-0.33488 -0.33628 3.98 510
-0.87985 -0.32760 2.77 126
-1.29275 -0.29403 2.79 130
1.51006 -0.23179 3.90 468
-1.82087 -0.20758 3.93 480
-1.03969 -0.13449 3.36 248
-0.83241 -0.14313 3.81 410
-0.86864 -0.06633 1.70 29
-0.80379 -0.10666 2.05 54
-0.92932 -0.01660 2.23 68
-1.51152 0.14470 3.72 367
0.80465 0.28757 0.38 8
-1.56224 0.33543 3.69 357
-1.02999 0.35718 1.64 26
-1.58522 0.41862 3.19 210
-0.60233 0.40288 0.50 10
0.63440 0.45246 2.90 156
1.36169 0.53865 3.52 290
-0.88409 0.55449 3.54 300
0.07018 0.69619 3.36 249
-1.82806 1.05138 0.85 13
-0.03035 0.89472 1.93 43
0.50999 0.91543 3.58 317
1.83901 1.16501 3.94 484
0.32097 1.14720 3.79 400
-0.84814 1.22053 3.00 172
0.53772 1.24619 3.53 295
-0.22644 1.26355 2.88 149
-0.33459 1.26723 3.28 232
0.87812 1.43525 3.57 313
0.05216 1.42626 2.98 166
0.61472 1.63512 3.79 401
0.89061 1.68619 1.14 16
-1.01287 1.74758 1.65 27
