-0.44041 -1.61973 3.82 418
0.75684 -1.39828 3.57 312
1.65263 -0.83300 1.79 34
-0.99678 -1.19535 3.77 397
1.28640 -0.85584 3.95 488
1.33455 -0.76370 2.93 159
0.14212 -1.16867 3.66 346
1.13895 -0.71248 3.76 385
0.15802 -1.00875 2.23 67
0.21488 -0.92802 3.44 269
-0.91392 -0.68291 3.35 247
-0.78518 -0.73327 3.75 384
-0.07650 -0.86150 2.27 74
0.24512 -0.75624 2.47 91
0.44449 -0.74351 2.68 110
-1.25112 -0.13768 3.43 268
-1.05807 -0.26733 2.44 88
0.55596 -0.50295 3.38 254
-0.48054 -0.38176 3.52 293
-1.22863 0.51766 3.07 188
-0.70621 0.02600 3.23 219
-1.00992 0.39122 3.83 424
-0.97790 0.80990 3.57 315
0.40401 -0.04840 3.98 509
-0.11511 0.14978 3.21 216
0.02192 0.77955 2.02 51
