0.09527 -1.74697 3.44 272
-0.58573 -1.61236 3.26 225
1.08626 -1.47371 3.23 218
0.77518 -1.35143 3.90 469
-1.06686 -1.23771 3.75 382
-0.86724 -1.22623 3.97 505
0.36540 -1.21997 3.36 251
-1.11946 -1.11652 2.77 128
0.78340 -1.01149 3.71 366
0.70321 -0.86672 0.77 12
-1.81963 -0.76606 3.20 213
-0.72585 -0.82498 3.73 375
0.63019 -0.76765 2.72 120
-1.17456 -0.62151 2.08 60
0.07102 -0.59824 2.99 170
-1.46497 -0.48279 3.48 283
1.34180 -0.48392 3.63 340
1.35856 -0.40297 3.77 395
0.60671 -0.32439 3.82 417
0.75113 -0.26068 3.47 281
-0.45078 -0.15828 3.84 431
-1.33282 0.12197 3.14 203
0.36195 0.16858 3.08 190
-0.88607 0.21123 3.42 266
-0.61881 0.23422 3.83 423
-0.73477 0.27497 3.70 362
1.65897 0.52839 3.20 214
-1.46022 0.51722 3.92 478
-1.72048 0.63527 2.81 135
-0.01190 0.41047 3.24 223
1.24054 0.64545 2.46 90
-0.11113 0.44823 3.45 275
0.62877 0.58591 3.89 467
-1.19024 0.80539 3.16 204
-0.69976 0.72075 3.86 444
-0.24602 0.75376 0.03 5
-1.57042 1.06703 3.53 297
1.55486 1.00228 3.72 371
0.88480 0.93665 2.20 65
1.28230 1.11100 3.94 486
1.33353 1.31584 3.72 370
1.04510 1.30145 1.25 19
0.45129 1.14787 2.87 147
0.73333 1.30547 3.79 403
-0.81201 1.27843 3.80 409
-1.72237 1.67352 3.89 465
0.74348 1.37164 3.98 512
-0.59175 1.58696 2.23 70
0.27393 1.54656 3.79 402
-0.83625 1.71654 2.79 131
0.15396 1.64681 3.77 394
