2.06699 -2.11604 3.96 494
1.95628 -2.05642 3.56 308
0.94445 -1.43209 3.87 447
1.06391 -0.98756 3.69 356
0.00006 -0.87617 4.00 514
-1.02602 -0.75580 2.04 53
-0.20728 -0.58949 3.50 286
1.68632 -0.55969 2.95 162
-0.68521 -0.28941 3.45 273
-0.11198 -0.28426 3.73 372
1.45172 -0.30992 3.54 299
1.28952 -0.28072 3.73 373
-1.41110 -0.25157 3.56 306
-0.47693 -0.17442 3.60 321
0.75623 -0.22165 3.89 462
0.25702 0.10679 3.04 183
0.58646 0.44318 3.47 276
0.85586 0.49482 2.53 94
1.83798 0.64411 3.91 471
1.20177 0.79597 3.60 322
1.24014 0.84112 3.74 376
1.81462 1.06885 3.47 277
-1.57607 1.22185 2.83 138
-0.39114 1.13417 3.62 331
-0.07384 1.47046 2.64 106
0.09932 1.64871 2.00 49
1.61721 1.87298 2.87 146
1.64677 1.87520 3.63 339
1.57141 1.86410 3.70 361
1.58893 1.88753 3.87 448
