-0.37863 -1.71295 3.80 407
-0.37862 -1.71283 3.80 408
1.44892 -1.50388 2.08 60
1.09214 -1.40770 3.48 283
-0.19437 -1.38870 3.67 351
-0.04972 -1.37495 3.85 439
-1.82069 -1.03045 2.68 111
-1.46623 -1.03646 -0.04 3
0.29450 -1.15269 3.75 381
0.39477 -1.00771 2.77 127
0.95569 -0.75502 3.14 203
-0.00611 -0.76245 2.00 50
-0.30885 -0.70991 2.23 69
-0.21145 -0.73769 3.84 430
-0.92732 -0.62619 2.70 118
1.33173 -0.51173 3.42 266
1.60057 -0.37969 3.83 423
-0.38101 -0.57182 3.68 354
1.45488 -0.38719 3.70 362
-1.04983 -0.41088 3.58 318
0.70282 -0.43710 3.92 478
0.47400 -0.42607 2.81 135
-0.49954 -0.32942 3.47 280
0.81050 -0.08912 3.16 204
1.27484 0.05426 3.86 444
-0.93407 0.02271 3.03 181
0.44481 -0.03096 3.53 297
-0.59127 0.06951 3.50 287
0.93939 0.46968 3.80 409
0.18210 0.34204 3.89 465
-1.19545 0.77165 1.86 39
1.00276 0.82608 2.23 70
0.75942 0.78584 2.79 131
1.68869 1.36131 3.77 394
-1.26697 1.19052 2.27 75
-1.26694 1.19024 3.95 491
-1.49088 1.42135 1.77 32
0.87106 1.11481 3.75 383
-1.78057 1.76455 3.31 237
-0.25384 1.06238 3.29 234
0.16320 1.20643 2.74 122
-0.73072 1.56387 3.65 344
0.41680 1.52778 3.17 208
1.09086 2.10230 3.07 188
-1.39975 2.70527 3.84 429
-1.07289 2.30139 3.87 453
