1.64801 -1.63811 3.94 485
0.41875 -1.61253 1.35 22
1.38145 -1.30565 3.34 243
0.37906 -1.29818 3.52 292
-0.76117 -1.18775 3.94 484
0.53481 -1.09909 2.61 102
0.53489 -1.09915 3.80 406
1.28687 -0.97545 2.56 96
0.07399 -0.88429 2.98 167
0.46838 -0.88969 3.44 271
-1.52621 -0.68029 3.57 313
0.15690 -0.75559 3.88 458
-1.72019 -0.40982 3.79 401
-1.43802 -0.46821 1.14 16
-1.50040 -0.20862 1.98 47
-1.50039 -0.20861 2.88 150
1.13547 -0.23192 3.48 282
-0.20858 -0.29358 3.13 197
0.82107 -0.23313 3.83 420
-0.22531 -0.16359 3.82 414
0.42239 0.10550 3.05 185
-0.39087 0.11705 3.97 503
0.36193 0.17478 3.45 274
0.86523 0.35971 3.01 177
-0.33147 0.40119 3.60 326
1.16710 0.66145 3.71 364
-0.36644 0.45406 3.14 202
-0.06000 0.62904 3.17 207
1.10702 1.01676 2.44 87
1.56065 1.47540 1.77 32
0.63083 0.99253 2.37 81
1.20135 1.30311 3.31 237
0.07934 1.05077 3.80 405
-0.48520 1.21919 3.36 250
0.56808 1.31242 1.79 35
-0.05533 1.29527 3.67 350
1.68385 2.46192 3.65 344
0.59642 1.86685 3.84 429
0.90656 2.13001 3.87 453
