-0.76004 -1.94612 3.85 433
-0.59513 -1.69313 3.35 246
1.78332 -2.64020 3.69 358
-0.04403 -1.58244 3.76 387
1.52490 -2.32499 3.97 504
-1.63829 -2.36435 2.86 144
0.47935 -1.61616 3.27 228
1.46560 -2.10165 3.84 427
1.24043 -1.82092 1.86 38
1.70978 -2.19740 2.25 72
1.66952 -2.12754 3.44 270
-0.53766 -1.17719 3.27 227
1.59214 -1.67742 1.96 45
0.37216 -0.99983 -0.72 2
1.18792 -1.29344 3.47 279
1.60924 -1.54311 3.62 332
0.06320 -0.87633 3.85 434
0.61714 -0.92578 2.93 160
-1.55744 -1.27566 4.00 515
1.44959 -1.03402 1.78 33
0.56922 -0.48773 3.17 206
1.09953 -0.62869 3.25 224
-0.86773 -0.50090 3.86 442
0.18823 -0.42265 3.96 495
1.55679 -0.59155 2.25 71
1.40784 -0.56980 3.73 374
1.05922 -0.24890 2.70 117
1.37693 -0.39540 3.61 328
0.11801 -0.04242 3.12 196
-0.09496 -0.02602 3.87 450
-0.00386 0.04913 2.64 107
-0.85157 -0.02753 3.96 494
-0.92602 -0.02952 3.56 308
0.46912 0.05916 3.85 435
0.79528 0.06658 3.96 496
0.46726 0.24186 3.02 179
-0.74948 0.18183 3.82 413
1.26064 0.15998 2.45 89
0.93902 0.24177 1.50 23
1.53310 0.11530 3.96 497
0.99008 0.29256 3.47 278
1.09582 0.36392 1.84 36
1.17569 0.32725 3.85 436
1.69681 0.33370 3.34 242
0.93426 0.51722 3.87 451
1.05689 0.52038 3.02 180
-0.43636 0.66828 3.19 211
0.05606 0.67662 3.60 324
-0.15051 0.77012 2.84 140
0.14477 0.76346 3.81 411
0.74828 0.82517 3.95 489
0.56832 0.91486 1.98 46
-0.09611 0.93926 2.58 98
0.88945 0.96588 -1.46 1
-0.36547 1.02820 3.31 236
0.09504 1.11679 3.55 304
0.22604 1.15462 3.71 363
-0.86570 1.11746 3.87 449
-1.49157 1.11226 2.95 162
0.11225 1.43861 2.06 57
-1.82166 1.34397 3.54 299
1.90910 1.35166 3.93 481
-0.37584 1.53216 0.12 7
-0.33544 1.62478 3.60 323
0.52770 1.66108 3.98 510
-0.06896 1.69127 2.77 126
-0.49301 1.74550 2.79 130
