0.26472 -1.51796 3.49 285
-1.03044 -1.43224 3.11 195
-0.11491 -1.22817 1.74 31
0.22183 -1.22977 2.10 61
1.78758 -1.74191 3.31 235
0.50553 -1.16352 3.90 470
1.12756 -1.36176 3.88 456
0.09409 -1.01829 3.97 507
1.35273 -1.30641 3.94 483
1.37586 -1.22142 2.39 82
-0.28212 -0.67642 3.01 178
0.43828 -0.26367 1.16 17
-0.66379 0.10783 3.74 377
0.62042 0.17906 3.66 349
0.80313 0.22229 3.97 508
-0.42750 0.46591 2.87 148
-0.51683 0.43246 3.68 355
0.45078 0.48181 3.27 231
-1.67896 0.43240 3.08 191
-1.76251 0.56463 3.57 316
-1.31767 0.79724 3.77 396
1.77712 0.80615 3.56 306
0.45225 0.94940 3.74 378
-0.68774 1.06477 2.91 158
0.02398 1.32895 3.84 432
-0.20780 1.39694 2.96 165
0.87870 1.64282 3.69 359
