2.02078 -2.21710 3.88 459
1.87237 -1.92664 2.75 123
-1.87381 -1.81497 3.97 502
-1.83463 -1.63715 3.68 352
0.40298 -1.23600 3.54 302
1.24479 -0.83018 2.65 108
0.90539 -0.73564 3.00 173
1.00100 -0.45328 2.59 99
1.20815 -0.41585 2.95 163
-0.13302 -0.33075 3.11 193
-0.43655 -0.37389 3.81 412
0.24949 -0.25683 3.56 309
-0.65033 -0.14005 3.61 329
-1.27953 0.03180 1.98 48
1.45955 0.44866 3.65 343
1.45955 0.44866 3.68 353
-1.12153 0.46973 3.91 473
1.11967 0.49729 3.89 464
0.69806 0.63557 3.61 330
-1.54523 0.67860 3.88 457
1.72474 0.75117 3.38 256
-1.14337 1.13629 3.52 291
-0.37896 1.06885 3.85 438
1.89672 1.26989 2.83 139
0.33445 1.14178 3.94 485
-0.73560 1.24482 1.35 22
0.70411 1.41095 2.14 63
0.20189 1.44726 3.34 243
-0.76379 1.56161 3.52 292
-0.58232 1.76391 2.61 102
-0.58224 1.76383 3.80 406
