-0.24396 -1.73301 2.76 125
1.34417 -2.41844 3.19 212
0.45475 -1.69042 1.33 20
0.45482 -1.69046 1.73 30
1.96347 -3.01279 2.85 142
0.10759 -1.62148 3.13 199
-0.65936 -1.72135 3.69 358
-0.90623 -1.83076 3.97 504
-0.33858 -1.56303 3.32 239
-0.44849 -1.56524 3.40 259
1.49500 -2.14671 -0.01 4
1.22458 -1.88171 0.61 11
1.49501 -2.14675 1.33 21
0.44687 -1.50150 3.59 320
-1.06938 -1.79776 3.84 427
0.65213 -1.51756 1.25 18
-1.36305 -1.91246 1.86 38
-0.93056 -1.61215 2.25 72
0.41616 -1.38455 2.80 133
-0.98572 -1.61870 3.44 270
-0.19901 -1.35496 3.78 399
-0.39327 -1.37890 3.82 415
-0.08539 -1.35390 3.91 474
0.55720 -1.31429 1.63 24
-0.86133 -1.41893 3.13 198
-0.97587 -1.33091 2.50 93
-1.31574 -1.49097 1.96 45
-0.68623 -1.18940 3.54 301
0.00823 -1.07601 3.89 463
1.20548 -1.33689 2.30 77
-1.40651 -1.41158 3.62 332
0.44045 -0.99221 3.96 498
0.42381 -0.89188 2.60 100
0.60395 -0.89964 3.91 475
-0.29673 -0.79857 2.69 114
0.74197 -0.85934 2.17 64
-0.38913 -0.74232 3.84 428
0.71113 -0.82598 3.86 443
1.51585 -1.06456 2.55 95
-1.30975 -0.95122 3.75 380
-1.57514 -1.05057 3.84 426
-1.53092 -0.98524 3.91 472
1.61694 -0.94239 3.87 454
-1.34611 -0.72781 2.21 66
1.57048 -0.76088 3.04 184
1.68426 -0.78801 3.83 421
-0.65452 -0.44325 3.85 437
1.58846 -0.71625 3.41 263
-1.14660 -0.47265 3.60 327
1.41801 -0.49971 3.88 459
1.34399 -0.30737 2.75 123
0.14679 0.16469 3.54 302
0.94624 0.56140 2.65 108
1.57562 0.46852 3.00 174
0.63506 0.63983 3.00 173
0.75075 0.92704 2.59 99
0.95899 0.97210 2.95 163
-0.41054 1.02725 3.11 193
-0.73030 0.97106 3.81 412
-0.00900 1.11979 3.56 309
-0.99912 1.23294 3.61 329
-1.76812 1.43085 1.98 48
