-1.00031 -1.72281 3.92 479
-0.14756 -1.67102 3.53 298
-0.52047 -1.41794 2.39 83
0.30721 -1.36126 3.40 260
-1.47986 -1.04041 3.63 340
0.61489 -1.07736 2.49 92
-1.42384 -0.96007 3.77 395
1.64414 -0.98001 2.83 138
0.33007 -0.60707 3.95 493
0.36924 -0.54761 3.48 284
-0.15804 -0.51523 3.76 390
0.51980 -0.34520 2.42 85
1.32084 -0.15908 2.06 55
0.26506 -0.24741 2.94 161
-0.78400 -0.19547 3.20 214
1.71049 0.05595 3.27 226
-1.06297 0.06863 2.46 90
-1.67280 0.31611 3.89 467
-0.69091 0.22282 3.72 371
-1.24628 0.49219 2.20 65
-0.84785 0.43105 3.94 486
0.41643 0.41677 3.62 337
-0.73642 0.56302 3.72 370
-0.95751 0.70241 1.25 19
-1.56632 0.93982 2.87 147
-1.21821 0.88819 3.79 403
0.73341 0.70886 3.82 418
-1.18010 0.93521 3.98 512
0.09924 0.83260 3.77 397
-1.54605 1.40759 3.79 402
-1.62034 1.58712 3.77 394
1.16874 1.34810 3.66 346
1.13749 1.52267 2.23 67
1.17780 1.64362 3.44 269
-0.06955 1.30430 3.35 247
0.06944 1.31778 3.75 384
0.82575 1.55166 2.27 74
1.15842 1.86323 2.47 91
1.40590 2.01182 2.68 110
-0.67017 1.67701 3.43 268
-0.42462 1.64563 2.44 88
1.48732 2.42971 3.38 254
