-1.18962 -2.21331 2.76 125
0.40588 -1.81166 3.19 212
1.66202 -2.76391 3.62 336
-0.50160 -1.70506 1.33 20
-0.50153 -1.70505 1.73 30
0.92490 -1.93149 2.85 142
-0.85769 -1.85830 3.13 199
1.06101 -2.04577 3.85 440
-1.69987 -2.53883 3.69 358
-1.36949 -2.11462 3.32 239
-1.50134 -2.20139 3.40 259
0.42963 -1.52641 -0.01 4
0.17300 -1.45041 0.61 11
0.42965 -1.52643 1.33 21
-0.57423 -1.53934 3.59 320
1.76357 -2.40343 3.62 335
-0.38643 -1.43957 1.25 18
1.48291 -1.96804 3.76 388
-0.64373 -1.45015 2.80 133
-1.29333 -1.80424 3.78 399
-1.51427 -1.96700 3.82 415
-1.16557 -1.72673 3.91 474
-0.53871 -1.30913 1.63 24
1.67852 -1.85584 3.13 201
-1.17319 -1.39296 3.89 463
-0.00094 -1.01519 2.30 77
0.79931 -1.06986 3.41 264
-0.76054 -1.07402 3.96 498
-0.81288 -0.98826 2.60 100
-0.63946 -0.90833 3.91 475
-1.64737 -1.29456 2.69 114
-0.52866 -0.80840 2.17 64
-1.79072 -1.29220 3.84 428
-0.56746 -0.79197 3.86 443
0.84313 -0.87584 3.87 455
0.57434 -0.72657 2.30 78
0.14318 -0.66583 2.55 95
0.37090 -0.61755 3.55 305
1.00859 -0.68301 3.37 253
0.17856 -0.53050 3.87 454
0.78036 -0.52774 2.68 112
0.55463 -0.42742 2.31 79
0.09492 -0.40017 3.04 184
0.79844 -0.47299 3.13 200
0.18138 -0.38358 3.83 421
1.20040 -0.53243 2.78 129
0.09482 -0.35778 3.41 263
1.05554 -0.45597 3.22 217
-0.09207 -0.23546 3.88 459
1.55066 -0.48494 3.41 265
0.65783 -0.20323 4.00 518
0.28571 -0.08258 2.06 58
-0.20666 -0.09611 2.75 123
1.12586 -0.21736 3.56 310
1.53583 -0.17706 3.95 492
-1.51915 -0.06148 3.54 302
1.44669 0.08680 3.66 347
1.71295 0.04934 3.88 461
1.45461 0.18567 3.58 319
0.31673 0.43616 3.27 229
1.05286 0.43600 3.29 233
-0.83028 0.57570 2.65 108
-0.26310 0.63179 3.00 174
-1.16654 0.57605 3.00 173
-1.15439 0.88830 2.59 99
0.97888 0.99970 2.75 124
-0.96288 0.97174 2.95 163
1.69026 1.00074 3.91 476
-0.21090 1.34181 0.98 15
1.48361 1.40000 2.61 103
0.97726 1.69357 3.88 460
