-1.07884 -1.77122 3.11 195
-0.11957 -1.54888 1.74 31
0.23085 -1.55061 2.10 61
1.88911 -2.11384 3.31 235
0.52504 -1.47902 3.90 470
1.17804 -1.69412 3.88 456
0.09730 -1.32303 3.97 507
1.41094 -1.63380 3.94 483
1.43143 -1.54158 2.39 82
-0.28882 -0.96110 3.01 178
0.44332 -0.53369 1.16 17
-0.66426 -0.15765 3.74 377
0.61959 -0.08646 3.66 349
0.80107 -0.04340 3.97 508
-0.42346 0.19730 2.87 148
-0.51242 0.16445 3.68 355
0.44631 0.21289 3.27 231
-1.66466 0.16439 3.08 191
-1.74096 0.29389 3.57 316
-1.29304 0.51936 3.77 396
1.74346 0.52794 3.56 306
0.44190 0.66526 3.74 378
-0.66984 0.77505 2.91 158
0.02318 1.02383 3.84 432
-0.20053 1.08726 2.96 165
0.84223 1.31469 3.69 359
-0.96388 1.44735 3.92 479
-0.14412 1.49609 3.53 298
-0.54462 1.75475 2.39 83
