-0.71299 -2.41203 3.83 422
-0.70643 -2.00186 3.89 466
-0.05798 -1.25485 3.76 389
0.44225 -1.39736 2.80 132
1.03443 -2.05824 3.24 221
-0.47857 -1.11066 3.96 500
-1.31612 -1.78224 1.92 42
-0.40727 -0.66486 3.42 267
-0.60038 -0.73959 3.56 311
-1.36784 -1.29851 3.62 336
1.45602 -1.08965 2.86 144
0.12224 -0.28416 2.86 145
-0.45260 -0.23883 3.65 345
0.54054 -0.25038 3.99 513
1.53917 -0.78484 0.46 9
-0.68559 -0.21183 1.94 44
1.41735 -0.52055 3.92 477
0.40361 0.16212 3.49 285
-0.75125 0.31021 3.11 195
0.07528 0.42835 1.74 31
0.39116 0.40656 2.10 61
0.66912 0.44795 3.90 470
1.22745 0.23683 3.88 456
0.28764 0.60582 3.97 507
1.45647 0.26978 3.94 483
1.50166 0.34239 2.39 82
-1.66741 0.38250 3.97 506
-0.06717 0.96582 3.01 178
0.74091 1.39080 1.16 17
