2.02821 -2.03016 3.34 242
1.06723 -1.77958 3.87 451
1.20639 -1.77547 3.02 180
-0.48091 -1.58940 3.19 211
0.06167 -1.57930 3.60 324
-0.16204 -1.46858 2.84 140
0.15609 -1.47631 3.81 411
0.79560 -1.40556 3.95 489
0.59232 -1.30617 1.98 46
-0.09964 -1.27981 2.58 98
0.91670 -1.25137 -1.46 1
-0.37162 -1.18605 3.31 236
0.09483 -1.09617 3.55 304
0.22376 -1.05880 3.71 363
-0.86370 -1.09551 3.87 449
-1.48974 -1.10069 2.95 162
0.10489 -0.79612 2.06 57
-1.73455 -0.88032 3.54 299
1.81500 -0.87337 3.93 481
-0.34480 -0.71593 0.12 7
-0.30231 -0.63935 3.60 323
0.47231 -0.61007 3.98 510
-0.06137 -0.58603 2.77 126
-0.43433 -0.54351 2.79 130
-0.87511 -0.45357 3.93 480
-0.20777 -0.39496 3.36 248
-0.01675 -0.40562 3.81 410
-0.05052 -0.33036 1.70 29
0.01013 -0.37018 2.05 54
-0.10652 -0.28198 2.23 68
-0.61503 -0.13326 3.72 367
1.73349 0.05398 0.38 8
-0.65394 0.03893 3.69 357
-1.35847 0.08289 3.91 471
-0.19634 0.07233 1.64 26
-0.67141 0.11305 3.19 210
0.20003 0.12864 0.50 10
1.51896 0.22696 2.90 156
-0.06377 0.26256 3.54 300
0.87538 0.44988 3.36 249
-1.38246 0.46608 3.47 277
-0.95680 0.62561 3.40 258
-1.08553 0.62303 3.65 342
-0.95789 0.63099 3.84 425
-0.85317 0.65382 0.85 13
0.76477 0.64081 1.93 43
1.35355 0.70620 3.58 317
-1.03628 0.73063 3.76 386
-0.95202 0.81878 3.53 294
1.13320 0.92379 3.79 400
-0.03033 0.87995 3.00 172
1.37153 1.04755 3.53 295
0.55821 0.98037 2.88 149
0.45145 0.97271 3.28 232
-1.56204 1.22213 2.87 146
1.76012 1.28501 3.57 313
-1.53507 1.21318 3.63 339
-1.60464 1.23151 3.70 361
-1.58823 1.24532 3.87 448
0.83827 1.16759 2.98 166
1.44263 1.44916 3.79 401
1.76147 1.54422 1.14 16
-0.17441 1.33134 1.65 27
1.56988 1.77895 1.98 47
-1.43222 1.74064 2.85 141
1.56987 1.77897 2.88 150
-1.58584 1.81409 3.83 419
-0.54759 1.65970 2.69 113
0.94456 1.77898 3.60 325
