-0.48130 -1.57298 2.62 104
-0.55488 -1.43161 3.97 501
-1.01997 -1.18668 3.17 205
-1.06810 -1.18282 3.75 379
1.51522 -0.95596 3.97 503
-1.00533 -1.01557 2.99 168
-0.40437 -1.08270 1.90 41
-0.81060 -0.93354 0.08 6
-1.63017 -0.42762 3.01 175
1.35110 -0.64137 3.60 326
1.28042 -0.61503 3.14 202
1.43098 -0.26296 3.17 207
-0.31855 -0.55195 3.72 368
1.25370 0.16096 3.80 405
0.70665 -0.07599 3.36 250
0.98831 0.24335 3.67 350
1.14951 1.02619 3.84 429
-0.94339 1.02095 3.98 509
-0.72939 1.63568 3.21 216
-0.03795 1.39536 2.02 51
