-0.07614 -1.69808 2.64 106
0.09758 -1.51749 2.00 49
1.49983 -1.31315 2.87 146
1.52639 -1.31125 3.63 339
1.46060 -1.32081 3.70 361
1.46826 -1.30068 3.87 448
0.64343 -1.23913 3.63 338
-1.43085 -0.97643 2.06 55
-0.08517 -1.13116 3.41 262
-0.98773 -0.95965 3.27 226
1.39459 -0.79752 2.85 141
1.25914 -0.80734 3.83 419
0.10740 -0.81396 3.00 171
-0.56234 -0.74215 2.06 56
0.69132 -0.53645 3.39 257
-0.67465 -0.55901 3.87 446
0.69636 -0.41466 2.12 62
1.24329 -0.32206 2.89 151
0.03859 -0.40920 2.26 73
1.05211 -0.22828 3.77 391
0.65987 -0.20220 3.80 404
-1.33220 0.12255 3.82 418
0.92716 0.03951 3.01 175
-0.19307 -0.06583 3.57 312
0.72499 0.09576 1.79 34
0.43670 0.18808 3.95 488
0.51314 0.24509 2.93 159
-0.65239 0.30384 3.66 346
0.37932 0.34898 3.76 385
-0.58599 0.43457 2.23 67
-0.50590 0.48467 3.44 269
-1.61585 1.19598 3.35 247
-1.47883 1.08061 3.75 384
-0.76333 0.65332 2.27 74
-0.41770 0.62686 2.47 91
-0.22871 0.56399 2.68 110
-0.03394 0.73977 3.38 254
-1.03395 1.31753 3.52 293
-1.16671 1.93041 3.23 219
-1.44395 2.64822 3.83 424
0.01489 1.25444 3.98 509
-0.43561 1.74366 3.21 216
