0.42147 -3.58411 3.83 422
-0.90175 -2.85817 3.76 389
-0.74115 -2.06979 2.80 132
-0.20769 -1.39406 3.24 221
1.11472 -2.45163 4.00 517
0.74807 -1.58971 3.95 490
1.38373 -2.34295 3.32 238
0.68684 -1.36907 3.78 398
1.22251 -1.91579 1.68 28
0.80404 -1.26427 3.98 511
1.21369 -1.49957 3.77 392
1.37168 -1.73905 4.00 516
-0.32539 -0.84086 3.85 433
-0.16054 -0.68064 3.35 246
0.33625 -0.70928 3.76 387
-1.03222 -0.96241 2.86 144
0.81387 -0.85375 3.27 228
1.50804 -1.20436 1.86 38
-1.32349 -0.85728 0.46 9
-0.04580 -0.26887 3.27 227
-1.62543 -0.94634 3.92 477
0.84137 -0.29775 -0.72 2
1.60245 -0.74488 3.47 279
-1.20012 -0.38443 3.56 307
-1.37399 -0.48830 3.70 360
0.56267 -0.12131 3.85 434
1.10668 -0.28181 2.93 160
-0.91468 -0.15909 4.00 515
1.16822 0.15113 3.17 206
-0.25766 0.40139 3.86 442
0.78283 0.28969 3.96 495
-1.06127 0.36221 3.24 220
0.79573 0.69614 3.12 196
0.57449 0.74923 3.87 450
0.68666 0.81509 2.64 107
-0.18267 0.86703 3.96 494
-0.25400 0.87620 3.56 308
1.20653 0.74704 3.85 435
1.58326 0.69831 3.96 496
1.25637 0.95376 3.02 179
-0.05390 1.07252 3.82 413
1.81418 0.87490 1.50 23
-1.11511 1.05531 3.87 447
1.90873 1.20895 3.87 451
0.35325 1.58279 3.19 211
0.90345 1.53092 3.60 324
-1.15008 1.54706 3.69 356
0.69124 1.67216 2.84 140
1.02957 1.62760 3.81 411
