1.14024 -2.08343 1.86 38
1.63816 -2.44461 2.25 72
1.59184 -2.37273 3.44 270
1.87073 -2.42607 3.13 198
1.85526 -2.20981 2.50 93
-0.73253 -1.54630 3.27 227
1.47356 -1.89611 1.96 45
0.20898 -1.28082 -0.72 2
1.04491 -1.52530 3.47 279
1.47775 -1.75235 3.62 332
-0.11362 -1.17362 3.85 434
0.45178 -1.18436 2.93 160
-1.85494 -1.74852 4.00 515
1.27811 -1.23488 1.78 33
1.64531 -1.36553 3.84 426
1.72625 -1.36406 3.91 472
0.37667 -0.73467 3.17 206
0.90687 -0.84471 3.25 224
-1.10286 -0.84137 3.86 442
-0.00852 -0.69153 3.96 495
1.34252 -0.77839 2.25 71
1.19898 -0.76580 3.73 374
0.83983 -0.46525 2.70 117
1.15525 -0.59331 3.61 328
-0.09782 -0.30823 3.12 196
-0.31335 -0.30263 3.87 450
-0.22452 -0.22214 2.64 107
-1.09512 -0.34397 3.96 494
-1.17364 -0.35004 3.56 308
0.24566 -0.18909 3.85 435
0.56338 -0.16627 3.96 496
0.23358 -0.00855 3.02 179
-0.99262 -0.12389 3.82 413
1.00149 -0.05398 2.45 89
0.69004 0.01155 1.50 23
1.26061 -0.08518 3.96 497
0.73532 0.06293 3.47 278
0.83074 0.13599 1.84 36
0.90886 0.10388 3.85 436
1.67073 0.10580 2.81 134
1.39393 0.13045 3.34 242
0.66700 0.27707 3.87 451
0.78294 0.28443 3.02 180
-0.68418 0.37577 3.19 211
-0.19235 0.40050 3.60 324
-0.40092 0.48459 2.84 140
-0.10897 0.48732 3.81 411
0.47057 0.56417 3.95 489
0.29362 0.64403 1.98 46
-0.35357 0.64944 2.58 98
0.59534 0.70034 -1.46 1
-0.62424 0.72790 3.31 236
-0.17347 0.82339 3.55 304
-0.04806 0.86198 3.71 363
-1.13152 0.80189 3.87 449
-1.78050 0.78177 2.95 162
-0.17087 1.12554 2.06 57
1.49909 1.07391 3.93 481
-0.65039 1.20587 0.12 7
-0.61357 1.29278 3.60 323
0.21422 1.33524 3.98 510
-0.35631 1.35707 2.77 126
-0.77211 1.40337 2.79 130
-1.29499 1.50983 3.93 480
-0.53540 1.58752 3.36 248
-0.31809 1.57503 3.81 410
-0.36124 1.67067 1.70 29
-0.28972 1.61983 2.05 54
-0.42960 1.73389 2.23 68
