1.52170 -1.51716 3.20 214
-1.87397 -1.34353 3.92 478
-0.26471 -1.56237 3.24 223
1.06509 -1.35860 2.46 90
-0.37125 -1.50986 3.45 275
0.43518 -1.39030 3.89 467
-1.46574 -1.03527 3.16 204
-0.96514 -1.15770 3.86 444
-0.47834 -1.14985 0.03 5
1.30769 -1.00315 3.72 371
0.67105 -1.02814 2.20 65
1.03107 -0.88250 3.94 486
1.04759 -0.69962 3.72 370
0.78728 -0.69480 1.25 19
0.24186 -0.79746 2.87 147
0.50112 -0.67224 3.79 403
-0.95668 -0.59948 3.80 409
0.50683 -0.61536 3.98 512
1.63464 0.04502 3.77 397
-0.69551 -0.35370 2.23 70
0.08057 -0.44052 3.79 402
-0.89397 -0.23700 2.79 131
-0.02308 -0.35331 3.77 394
-0.62501 -0.06601 3.75 383
-1.53030 0.68362 3.29 234
1.16889 0.29318 3.35 247
1.27821 0.39284 3.75 384
-1.07988 0.46399 2.74 122
0.53054 0.18570 3.43 268
0.71458 0.30531 2.44 88
-0.70394 0.49403 3.17 208
1.06201 0.81144 3.52 293
-0.03787 0.40953 3.07 188
0.56250 0.72233 3.23 219
0.12807 0.55824 3.83 424
-0.90909 1.14463 3.05 187
-0.23650 0.71686 3.57 315
1.13115 2.00569 3.98 509
-0.86462 1.33800 2.08 59
0.66107 1.39654 3.21 216
0.04299 1.77123 2.02 51
