0.81620 -1.97796 3.85 433
1.08969 -1.96225 3.35 246
1.69189 -2.52734 3.76 387
0.13258 -1.52565 2.86 144
-1.53403 -2.12703 2.86 145
-1.11269 -1.63617 3.99 513
-0.01772 -1.24295 0.46 9
1.47913 -1.62401 3.27 227
-0.25520 -1.13670 3.92 477
-1.57037 -1.39129 3.49 285
0.31515 -0.92173 3.56 307
0.13725 -0.91069 3.70 360
-0.07838 -0.76323 3.95 487
0.66064 -0.89334 4.00 515
-0.31583 -0.64799 3.31 235
-1.50248 -0.91665 3.90 470
-0.87048 -0.70411 3.88 456
-0.11352 -0.44648 3.41 261
-0.72619 -0.54649 3.94 483
-0.73974 -0.47120 2.39 82
1.62739 -0.77470 3.86 442
0.80902 -0.37288 3.24 220
1.10917 0.21017 3.87 447
1.31571 0.60487 3.69 356
0.25554 0.74944 4.00 514
-0.75531 0.90002 2.04 53
0.05490 1.05033 3.50 286
-0.45417 1.39975 3.45 273
0.16467 1.39518 3.73 372
1.94105 1.33262 3.54 299
1.75964 1.37212 3.73 373
-1.21999 1.45725 3.56 306
-0.23537 1.53542 3.60 321
1.15197 1.45601 3.89 462
