0.83893 -1.77032 3.91 476
-1.12836 -1.53339 0.98 15
1.87273 -1.55387 2.56 97
0.53673 -1.38570 2.61 103
0.04317 -1.14622 3.88 460
1.47530 -1.11596 3.24 222
1.40054 -1.04855 2.74 121
1.00348 -1.02275 3.53 296
-1.80083 -0.91011 3.65 343
-1.80083 -0.91011 3.68 353
-0.92459 -0.84998 3.37 252
0.08507 -0.70779 3.72 369
1.63716 -0.68838 3.82 416
-1.51493 -0.60292 3.38 256
0.98301 -0.55249 3.71 365
0.87885 -0.44433 2.65 109
-1.35416 -0.15882 2.83 139
0.72980 -0.22117 3.80 407
0.72979 -0.22108 3.80 408
0.86813 0.05596 3.67 351
1.01032 0.08103 3.85 439
-0.57799 0.19862 2.68 111
-0.30673 0.22768 -0.04 3
1.35964 0.32186 3.75 381
1.46757 0.47849 2.77 127
0.99939 0.66448 2.00 50
0.67229 0.66737 2.23 69
0.77696 0.65555 3.84 430
0.06024 0.65059 2.70 118
0.57832 0.79430 3.68 354
-0.09700 0.83663 3.58 318
1.54552 1.13544 2.81 135
0.41713 1.02498 3.47 280
-1.24195 1.50392 2.90 157
-0.08981 1.31080 3.03 181
1.49435 1.63073 3.53 297
0.24597 1.45134 3.50 287
