-1.08768 -1.55517 3.84 431
-0.11730 -1.22953 3.08 190
-1.49293 -1.05572 3.42 266
-1.17963 -1.05690 3.83 423
-1.30006 -0.99782 3.70 362
1.15647 -0.96566 3.20 214
-0.48189 -0.92299 3.24 223
0.76492 -0.80872 2.46 90
-0.58034 -0.87199 3.45 275
0.18327 -0.80595 3.89 467
-1.64611 -0.38104 3.16 204
-1.14567 -0.52412 3.86 444
-0.66925 -0.54367 0.03 5
1.02841 -0.50773 3.72 371
0.43494 -0.49566 2.20 65
0.78684 -0.38330 3.94 486
0.82343 -0.21571 3.72 370
0.57782 -0.19544 1.25 19
0.04673 -0.25861 2.87 147
0.30657 -0.15664 3.79 403
-1.13101 0.00734 3.80 409
0.31720 -0.10312 3.98 512
1.48278 0.46224 3.77 397
-0.86002 0.23349 2.23 70
-0.08462 0.09330 3.79 402
-1.06165 0.36635 2.79 131
-0.18157 0.18624 3.77 394
-0.77895 0.52185 3.75 383
1.06626 0.75084 3.35 247
1.18837 0.84557 3.75 384
-1.25144 1.13087 2.74 122
0.41720 0.69114 3.43 268
0.61502 0.80091 2.44 88
-0.84482 1.12926 3.17 208
1.03068 1.31452 3.52 293
-0.14513 0.97639 3.07 188
0.50609 1.26344 3.23 219
0.03902 1.12329 3.83 424
-1.05482 1.90343 3.05 187
-0.33444 1.33394 3.57 315
1.28555 2.72306 3.98 509
-1.00074 2.13454 2.08 59
0.68867 2.02841 3.21 216
