0.41972 -1.71199 3.58 318
0.94358 -1.43156 3.47 280
-0.71892 -1.14125 2.90 157
0.35964 -1.19243 3.03 181
0.66609 -1.02076 3.50 287
-1.68732 -0.36485 3.01 177
1.32226 -0.43065 3.89 465
-1.22308 -0.37960 3.71 364
-0.10965 -0.57138 1.86 39
-0.99095 -0.10899 2.44 87
-0.27590 -0.25208 2.27 75
-0.27582 -0.25229 3.95 491
-0.48997 -0.15574 1.77 32
-1.28527 0.24699 2.37 81
-0.75080 -0.01114 3.31 237
0.57779 0.03795 3.29 234
-1.07270 0.47553 1.79 35
0.89317 0.33551 2.74 122
-1.47515 1.03625 3.67 350
0.02525 0.23284 3.65 344
0.98731 0.69933 3.17 208
1.34599 1.42872 3.07 188
-0.68141 0.71663 3.84 429
-0.39776 0.59682 3.87 453
1.24413 1.68095 3.83 424
0.33739 0.69526 3.05 187
0.92180 1.26477 3.57 315
0.18849 0.78750 2.08 59
0.49445 2.56561 3.21 216
-0.00628 1.80708 2.02 51
