-1.48321 -1.29752 3.40 260
-1.05247 -1.04556 2.49 92
-0.09205 -1.09507 2.83 138
0.99558 -1.04175 3.62 331
1.25996 -0.67208 2.64 106
-1.20314 -0.51339 3.95 493
1.39809 -0.48525 2.00 49
-1.14115 -0.46178 3.48 284
-1.74203 -0.29134 3.76 390
-0.91877 -0.29568 2.42 85
-0.13538 -0.31298 2.06 55
1.11404 -0.17475 3.41 262
-1.15502 -0.12880 2.94 161
0.22095 -0.21520 3.27 226
1.23881 0.17239 3.00 171
0.54051 0.06722 2.06 56
0.38377 0.20514 3.87 446
-0.78469 0.48247 3.62 337
1.05766 0.55666 2.26 73
1.74241 1.01174 3.80 404
-0.39730 0.64346 3.82 418
0.71285 0.83162 3.57 312
1.75405 1.39672 1.79 34
-0.97839 1.01923 3.77 397
1.35838 1.37113 3.95 488
1.43883 1.47602 2.93 159
0.14027 1.04508 3.66 346
1.24246 1.53627 3.76 385
0.16135 1.20625 2.23 67
0.22330 1.29192 3.44 269
-1.00382 1.57169 3.35 247
-0.85244 1.51164 3.75 384
-0.08068 1.36482 2.27 74
0.26473 1.48471 2.47 91
0.48144 1.49960 2.68 110
-1.57343 2.32483 3.43 268
-1.28629 2.12661 2.44 88
0.63729 1.79827 3.38 254
