-0.69812 -2.49100 3.83 422
-0.72122 -2.07690 3.89 466
-0.12032 -1.26308 3.76 389
0.38572 -1.35836 2.80 132
1.00836 -1.95145 3.24 221
-0.55412 -1.15723 3.96 500
-1.36568 -1.91901 1.92 42
-0.51411 -0.70299 3.42 267
-0.70480 -0.79449 3.56 311
-1.45534 -1.43118 3.62 336
1.34492 -0.96581 2.86 144
-0.00990 -0.27989 2.86 145
-0.59086 -0.27834 3.65 345
0.40126 -0.21491 3.99 513
1.40298 -0.66214 0.46 9
-0.83012 -0.26901 1.94 44
1.26878 -0.41421 3.92 477
0.23727 0.18411 3.49 285
-0.93541 0.25385 3.11 195
-0.10759 0.42731 1.74 31
0.20765 0.42590 2.10 61
1.55101 0.00995 3.31 235
0.47809 0.48455 3.90 470
1.03446 0.31255 3.88 456
0.09104 0.61745 3.97 507
1.25149 0.35953 3.94 483
1.28956 0.43323 2.39 82
-0.28868 0.95592 3.01 178
0.48195 1.42035 1.16 17
