-1.30980 -1.75663 2.61 103
1.24488 -1.78156 3.34 245
1.89253 -1.71215 3.85 441
-1.88868 -1.51421 3.88 460
-0.31642 -1.39911 3.24 222
-0.37247 -1.33558 2.74 121
-0.73936 -1.32275 3.53 296
1.56300 -1.30336 3.26 225
-1.72834 -0.97883 3.72 369
-0.12673 -0.98861 3.82 416
0.96997 -0.93927 3.75 382
1.16468 -0.92231 3.97 505
0.89263 -0.82895 2.77 128
-0.68513 -0.83836 3.71 365
-0.77006 -0.72319 2.65 109
0.23569 -0.56879 3.20 213
1.21606 -0.52029 3.73 375
-0.88365 -0.48321 3.80 407
-0.88364 -0.48312 3.80 408
0.72974 -0.37771 2.08 60
0.45031 -0.29008 3.48 283
-0.70145 -0.22135 3.67 351
-0.56363 -0.21608 3.85 439
-0.22696 -0.04200 3.75 381
-0.12081 0.08000 2.77 127
1.35380 0.20955 3.84 431
0.42580 0.27112 3.14 203
-0.48968 0.33430 2.00 50
-0.79582 0.40959 2.23 69
-0.69624 0.37435 3.84 430
-1.46433 0.54940 2.70 118
0.80471 0.46729 3.42 266
1.06934 0.56924 3.83 423
-0.86870 0.55519 3.68 354
0.93894 0.57460 3.70 362
-1.61777 0.79515 3.58 318
0.23559 0.59233 3.92 478
0.01484 0.62421 2.81 135
1.74665 0.98694 3.24 223
1.60609 0.98692 3.45 275
-0.99478 0.82414 3.47 280
0.39088 0.93710 3.16 204
0.86472 1.03600 3.86 444
1.35609 1.26793 0.03 5
-1.50860 1.28814 3.03 181
0.03160 1.04227 3.53 297
-1.10064 1.29529 3.50 287
0.61779 1.54764 3.80 409
-0.20740 1.51074 3.89 465
-1.91711 2.36556 1.86 39
