-0.36320 -1.74599 3.91 476
0.54226 -1.46334 2.56 97
-0.62562 -1.38846 2.61 103
1.90032 -1.49737 3.34 245
-1.12991 -1.16637 3.88 460
0.25783 -1.08892 3.24 222
0.20073 -1.02908 2.74 121
-0.14497 -1.01327 3.53 296
-1.03956 -0.70211 3.72 369
0.42314 -0.70172 3.82 416
1.57930 -0.64412 3.75 382
1.80032 -0.62459 3.97 505
1.49061 -0.53202 2.77 128
-0.12358 -0.56445 3.71 365
-0.21002 -0.45755 2.65 109
0.77373 -0.28340 3.20 213
-0.33084 -0.23391 3.80 407
-0.33084 -0.23382 3.80 408
1.29904 -0.07013 2.08 60
0.99105 0.00812 3.48 283
-0.17681 0.02380 3.67 351
-0.04530 0.03520 3.85 439
-1.73472 0.33429 2.68 111
-1.39589 0.32884 -0.04 3
0.27612 0.22509 3.75 381
0.37727 0.35500 2.77 127
0.94504 0.59379 3.14 203
-0.00604 0.58653 2.00 50
-0.30732 0.63817 2.23 69
-0.20959 0.61077 3.84 430
-0.93352 0.72204 2.70 118
1.36245 0.83991 3.42 266
1.66884 0.98076 3.83 423
-0.38649 0.77755 3.68 354
1.51529 0.97262 3.70 362
-1.08968 0.94701 3.58 318
0.72675 0.91887 3.92 478
0.49092 0.93069 2.81 135
-0.52467 1.03581 3.47 280
0.88223 1.31054 3.16 204
1.41844 1.48419 3.86 444
-1.03423 1.44533 3.03 181
0.48848 1.38007 3.53 297
-0.65943 1.50311 3.50 287
