-1.37392 -1.48624 2.06 56
0.05959 -1.49274 3.39 257
-1.43666 -1.24035 3.87 446
0.08960 -1.35518 2.12 62
0.64896 -1.35850 2.89 151
1.38121 -1.05686 3.17 205
1.34217 -1.08457 3.75 379
-0.59627 -1.21628 2.26 73
0.47754 -1.21975 3.77 391
1.25005 -0.92471 2.99 168
0.09511 -1.11358 3.80 404
1.32562 -0.73688 0.08 6
0.40024 -0.91262 3.01 175
-0.74723 -0.78739 3.57 312
0.21540 -0.81341 1.79 34
-0.04716 -0.65887 3.95 488
0.03861 -0.61781 2.93 159
-1.12030 -0.29904 3.66 346
1.37510 -0.10596 3.72 368
-0.07007 -0.48598 3.76 385
-1.01176 -0.18429 2.23 67
-0.91526 -0.15396 3.44 269
-1.12798 0.06908 2.27 74
-0.78707 -0.03792 2.47 91
-0.61577 -0.14160 2.68 110
-0.38376 -0.02100 3.38 254
-1.19956 0.73092 3.52 293
-1.15093 1.25794 3.23 219
-0.22709 0.42306 3.98 509
-0.53005 0.92967 3.21 216
-0.00525 1.37068 2.02 51
