1.89869 -1.45839 3.47 277
-1.58989 -1.29690 2.83 138
-0.40286 -1.38799 3.62 331
-0.07038 -1.05785 2.64 106
0.09107 -0.90206 2.00 49
1.41518 -0.72212 2.87 146
1.44039 -0.72042 3.63 339
1.37759 -0.72893 3.70 361
1.38632 -0.71101 3.87 448
0.60954 -0.65596 3.63 338
-1.37504 -0.41679 2.06 55
-0.08116 -0.55849 3.41 262
-0.95008 -0.40128 3.27 226
1.35350 -0.24992 2.85 141
1.22137 -0.25917 3.83 419
0.10414 -0.26540 3.00 171
-0.54745 -0.19761 2.06 56
0.68080 -0.00040 3.39 257
-0.66354 -0.02226 3.87 446
0.69049 0.11853 2.12 62
1.23932 0.21005 2.89 151
0.03828 0.12390 2.26 73
1.05438 0.30374 3.77 391
0.66228 0.32996 3.80 404
-1.36244 0.66330 3.82 418
0.94362 0.57687 3.01 175
-0.19530 0.46842 3.57 312
0.74028 0.63532 1.79 34
0.44833 0.73210 3.95 488
0.52857 0.79239 2.93 159
-0.67434 0.85495 3.66 346
0.39313 0.90330 3.76 385
-0.61042 0.99570 2.23 67
-0.52856 1.05023 3.44 269
-1.76308 1.86112 3.35 247
-1.60206 1.72475 3.75 384
-0.80564 1.23620 2.27 74
-0.44015 1.20677 2.47 91
-0.24010 1.13722 2.68 110
-0.03601 1.33300 3.38 254
-1.13677 2.00693 3.52 293
