-0.68956 -1.74982 2.41 84
-1.36378 -1.84856 3.08 189
-1.35733 -1.84420 3.57 314
-0.80771 -1.63575 1.63 25
-0.84336 -1.65631 2.69 116
-0.60401 -1.59672 3.21 215
-0.26697 -1.54180 3.11 194
-0.19049 -1.38211 1.85 37
-1.41269 -1.58555 2.29 76
-0.42000 -1.14899 2.99 169
0.27732 -1.10653 2.60 101
-0.23294 -1.10126 2.70 119
-1.67230 -1.23151 2.82 137
0.33349 -0.97803 3.32 240
-1.79134 -1.14005 0.96 14
0.18937 -0.89168 2.02 52
0.06992 -0.92930 3.17 209
-0.14963 -0.84034 2.81 136
-1.00529 -0.89010 3.27 230
0.37736 -0.60118 2.89 155
0.22399 -0.59997 3.51 289
0.31171 -0.63822 3.77 393
-0.33223 -0.60113 3.86 445
0.53660 -0.43412 3.93 482
-1.20781 -0.36991 2.43 86
-0.82069 -0.31728 3.54 303
1.38483 -0.33370 3.08 191
1.34948 -0.19885 3.57 316
-1.76606 -0.11904 2.56 97
-0.54113 0.00378 3.34 245
-0.06296 0.09310 3.85 441
0.34979 0.27054 3.44 272
-0.25006 0.37819 3.26 225
1.29572 0.48741 3.23 218
1.01335 0.59411 3.90 469
-0.72034 0.68948 3.75 382
-0.54030 0.70046 3.97 505
0.62714 0.71174 3.36 251
-0.78864 0.79805 2.77 128
1.07506 0.91584 3.71 366
1.01420 1.06467 0.77 12
-1.52715 1.12893 3.20 213
-0.45647 1.08608 3.73 375
0.95097 1.17071 2.72 120
-0.93913 1.29454 2.08 60
0.35940 1.35004 2.99 170
-1.26745 1.44354 3.48 283
1.83520 1.52489 3.63 340
1.88505 1.63040 3.77 395
0.99629 1.70632 3.82 417
1.18303 1.79810 3.47 281
