-0.29870 -1.75445 3.24 221
1.16386 -2.78221 4.00 517
0.70566 -1.86969 3.95 490
1.42600 -2.62729 3.32 238
0.62400 -1.63795 3.78 398
1.21730 -2.17416 1.68 28
0.73313 -1.51482 3.98 511
1.16559 -1.72572 3.77 392
1.34785 -1.96645 4.00 516
1.65709 -2.26839 3.01 176
-0.45453 -1.16784 3.85 433
-0.29295 -0.98416 3.35 246
0.21603 -0.97267 3.76 387
1.61853 -1.86461 3.97 504
-1.19834 -1.36339 2.86 144
0.70660 -1.08280 3.27 228
1.60061 -1.66704 3.84 427
1.42476 -1.38660 1.86 38
-1.51703 -1.27594 0.46 9
-0.20079 -0.54799 3.27 227
0.68555 -0.51272 -0.72 2
1.46683 -0.90644 3.47 279
-1.39695 -0.75711 3.56 307
-1.58086 -0.88182 3.70 360
0.39733 -0.35526 3.85 434
0.94248 -0.47786 2.93 160
-1.10234 -0.49898 4.00 515
0.96185 -0.04692 3.17 206
1.49944 -0.25716 3.25 224
-0.45357 0.11289 3.86 442
0.57952 0.06483 3.96 495
-1.27325 0.02489 3.24 220
1.53042 0.13450 2.70 117
0.55909 0.45714 3.12 196
0.34269 0.49658 3.87 450
0.44542 0.56479 2.64 107
-0.40409 0.57188 3.96 494
-0.47526 0.57720 3.56 308
0.94415 0.52585 3.85 435
1.30034 0.49858 3.96 496
0.97226 0.72172 3.02 179
-0.28885 0.77458 3.82 413
1.49522 0.67381 1.50 23
-1.34975 0.70919 3.87 447
1.56370 0.72480 3.47 278
1.70051 0.79402 1.84 36
1.78499 0.74469 3.85 436
1.54681 0.98339 3.87 451
1.68977 0.97572 3.02 180
0.07259 1.26687 3.19 211
0.59442 1.23851 3.60 324
-1.39907 1.17984 3.69 356
0.38536 1.35958 2.84 140
0.70381 1.33028 3.81 411
1.39527 1.35656 3.95 489
1.20501 1.47583 1.98 46
0.46663 1.54937 2.58 98
1.59076 1.51444 -1.46 1
0.18809 1.66918 3.31 236
