-0.18934 -3.71718 3.83 422
-0.55499 -3.46618 3.89 466
-0.74246 -2.09130 3.76 389
-0.30566 -1.63593 2.80 132
0.41702 -1.47361 3.24 221
-1.21923 -2.54675 3.96 500
1.21397 -2.42489 3.95 490
1.28566 -2.16916 3.78 398
1.48397 -2.18159 3.98 511
0.60520 -0.93463 3.85 433
0.83908 -0.90263 3.35 246
1.31641 -1.27492 3.76 387
-0.00793 -0.62237 2.86 144
-1.46628 -1.22917 2.86 145
-1.14788 -0.80521 3.99 513
-0.16127 -0.39267 0.46 9
1.18356 -0.60844 3.27 227
-0.39227 -0.31571 3.92 477
-1.62406 -0.63264 3.49 285
0.13636 -0.08410 3.56 307
-0.03331 -0.08562 3.70 360
-0.25002 0.03734 3.95 487
0.46148 -0.03586 4.00 515
-0.49259 0.13185 3.31 235
-1.64382 -0.20168 3.90 470
-1.04052 0.04215 3.88 456
-0.30779 0.34144 3.41 261
-0.91560 0.20466 3.94 483
-0.93921 0.27842 2.39 82
1.36092 0.13318 3.86 442
0.60109 0.46897 3.24 220
1.72349 0.54476 3.96 494
1.65027 0.58670 3.56 308
0.90794 1.09301 3.87 447
1.13567 1.54918 3.69 356
0.00007 1.67971 4.00 514
