0.52220 -1.62994 3.83 422
0.69408 -1.95412 3.89 466
-1.04405 -2.67465 3.24 221
-0.21359 -1.07512 4.00 517
0.30629 -0.98578 3.87 452
-0.84010 -1.39831 3.95 490
0.44137 -1.00241 3.62 333
-0.30900 -0.86051 3.32 238
-1.05010 -1.47017 3.78 398
-0.59066 -0.96114 1.68 28
1.35951 -1.90029 1.92 42
0.37337 -0.82676 2.69 115
1.09947 -1.34518 2.89 152
0.43455 -0.78675 3.05 186
-1.15218 -1.34229 3.98 511
0.13697 -0.63832 3.64 341
-0.92404 -0.94265 3.77 392
-0.73127 -0.82428 4.00 516
-0.52359 -0.63907 3.01 176
-0.21501 -0.51888 2.76 125
1.10925 -1.01738 3.19 212
0.40248 -0.48566 1.33 20
0.40254 -0.48569 1.73 30
1.53558 -1.40097 2.85 142
0.09588 -0.43128 3.13 199
-0.58178 -0.50981 3.69 358
-0.79101 -0.59407 3.97 504
-0.30351 -0.38459 3.32 239
-0.40195 -0.38636 3.40 259
1.26565 -0.82754 -0.01 4
1.06356 -0.63270 0.61 11
1.26566 -0.82757 1.33 21
0.40308 -0.33483 3.59 320
-0.93645 -0.56885 3.84 427
0.58728 -0.34788 1.25 18
-1.18028 -0.65582 1.86 38
-0.83006 -0.42387 2.25 72
0.37990 -0.23854 2.80 133
-0.87869 -0.42907 3.44 270
-0.18222 -0.21381 3.78 399
-0.35921 -0.23383 3.82 415
-0.07819 -0.21292 3.91 474
0.51234 -0.17956 1.63 24
-0.78350 -0.26709 3.13 198
-0.89577 -0.19359 2.50 93
-1.18809 -0.32626 1.96 45
-0.63924 -0.07259 3.54 301
0.00776 0.02699 3.89 463
1.10584 -0.19863 2.30 77
-1.28039 -0.26100 3.62 332
0.41895 0.10213 3.96 498
0.40750 0.19388 2.60 100
0.58022 0.18672 3.91 475
-0.28822 0.28103 2.69 114
0.71593 0.22408 2.17 64
-0.38031 0.33442 3.84 428
0.68867 0.25525 3.86 443
1.43077 0.03717 2.55 95
-1.25130 0.13938 3.75 380
-1.48895 0.04966 3.84 426
-1.45727 0.10844 3.91 472
1.54625 0.14744 3.87 454
-1.31769 0.34831 2.21 66
1.53173 0.31673 3.04 184
1.63782 0.29100 3.83 421
-0.66142 0.62979 3.85 437
1.55689 0.35940 3.41 263
-1.15484 0.59987 3.60 327
1.42383 0.57250 3.88 459
1.37948 0.77074 2.75 123
0.15935 1.29672 3.54 302
