1.28038 -1.82310 2.81 134
0.99407 -1.81864 3.34 242
0.19612 -1.70072 3.87 451
0.32005 -1.68098 3.02 180
-1.39005 -1.69849 3.19 211
-0.78348 -1.62009 3.60 324
-1.02360 -1.53052 2.84 140
-0.68135 -1.50355 3.81 411
-0.04556 -1.36991 3.95 489
-0.23755 -1.29064 1.98 46
-0.95028 -1.32593 2.58 98
0.07041 -1.21100 -1.46 1
-1.25283 -1.25159 3.31 236
-0.73671 -1.11907 3.55 304
-0.60110 -1.07158 3.71 363
-1.84198 -1.19608 3.87 449
-0.71894 -0.81010 2.06 57
0.84844 -0.80864 3.93 481
-1.21018 -0.74657 0.12 7
-1.15994 -0.66322 3.60 323
-0.33945 -0.60813 3.98 510
-0.89161 -0.59922 2.77 126
-1.30877 -0.56478 2.79 130
1.52601 -0.50109 3.90 468
-1.83881 -0.47639 3.93 480
-1.04771 -0.40201 3.36 248
-0.83905 -0.41078 3.81 410
-0.87363 -0.33294 1.70 29
-0.80935 -0.37378 2.05 54
-0.93332 -0.28270 2.23 68
-1.51100 -0.12076 3.72 367
0.80109 0.02143 0.38 8
-1.55321 0.06880 3.69 357
-1.02341 0.09029 1.64 26
-1.57233 0.15084 3.19 210
-0.59770 0.13535 0.50 10
0.62863 0.18409 2.90 156
1.34602 0.26852 3.52 290
-0.87353 0.28399 3.54 300
0.06907 0.42177 3.36 249
-1.78115 0.76235 0.85 13
-0.02971 0.61297 1.93 43
0.49880 0.63279 3.58 317
1.78614 0.86988 3.94 484
0.31190 0.85307 3.79 400
-0.82249 0.92217 3.00 172
0.52109 0.94629 3.53 295
-0.21933 0.96258 2.88 149
-0.32405 0.96603 3.28 232
0.84651 1.12291 3.57 313
0.05029 1.11455 2.98 166
0.58934 1.30762 3.79 401
0.85264 1.35449 1.14 16
-0.96805 1.41067 1.65 27
0.70177 1.59125 1.98 47
0.70177 1.59127 2.88 150
-1.38416 1.82406 2.69 113
0.16096 1.68527 3.60 325
