-0.84660 -1.83914 3.65 345
0.29740 -1.65597 3.99 513
1.52507 -2.15385 0.46 9
-1.13356 -1.85158 1.94 44
1.29913 -1.82944 3.92 477
0.07615 -1.18747 3.49 285
1.91270 -1.93884 3.70 360
1.70468 -1.58532 3.95 487
-1.20265 -1.19963 3.11 195
-0.30149 -0.94316 1.74 31
0.02528 -0.92285 2.10 61
1.47456 -1.28295 3.31 235
0.29465 -0.84300 3.90 470
0.87975 -0.98658 3.88 456
-0.10622 -0.73135 3.97 507
1.08520 -0.92194 3.94 483
1.10587 -0.84306 2.39 82
-0.49335 -0.42339 3.01 178
0.20380 0.01616 1.16 17
-0.92993 0.34729 3.74 377
0.37007 0.46341 3.66 349
0.54810 0.51256 3.97 508
1.72405 0.49649 2.04 53
-0.70501 0.72738 2.87 148
-0.79659 0.68989 3.68 355
0.19305 0.76633 3.27 231
-1.68804 1.06251 3.77 396
1.48004 1.12402 3.56 306
0.17959 1.25355 3.74 378
-1.02047 1.36448 2.91 158
-0.27766 1.65803 3.84 432
-0.52630 1.73235 2.96 165
