1.69985 -2.07390 3.49 285
-1.10762 -1.66039 3.66 348
-1.49499 -1.83168 2.95 164
0.36692 -1.27020 3.11 195
1.32186 -1.52512 1.74 31
1.73957 -1.72825 2.10 61
-0.94529 -1.31479 3.51 288
-1.89731 -1.52660 3.33 241
1.64290 -1.41955 3.97 507
-1.56826 -1.34943 1.87 40
-1.48852 -1.11713 3.03 182
-0.37936 -0.86995 3.97 506
-1.57393 -1.07568 2.41 84
-1.73060 -1.00504 1.63 25
-1.76704 -1.03255 2.69 116
1.29518 -0.87068 3.01 178
-1.50962 -0.91993 3.21 215
-1.15896 -0.79389 3.11 194
-1.10467 -0.63659 1.85 37
-1.39116 -0.46869 2.99 169
-0.67207 -0.30186 2.60 101
-1.19470 -0.38763 2.70 119
-0.63199 -0.17596 3.32 240
-0.78510 -0.11827 2.02 52
-0.90192 -0.17269 3.17 209
-1.14792 -0.12267 2.81 136
1.10410 0.05680 3.74 377
-0.63134 0.18634 2.89 155
-0.78736 0.16804 3.51 289
-0.69298 0.14189 3.77 393
-1.39640 0.09073 3.86 445
-0.49141 0.36877 3.93 482
1.46952 0.37630 2.87 148
1.35678 0.35829 3.68 355
0.27447 0.54474 3.08 191
0.23983 0.66936 3.57 316
-1.78926 0.74239 3.34 245
0.65575 0.83159 3.77 396
-1.21302 0.88128 3.85 441
1.34955 1.04415 2.91 158
-0.76992 1.10531 3.44 272
-1.50182 1.21656 3.26 225
0.16449 1.36480 3.23 218
-0.11111 1.48311 3.90 469
-1.97849 1.64227 3.97 505
-0.52221 1.62664 3.36 251
