-1.28282 -1.89782 3.97 507
0.76537 -1.72775 3.41 261
0.06784 -1.66370 3.94 483
0.06938 -1.57019 2.39 82
2.00833 -1.95416 3.24 220
-1.85747 -1.65299 3.01 178
-1.01670 -0.88744 1.16 17
-0.90241 -0.37964 3.66 349
1.31753 -0.42933 4.00 514
-0.72626 -0.30268 3.97 508
0.29895 -0.16337 2.04 53
-1.13677 -0.10194 3.27 231
1.11758 -0.10668 3.50 286
0.64565 0.24404 3.45 273
1.26034 0.20219 3.73 372
-0.00754 0.32897 3.56 306
0.86801 0.34590 3.60 321
-1.21508 0.36473 3.74 378
1.77654 0.62228 3.04 183
-1.77362 0.72450 3.84 432
-0.89953 1.01182 3.69 359
-1.52948 1.54137 3.40 260
