-0.31668 -0.04152 3.83 422
-0.06769 0.05467 3.89 466
0.64192 -0.30353 3.76 389
0.65956 -0.79901 2.80 132
-0.87954 -0.67591 4.00 517
-0.89520 -0.14800 3.87 452
0.64802 0.11859 3.96 500
-0.86104 -0.01963 3.62 333
-0.05480 0.58810 1.92 42
-1.04352 -0.05769 2.69 115
-0.48423 0.50545 2.89 152
-1.07533 0.01005 3.05 186
1.08485 0.20031 3.42 267
0.94930 0.35716 3.56 311
-0.76184 0.59490 3.19 212
0.26714 0.80522 3.62 336
-1.40914 0.03192 1.33 20
-1.40910 0.03198 1.73 30
-0.39742 0.85167 2.85 142
-0.27172 0.86504 3.85 440
-0.91677 0.78850 -0.01 4
-1.13841 0.65916 0.61 11
-0.91674 0.78850 1.33 21
0.21354 1.05215 3.62 335
-0.07462 1.16290 3.76 388
1.53308 0.41038 3.65 345
1.47634 0.66018 1.94 44
0.20328 1.31932 3.34 244
0.20839 1.37306 2.85 143
-0.01121 1.35408 3.13 201
-1.61696 0.84031 2.30 77
-0.96967 1.40237 3.41 264
0.64847 1.66465 3.66 348
