0.48865 -1.70362 2.56 96
-0.73940 -1.45813 2.98 167
-0.31780 -1.51399 3.44 271
-0.62033 -1.32226 3.88 458
0.44836 -0.90243 3.48 282
-0.90896 -0.75648 3.13 197
0.15179 -0.85680 3.83 420
-0.89634 -0.61420 3.82 414
1.49377 -0.33932 2.90 157
-0.17759 -0.44977 3.05 185
-1.00728 -0.28966 3.97 503
-0.22437 -0.37018 3.45 274
0.28225 -0.27991 3.01 177
-0.87842 -0.01336 3.60 326
0.59161 -0.05426 3.71 364
-0.90280 0.04620 3.14 202
1.66809 0.51209 1.86 39
-0.55405 0.15317 3.17 207
0.58248 0.27273 2.44 87
1.26482 0.65023 2.27 75
1.26505 0.65013 3.95 491
1.00494 0.56940 1.77 32
0.16142 0.34650 2.37 81
0.69507 0.49914 3.31 237
-0.33866 0.51515 3.80 405
-0.85425 0.79596 3.36 250
0.15214 0.63946 1.79 35
-0.42172 0.76339 3.67 350
1.18241 1.30527 3.65 344
0.25445 1.09486 3.84 429
0.54587 1.23137 3.87 453
1.12045 2.02376 3.05 187
0.90202 1.94249 2.08 59
