1.38509 -1.60213 2.56 96
0.07919 -1.49711 2.98 167
0.50148 -1.50330 3.44 271
-1.61342 -1.26630 3.57 313
0.16662 -1.35083 3.88 458
-1.78926 -0.96889 3.79 401
-1.50097 -1.03227 1.14 16
-1.54220 -0.75378 1.98 47
-1.54220 -0.75376 2.88 150
1.16871 -0.77842 3.48 282
-0.21547 -0.84399 3.13 197
0.84516 -0.77970 3.83 420
-0.23097 -0.70632 3.82 414
0.42630 -0.42791 3.05 185
-0.39423 -0.41616 3.97 503
0.36382 -0.35763 3.45 274
0.86062 -0.17272 3.01 177
-0.32893 -0.13178 3.60 326
1.14132 0.12078 3.71 364
-0.36254 -0.07987 3.14 202
-0.05878 0.08973 3.17 207
1.06149 0.45395 2.44 87
1.45980 0.86532 1.77 32
0.60569 0.43165 2.37 81
1.13415 0.71318 3.31 237
0.07594 0.48517 3.80 405
-0.46015 0.63804 3.36 250
0.53604 0.72146 1.79 35
-0.05226 0.70619 3.67 350
1.49618 1.68524 3.65 344
0.54645 1.20079 3.84 429
0.81932 1.41870 3.87 453
1.26823 2.41132 3.05 187
1.04710 2.25224 2.08 59
