-0.49207 -1.00896 3.83 422
-0.27281 -0.81745 3.89 466
0.54186 -0.92242 3.76 389
0.76051 -1.43864 2.80 132
-1.07091 -1.35324 3.87 452
0.38789 -0.50590 3.96 500
-1.06964 -1.19740 3.62 333
-0.42837 -0.29503 1.92 42
-1.25814 -1.31330 2.69 115
-0.82451 -0.51644 2.89 152
-1.31090 -1.25098 3.05 186
0.75005 -0.28846 3.42 267
0.57171 -0.18919 3.56 311
-1.12956 -0.52441 3.19 212
-0.19375 0.00153 3.62 336
-0.83412 -0.16075 2.85 142
-0.71644 -0.10924 3.85 440
-1.33631 -0.38900 -0.01 4
-1.33628 -0.38899 1.33 21
1.45704 -0.47532 2.86 145
-0.31759 0.19970 3.62 335
-0.61332 0.21185 3.76 388
1.05244 0.03176 3.65 345
0.90941 0.22552 1.94 44
-0.40454 0.42019 3.34 244
-0.41524 0.46547 2.85 143
-0.60763 0.39051 3.13 201
-1.52861 0.15917 3.41 264
-0.11772 0.80663 3.66 348
-0.42595 0.78604 2.95 164
1.29049 0.66263 3.11 195
0.06801 1.04785 3.51 288
-0.70583 1.13587 3.33 241
-0.44658 1.19770 1.87 40
-0.90730 1.14295 3.62 334
-0.36246 1.39114 3.03 182
0.70677 1.30711 3.97 506
-0.43012 1.45603 2.41 84
-1.03574 1.40637 3.08 189
-1.63667 1.16439 3.41 265
-1.03096 1.40983 3.57 314
-0.55585 1.57080 1.63 25
-0.58745 1.55296 2.69 116
-0.36144 1.59722 3.21 215
-0.02863 1.63255 3.11 194
