2.03249 -2.64920 1.96 45
0.58721 -1.66984 -0.72 2
1.52126 -2.10489 3.47 279
-1.87697 -2.21126 3.56 307
0.25373 -1.50016 3.85 434
0.85978 -1.60397 2.93 160
-1.47120 -1.81987 4.00 515
1.81666 -1.80901 1.78 33
0.80850 -1.09906 3.17 206
1.39551 -1.29746 3.25 224
-0.68880 -1.01692 3.86 442
0.40223 -1.00151 3.96 495
-1.60680 -1.17618 3.24 220
1.74221 -1.25310 3.73 374
1.33962 -0.86750 2.70 117
1.69824 -1.05170 3.61 328
0.34048 -0.59187 3.12 196
0.12323 -0.56359 3.87 450
0.21896 -0.49085 2.64 107
-0.63106 -0.52627 3.96 494
-0.70385 -0.52454 3.56 308
0.70630 -0.50452 3.85 435
1.04927 -0.51362 3.96 496
0.70626 -0.31636 3.02 179
-0.51447 -0.32162 3.82 413
1.54538 -0.43926 2.45 89
1.19906 -0.33834 1.50 23
-1.60553 -0.43539 3.87 447
1.25205 -0.28836 3.47 278
1.36221 -0.21991 1.84 36
1.44818 -0.26107 3.85 436
1.18916 -0.05818 3.87 451
1.31712 -0.05980 3.02 180
-0.17870 0.13742 3.19 211
0.30107 0.12933 3.60 324
-1.60145 0.01222 3.69 356
0.10258 0.22475 2.84 140
0.39108 0.20946 3.81 411
0.99463 0.25013 3.95 489
0.81357 0.34086 1.98 46
0.16216 0.38145 2.58 98
1.13615 0.38055 -1.46 1
-0.09113 0.46992 3.31 236
0.35253 0.54039 3.55 304
0.48011 0.57216 3.71 363
-0.55219 0.56150 3.87 449
-1.11970 0.56977 2.95 162
0.37798 0.82939 2.06 57
-1.38481 0.77589 3.54 299
-1.55654 0.78228 3.73 373
-0.07491 0.91760 0.12 7
-0.03317 0.99687 3.60 323
0.77750 1.01969 3.98 510
0.21578 1.05131 2.77 126
-0.17089 1.10085 2.79 130
-0.62965 1.20275 3.93 480
0.06427 1.26559 3.36 248
0.26926 1.25246 3.81 410
0.23538 1.34049 1.70 29
0.29988 1.29349 2.05 54
0.17546 1.39827 2.23 68
-0.38616 1.57956 3.72 367
