0.55129 -1.64337 3.93 480
-1.61920 -1.63612 3.04 183
1.32328 -1.58720 3.36 248
1.57864 -1.60696 3.81 410
1.51337 -1.50353 1.70 29
1.60572 -1.55878 2.05 54
1.42769 -1.43863 2.23 68
0.79297 -1.25856 3.72 367
-1.13477 -1.20206 3.47 276
-0.83438 -1.15342 2.53 94
0.72801 -1.06180 3.69 357
0.04405 -1.04737 3.91 471
1.23770 -0.99890 1.64 26
0.70033 -0.98028 3.19 210
1.72422 -0.90408 0.50 10
1.35720 -0.76725 3.54 300
-0.48286 -0.86398 3.60 322
-0.44763 -0.82415 3.74 376
0.00902 -0.67449 3.47 277
0.37198 -0.48207 3.40 258
0.25679 -0.49874 3.65 342
0.37058 -0.47710 3.84 425
0.46500 -0.44334 0.85 13
0.29334 -0.39346 3.76 386
0.36186 -0.30238 3.53 294
-1.69165 -0.05378 2.64 106
1.27071 -0.10561 3.00 172
-1.46304 0.06481 2.00 49
-0.15166 -0.04580 2.87 146
-0.13137 -0.04897 3.63 339
-0.18334 -0.04458 3.70 361
-0.17143 -0.03136 3.87 448
-0.84498 0.17963 3.63 338
1.04141 0.28685 1.65 27
-1.58180 0.46608 3.41 262
-0.06659 0.36745 2.85 141
-0.17746 0.39207 3.83 419
0.64802 0.48100 2.69 113
-1.28233 0.71881 3.00 171
1.37098 0.88472 2.62 104
-0.59002 0.79476 3.39 257
1.24100 0.96684 3.97 501
-0.54533 0.91137 2.12 62
-0.02258 0.81522 2.89 151
0.70224 0.95564 3.17 205
0.65946 0.93791 3.75 379
-1.25271 1.17733 2.26 73
-0.15182 0.96658 3.77 391
0.63488 1.09946 2.99 168
1.25414 1.35483 1.90 41
-0.50923 1.14015 3.80 404
0.77176 1.26725 0.08 6
-0.16521 1.28206 3.01 175
-1.44983 1.71010 3.57 312
-0.33750 1.43079 1.79 34
-0.60347 1.67868 3.95 488
-0.49964 1.70634 2.93 159
-2.04227 2.57203 3.66 346
1.10260 1.97879 3.72 368
