1.03994 -1.80727 2.64 107
0.05076 -1.68656 3.96 494
-0.02648 -1.67122 3.56 308
1.68647 -1.93461 3.85 435
1.66970 -1.66977 3.02 179
0.19716 -1.45783 3.82 413
-0.88698 -1.42290 3.87 447
0.59167 -0.97447 3.19 211
1.13453 -1.04014 3.60 324
-0.79579 -0.95628 3.69 356
0.90514 -0.90791 2.84 140
1.23979 -0.95753 3.81 411
1.75235 -0.85141 1.98 46
0.97347 -0.74081 2.58 98
0.69933 -0.62532 3.31 236
1.18719 -0.58548 3.55 304
1.33288 -0.56117 3.71 363
0.23727 -0.50039 3.87 449
-0.28737 -0.45805 2.95 162
1.20972 -0.28783 2.06 57
-0.48618 -0.25996 3.54 299
-0.62638 -0.24767 3.73 373
0.73073 -0.18253 0.12 7
-1.14803 -0.23996 3.89 462
0.77521 -0.10957 3.60 323
1.65352 -0.11391 3.98 510
1.03244 -0.06594 2.77 126
0.64145 -0.01054 2.79 130
0.21654 0.08699 3.93 480
-1.76421 0.08264 3.04 183
0.87856 0.13300 3.36 248
1.08725 0.11885 3.81 410
1.05189 0.19810 1.70 29
1.11861 0.15560 2.05 54
0.99115 0.24916 2.23 68
0.46123 0.39850 3.72 367
-1.37732 0.45683 3.47 276
-1.08363 0.49977 2.53 94
0.42176 0.57205 3.69 357
-0.22676 0.59121 3.91 471
0.90050 0.62473 1.64 26
0.40394 0.64729 3.19 210
1.36241 0.70666 0.50 10
1.05501 0.84198 3.54 300
-0.76024 0.77446 3.60 322
-0.72738 0.81411 3.74 376
-0.26297 0.96046 3.47 277
0.11833 1.15974 3.40 258
-0.00282 1.14433 3.65 342
0.11716 1.16529 3.84 425
0.21799 1.20036 0.85 13
0.04019 1.26194 3.76 386
0.11839 1.36577 3.53 294
1.11533 1.56872 3.00 172
1.89474 1.80830 2.88 149
1.74413 1.77568 3.28 232
-0.45382 1.70746 2.87 146
-0.43006 1.70231 3.63 339
-0.49084 1.71059 3.70 361
-0.47756 1.72759 3.87 448
