-0.55505 -1.66604 2.00 50
-0.88776 -1.57085 2.23 69
-0.78248 -1.61503 3.84 430
-1.58682 -1.40183 2.70 118
0.88691 -1.49990 3.42 266
1.15411 -1.37863 3.83 423
-0.94025 -1.39504 3.68 354
1.01226 -1.37240 3.70 362
-1.66922 -1.12706 3.58 318
0.25307 -1.35187 3.92 478
0.01584 -1.31531 2.81 135
1.73733 -0.93023 3.24 223
1.59753 -0.93024 3.45 275
-1.02065 -1.09637 3.47 280
0.39247 -0.98000 3.16 204
0.85225 -0.88213 3.86 444
1.28129 -0.66616 0.03 5
-1.42026 -0.64817 3.03 181
0.03111 -0.87605 3.53 297
-1.03488 -0.64185 3.50 287
0.55599 -0.42831 3.80 409
-0.18783 -0.45838 3.89 465
-1.51493 0.15336 1.86 39
0.63474 -0.10258 2.23 70
1.40308 0.25455 3.79 402
0.40971 -0.10744 2.79 131
1.24503 0.27008 3.77 394
-1.48755 0.55108 2.27 75
-1.48759 0.55083 3.95 491
0.53272 0.17163 3.75 383
-0.51354 0.28366 3.29 234
-0.10192 0.35028 2.74 122
1.47725 1.14223 3.43 268
-0.88623 0.78798 3.65 344
0.15971 0.58454 3.17 208
0.76797 0.93463 3.07 188
-1.28922 1.76959 3.84 429
-1.07100 1.42256 3.87 453
1.15908 1.67338 3.23 219
0.83185 1.18309 3.83 424
-0.33947 0.97866 3.05 187
0.41136 1.06453 3.57 315
-0.41092 1.15772 2.08 59
0.81880 2.39341 3.21 216
