-0.87586 -1.53764 3.05 185
-1.76683 -1.14705 3.97 503
-0.90139 -1.42862 3.45 274
-0.31782 -1.43374 3.01 177
-1.49919 -0.85712 3.60 326
0.05825 -1.24126 3.71 364
-1.50193 -0.78500 3.14 202
1.16073 -0.87916 1.86 39
-1.08225 -0.75207 3.17 207
0.11314 -0.88640 2.44 87
0.80920 -0.66059 2.27 75
0.80941 -0.66074 3.95 491
0.56254 -0.68194 1.77 32
-0.28778 -0.71586 2.37 81
0.26196 -0.68256 3.31 237
1.44250 0.08008 3.29 234
-0.74427 -0.43120 3.80 405
-1.17400 -0.04101 3.36 250
-0.22961 -0.42453 1.79 35
-0.75566 -0.17458 3.67 350
0.80117 -0.06284 3.65 344
-0.04025 -0.03479 3.84 429
0.24366 0.01557 3.87 453
0.81585 0.50265 3.05 187
1.00986 1.30108 3.57 315
0.63469 0.49137 2.08 59
-0.02841 1.13894 2.02 51
