0.70442 -1.62103 3.72 369
-0.97824 -1.51332 3.38 256
1.75371 -1.41404 3.71 365
1.60127 -1.28127 2.65 109
-0.81127 -1.02849 2.83 139
1.37918 -1.01815 3.80 407
1.37915 -1.01804 3.80 408
1.48872 -0.69412 3.67 351
1.64930 -0.65772 3.85 439
-0.06830 -0.62389 2.68 111
0.19999 -0.57859 -0.04 3
1.52352 -0.03871 2.00 50
1.16824 -0.06426 2.23 69
1.28236 -0.06704 3.84 430
0.53658 -0.13130 2.70 118
1.05096 0.05174 3.68 354
0.36574 0.03257 3.58 318
0.85665 0.25441 3.47 280
-0.68226 0.50454 2.90 157
0.33860 0.45881 3.03 181
0.64424 0.61514 3.50 287
-1.82210 1.30021 3.01 177
1.41138 1.22436 3.89 465
-1.31732 1.28305 3.71 364
-0.11422 1.06788 1.86 39
-1.12104 1.61277 2.44 87
-0.30403 1.43439 2.27 75
-0.30392 1.43414 3.95 491
-0.54952 1.55346 1.77 32
-1.55715 2.10067 2.37 81
-0.86512 1.74032 3.31 237
0.67202 1.80611 3.29 234
