-0.28963 -1.40395 3.83 422
-0.51165 -1.20849 3.89 466
-0.51638 -0.36010 3.76 389
-0.10000 -0.12697 2.80 132
0.56057 -0.16570 3.24 221
-0.91428 -0.55832 3.96 500
0.98454 -1.00265 3.95 490
1.11780 -0.85876 3.78 398
-1.18307 -0.21083 3.42 267
-1.28247 -0.40403 3.56 311
0.88788 0.24099 3.85 433
1.12642 0.21331 3.35 246
0.37897 0.68175 2.86 144
-1.04312 0.45547 2.86 145
-0.73357 0.76751 3.99 513
0.28357 0.95324 0.46 9
1.59121 0.40444 3.27 227
0.06736 1.09065 3.92 477
-1.15853 1.04217 3.49 285
0.68256 1.22291 3.56 307
0.49986 1.26259 3.70 360
0.30155 1.46063 3.95 487
1.05457 1.19870 4.00 515
-1.69216 1.06790 1.74 31
-1.37673 1.27227 2.10 61
0.06282 1.63491 3.31 235
-1.16232 1.50588 3.90 470
-0.53504 1.65398 3.88 456
