0.44772 -1.66855 3.88 458
-1.55382 -1.35504 3.79 401
-1.26960 -1.40694 1.14 16
-1.31817 -1.12017 1.98 47
-1.31816 -1.12015 2.88 150
1.45519 -0.99601 3.48 282
-1.80138 -0.81062 3.60 325
0.01234 -1.14310 3.13 197
1.11084 -1.01596 3.83 420
-0.01291 -0.99933 3.82 414
0.63936 -0.67026 3.05 185
-0.19678 -0.70830 3.97 503
0.56894 -0.60131 3.45 274
1.06518 -0.37830 3.01 177
-0.14912 -0.41483 3.60 326
1.32634 -0.05855 3.71 364
-0.18581 -0.36470 3.14 202
0.10593 -0.17416 3.17 207
1.20882 0.27060 2.44 87
-1.54787 0.54971 3.72 368
1.57296 0.70810 1.77 32
0.74679 0.21390 2.37 81
1.25633 0.53248 3.31 237
0.21193 0.22697 3.80 405
-0.32389 0.33533 3.36 250
0.65154 0.49292 1.79 35
0.06996 0.43218 3.67 350
0.62153 0.95358 3.84 429
0.87193 1.18261 3.87 453
1.21862 2.13336 3.05 187
1.01886 1.96877 2.08 59
