-1.86064 -1.60605 3.72 369
-0.13652 -1.61739 3.82 416
1.04168 -1.56031 3.75 382
1.24949 -1.54077 3.97 505
0.95218 -1.43393 2.77 128
-0.73126 -1.44464 3.71 365
-0.81617 -1.31435 2.65 109
0.24749 -1.14251 3.20 213
1.27325 -1.08920 3.73 375
-0.92316 -1.04864 3.80 407
-0.92314 -1.04854 3.80 408
0.75759 -0.93421 2.08 60
0.46508 -0.84025 3.48 283
-0.72154 -0.76723 3.67 351
-0.57959 -0.76166 3.85 439
-0.23103 -0.57945 3.75 381
-0.12211 -0.45392 2.77 127
1.35817 -0.32256 3.84 431
0.42568 -0.26082 3.14 203
-0.48777 -0.19789 2.00 50
-0.78934 -0.12351 2.23 69
-0.69195 -0.15825 3.84 430
-1.44100 0.01296 2.70 118
0.79556 -0.06693 3.42 266
1.05113 0.03214 3.83 423
-0.85458 0.01856 3.68 354
0.92267 0.03732 3.70 362
-1.57031 0.24769 3.58 318
0.23127 0.05442 3.92 478
0.01454 0.08510 2.81 135
1.67756 0.42649 3.24 223
1.54257 0.42648 3.45 275
-0.96404 0.27496 3.47 280
0.37645 0.38039 3.16 204
0.82828 0.47163 3.86 444
1.28268 0.68175 0.03 5
-1.42537 0.69982 3.03 181
0.03026 0.47738 3.53 297
-1.03952 0.70620 3.50 287
0.57565 0.92828 3.80 409
-0.19363 0.89618 3.89 465
-1.71181 1.60879 1.86 39
0.68951 1.29463 2.23 70
1.61103 1.74007 3.79 402
0.44473 1.28890 2.79 131
1.43311 1.76059 3.77 394
-1.79288 2.15044 2.27 75
-1.79285 2.15008 3.95 491
0.60368 1.63217 3.75 383
-0.59240 1.77863 3.29 234
