1.00271 -1.58675 2.77 127
1.59304 -1.23844 3.14 203
0.51851 -1.33712 2.00 50
0.18958 -1.30533 2.23 69
0.29581 -1.32764 3.84 430
-0.45052 -1.26872 2.70 118
0.09713 -1.15964 3.68 354
-0.58860 -1.05088 3.58 318
1.23731 -0.90152 3.92 478
0.98292 -0.91381 2.81 135
-0.05204 -0.91090 3.47 280
1.28678 -0.50948 3.16 204
-1.58741 -0.30204 2.90 157
-0.51139 -0.59512 3.03 181
0.88191 -0.49196 3.53 297
-0.18508 -0.50990 3.50 287
1.31572 0.08572 3.80 409
0.55056 -0.14359 3.89 465
-0.80517 0.08843 1.86 39
1.31362 0.44467 2.23 70
1.06888 0.36975 2.79 131
-1.65038 0.83977 2.44 87
-0.89208 0.45161 2.27 75
-0.89205 0.45138 3.95 491
-1.09524 0.61819 1.77 32
1.12504 0.69672 3.75 383
-1.34778 0.86032 3.31 237
0.03413 0.47996 3.29 234
0.41281 0.67131 2.74 122
-0.44660 0.84837 3.65 344
0.61222 0.99558 3.17 208
1.17172 1.60022 3.07 188
-1.07337 1.64610 3.84 429
-0.78850 1.39271 3.87 453
1.41539 2.62071 3.23 219
1.17299 1.90226 3.83 424
0.00324 1.21800 3.05 187
0.74035 1.59328 3.57 315
-0.11614 1.37123 2.08 59
0.79809 3.27595 3.21 216
