-0.32017 -2.11196 3.83 422
-0.55871 -1.87603 3.89 466
-0.53553 -0.91525 3.76 389
-0.10229 -0.66792 2.80 132
0.57475 -0.70854 3.24 221
-0.95946 -1.13098 3.96 500
1.06146 -1.63369 3.95 490
1.19454 -1.46791 3.78 398
-1.21620 -0.75612 3.42 267
-1.33351 -0.96263 3.56 311
0.88915 -0.29098 3.85 433
1.12982 -0.31877 3.35 246
0.37018 0.14018 2.86 144
-1.03195 -0.07849 2.86 145
-0.71314 0.22161 3.99 513
0.27286 0.39535 0.46 9
1.57872 -0.12858 3.27 227
0.06433 0.52161 3.92 477
-1.10934 0.47729 3.49 285
0.64718 0.64138 3.56 307
0.47294 0.67698 3.70 360
0.28229 0.85238 3.95 487
1.00122 0.61959 4.00 515
-1.61804 0.50084 1.74 31
-1.30190 0.68564 2.10 61
0.05826 1.00370 3.31 235
-1.08544 0.89194 3.90 470
-0.49574 1.02008 3.88 456
-1.55587 0.80499 3.97 507
0.29458 1.19516 3.41 261
-0.34801 1.16741 3.94 483
-0.35853 1.25200 2.39 82
1.32004 1.14993 3.24 220
