-0.41568 -0.92634 3.83 422
-0.17327 -0.77778 3.89 466
0.62026 -1.02830 3.76 389
0.75956 -1.58714 2.80 132
-0.94908 -1.77614 4.00 517
-1.01832 -1.15576 3.87 452
0.53138 -0.58482 3.96 500
-0.99350 -1.00625 3.62 333
-0.24320 -0.23966 1.92 42
-1.18681 -1.08389 2.69 115
-0.65820 -0.39083 2.89 152
-1.22635 -1.01495 3.05 186
0.93531 -0.42930 3.42 267
0.76876 -0.29933 3.56 311
-0.94762 -0.34887 3.19 212
0.03247 0.01428 3.62 336
-0.61279 -0.04437 2.85 142
-0.49236 -0.01263 3.85 440
-1.12020 -0.18590 -0.01 4
-1.33609 -0.34824 0.61 11
-1.12017 -0.18589 1.33 21
-0.05797 0.22845 3.62 335
-0.34355 0.28472 3.76 388
1.30122 -0.15636 3.65 345
1.18390 0.06349 1.94 44
-0.10849 0.45807 3.34 244
-0.11186 0.50409 2.85 143
-0.31037 0.45844 3.13 201
-1.21604 0.36761 3.41 264
0.23445 0.79853 3.66 348
-0.07224 0.82060 2.95 164
-1.33548 0.53673 3.87 455
-1.65671 0.44145 2.30 78
1.65647 0.44936 3.11 195
0.45789 1.01282 3.51 288
-1.37645 0.80635 3.37 253
-1.68127 0.76467 2.68 112
-0.28973 1.20050 3.33 241
-0.02804 1.22826 1.87 40
-1.71888 0.82595 3.13 200
-0.48235 1.23283 3.62 334
-1.36531 1.06844 2.78 129
0.08480 1.40839 3.03 182
-1.53565 1.03337 3.22 217
1.15047 1.18835 3.97 506
0.02852 1.48063 2.41 84
-0.56451 1.50465 3.08 189
-1.16518 1.34331 3.41 265
-0.55943 1.50744 3.57 314
-0.07651 1.60860 1.63 25
-0.11009 1.59480 2.69 116
0.11817 1.61172 3.21 215
0.45417 1.60727 3.11 194
-1.70203 1.30998 3.56 310
