-0.60380 -0.97030 3.83 422
-0.47667 -0.70496 3.89 466
0.28882 -0.45826 3.76 389
0.64940 -0.80509 2.80 132
0.00231 -0.15456 3.96 500
-0.84041 -0.29649 1.92 42
-1.13416 -0.67367 2.89 152
0.24025 0.18008 3.42 267
0.04684 0.20206 3.56 311
-0.73881 0.07838 3.62 336
-1.30368 -0.34423 2.85 142
-1.20747 -0.24432 3.85 440
0.89676 0.27558 2.86 145
-0.94517 0.21744 3.62 335
-1.24812 0.10833 3.76 388
0.38654 0.58063 3.65 345
1.32535 0.10421 3.99 513
0.19156 0.70745 1.94 44
-1.13003 0.39716 3.34 244
-1.16132 0.43751 2.85 143
-1.32423 0.28588 3.13 201
1.42905 0.57431 3.49 285
-1.01309 0.89227 3.66 348
-1.31932 0.75401 2.95 164
0.36598 1.24825 3.11 195
1.24486 1.00878 1.74 31
1.56845 0.83630 2.10 61
-0.93323 1.20433 3.51 288
-1.78621 1.00748 3.33 241
1.58383 1.10463 3.97 507
-1.53603 1.17084 1.87 40
-1.53939 1.40614 3.03 182
-0.41712 1.68722 3.97 506
