-1.70168 -3.29008 1.92 42
-0.56740 -1.61779 3.42 267
-0.78460 -1.73022 3.56 311
-1.72418 -2.56993 3.62 336
1.52193 -1.94604 2.86 144
-0.01051 -1.12213 2.86 145
-0.62708 -1.12040 3.65 345
0.42344 -1.04935 3.99 513
1.54249 -1.56824 0.46 9
-0.88028 -1.10989 1.94 44
1.36331 -1.27533 3.92 477
0.24172 -0.62039 3.49 285
-0.94721 -0.54844 3.11 195
-0.10734 -0.37320 1.74 31
0.20720 -0.37460 2.10 61
1.60432 -0.80392 3.31 235
0.47468 -0.31650 3.90 470
1.04224 -0.48855 3.88 456
0.08938 -0.18694 3.97 507
1.25584 -0.44105 3.94 483
1.28595 -0.36731 2.39 82
-0.27564 0.13037 3.01 178
0.44344 0.53838 1.16 17
-0.69380 0.93125 3.74 377
0.65260 1.00956 3.66 349
0.84808 1.05758 3.97 508
-0.46154 1.33532 2.87 148
-0.55626 1.29645 3.68 355
0.48738 1.35387 3.27 231
-1.80706 1.29638 3.08 191
-1.92025 1.45143 3.57 316
