1.71603 -1.99082 3.96 494
1.61597 -1.94095 3.56 308
1.92955 -1.78540 3.82 413
0.67209 -1.39334 3.87 447
0.78251 -0.95494 3.69 356
-0.25818 -0.88039 4.00 514
-1.32401 -0.79067 2.04 53
-0.47049 -0.59781 3.50 286
1.35977 -0.52455 2.95 162
-0.96689 -0.30267 3.45 273
-0.37595 -0.28811 3.73 372
1.14155 -0.28899 3.54 299
0.99004 -0.26321 3.73 373
-1.74461 -0.27542 3.56 306
-0.75079 -0.18221 3.60 321
0.48248 -0.21310 3.89 462
-0.00868 0.10735 3.04 183
0.31287 0.44092 3.47 276
0.57309 0.49020 2.53 94
1.48968 0.62657 3.91 471
0.89979 0.78030 3.60 322
0.93556 0.82353 3.74 376
1.46541 1.03213 3.47 277
-1.93812 1.27102 2.83 138
-0.67235 1.14746 3.62 331
1.80928 1.28362 3.65 342
1.87467 1.42999 3.76 386
-0.35079 1.47779 2.64 106
-0.17773 1.65026 2.00 49
1.27891 1.80789 2.87 146
1.30608 1.80877 3.63 339
1.23674 1.80130 3.70 361
1.25274 1.82307 3.87 448
