1.40228 -1.64034 3.61 329
-0.86531 -1.40903 3.93 481
0.69189 -1.34370 1.98 48
-0.20086 -1.04166 3.90 468
0.84587 -0.88222 3.91 473
0.47033 -0.68284 3.88 457
-0.83245 -0.51349 0.38 8
0.20595 -0.48372 3.11 192
0.09036 -0.45858 3.38 255
-0.99464 -0.33454 2.90 156
-0.31013 -0.30701 3.52 290
0.82050 -0.25274 3.52 291
1.60764 -0.23744 3.85 438
1.20373 -0.11227 1.35 22
-1.60895 -0.01986 3.36 249
-1.70321 0.20571 1.93 43
1.16007 0.15812 3.52 292
-1.08323 0.13746 3.58 317
0.05915 0.16771 3.94 484
1.32569 0.35759 2.61 102
1.32577 0.35753 3.80 406
-1.26072 0.39097 3.79 400
-1.02556 0.44040 3.53 295
0.82811 0.51808 2.98 167
1.25320 0.55765 3.44 271
-0.69160 0.53843 3.57 313
-1.52637 0.71362 2.98 166
0.90910 0.65631 3.88 458
-0.92011 0.76250 3.79 401
-0.66755 0.74189 1.14 16
-0.78663 0.98533 1.98 47
-0.78663 0.98535 2.88 150
-1.32257 1.23058 3.60 325
0.48036 1.09594 3.13 197
1.69905 1.36237 3.83 420
0.44757 1.24060 3.82 414
1.19312 1.71621 3.05 185
0.22912 1.54217 3.97 503
1.11470 1.79530 3.45 274
-1.96474 2.33634 1.90 41
1.80819 2.21294 3.01 177
