-0.27859 -1.72049 1.92 42
-1.57063 -3.00029 2.69 115
-0.77255 -1.92373 2.89 152
-1.60263 -2.88106 3.05 186
1.10474 -1.97706 3.42 267
0.88905 -1.79953 3.56 311
-1.10470 -1.86632 3.19 212
0.03575 -1.40022 3.62 336
-0.68077 -1.47196 2.85 142
-0.54432 -1.43298 3.85 440
-1.27228 -1.65054 -0.01 4
-1.55740 -1.86546 0.61 11
-1.27225 -1.65053 1.33 21
-0.06180 -1.14886 3.62 335
-0.36320 -1.08545 3.76 388
1.47102 -1.61261 3.65 345
1.29369 -1.34103 1.94 44
-0.11185 -0.89652 3.34 244
-0.11457 -0.84793 2.85 143
-0.31995 -0.89612 3.13 201
-1.27013 -0.99393 3.41 264
0.23046 -0.55149 3.66 348
-0.07080 -0.53024 2.95 164
-1.36145 -0.81385 3.87 455
-1.71205 -0.91422 2.30 78
1.70985 -0.90578 3.11 195
0.43729 -0.35033 3.51 288
-1.35157 -0.54395 3.37 253
-1.66033 -0.58436 2.68 112
-0.26997 -0.18331 3.33 241
-0.02604 -0.15931 1.87 40
-1.68331 -0.52510 3.13 200
-0.44757 -0.15537 3.62 334
-1.29432 -0.29997 2.78 129
0.07694 -0.00756 3.03 182
-1.46257 -0.33164 3.22 217
1.07369 -0.19389 3.97 506
0.02564 0.05138 2.41 84
-0.50607 0.07075 3.08 189
-1.06599 -0.06158 3.41 265
-0.50134 0.07298 3.57 314
-0.06771 0.15322 1.63 25
-0.09760 0.14239 2.69 116
0.10454 0.15566 3.21 215
0.40201 0.15218 3.11 194
-1.56377 -0.08959 3.56 310
0.48861 0.27209 1.85 37
-0.55283 0.26962 2.29 76
-1.25617 0.16980 3.95 492
0.30001 0.50417 2.99 169
0.98719 0.45156 2.60 101
0.48191 0.52361 2.70 119
-1.49220 0.34406 3.66 347
-1.26002 0.43587 3.88 461
-0.77642 0.58140 2.82 137
-1.55078 0.43326 3.58 319
1.07354 0.56649 3.32 240
-0.87816 0.67123 0.96 14
0.94031 0.67021 2.02 52
-1.28858 0.62046 2.89 153
0.80873 0.64802 3.17 209
0.59882 0.76273 2.81 136
-0.99597 0.70381 2.89 154
-0.22417 0.81075 3.27 230
-1.33052 0.83294 2.32 80
1.21503 0.95391 2.89 155
1.04211 0.97251 3.51 289
1.13106 0.92048 3.77 393
0.44391 1.03082 3.86 445
-1.27091 0.96842 3.96 499
-1.30624 1.01947 2.62 105
1.45168 1.12934 3.93 482
-0.41655 1.36302 2.43 86
-0.03394 1.39186 3.54 303
-1.90316 1.28169 3.91 476
-0.96013 1.68735 2.56 97
