1.34735 -1.57838 3.11 193
0.96967 -1.58374 3.81 412
1.87074 -1.54332 3.56 309
0.72121 -1.26864 3.61 329
-1.46695 -1.13610 3.93 481
0.10505 -1.02681 1.98 48
-0.75530 -0.75900 3.90 468
0.26907 -0.59902 3.91 473
-0.07538 -0.41022 3.88 457
-1.42551 -0.22485 0.38 8
-0.32668 -0.21366 3.11 192
-0.44179 -0.18666 3.38 255
-1.60913 -0.03246 2.90 156
-0.85238 -0.02425 3.52 290
0.27713 -0.00352 3.52 291
0.98513 -0.01126 3.85 438
1.78518 0.11849 3.94 485
0.63703 0.11842 1.35 22
1.59202 0.39723 3.34 243
0.61347 0.37896 3.52 292
-1.71257 0.48221 3.58 317
-0.45296 0.44660 3.94 484
0.77563 0.56254 2.61 102
0.77570 0.56248 3.80 406
1.56068 0.70621 2.56 96
-1.64486 0.81366 3.53 295
0.32433 0.75284 2.98 167
0.72261 0.76190 3.44 271
-1.25720 0.89385 3.57 313
0.40879 0.88546 3.88 458
-1.51994 1.16547 3.79 401
-1.22742 1.11639 1.14 16
-1.36222 1.40289 1.98 47
-1.36222 1.40291 2.88 150
1.55008 1.53958 3.48 282
-2.01123 1.76006 3.60 325
0.01268 1.37854 3.13 197
1.17747 1.51705 3.83 420
-0.01374 1.53580 3.82 414
