-0.83097 -2.16056 3.24 221
0.73965 -2.03335 4.00 517
1.27175 -2.66154 3.87 452
0.09760 -1.59469 3.95 490
1.39418 -2.88716 3.62 333
0.84953 -1.77105 3.32 238
-0.05519 -1.45135 3.78 398
0.56833 -1.54730 1.68 28
1.50369 -2.63803 2.69 115
1.61384 -2.70177 3.05 186
-0.01714 -1.28784 3.98 511
1.44550 -2.14696 3.64 341
0.37777 -1.22878 3.77 392
0.58253 -1.32144 4.00 516
0.87174 -1.39057 3.01 176
1.22404 -1.62513 2.76 125
-1.28061 -1.72177 3.85 433
1.60694 -1.92890 3.13 199
-1.19340 -1.43245 3.35 246
0.93344 -1.24369 3.69 358
-0.68385 -1.10820 3.76 387
0.71899 -1.11302 3.97 504
-0.20750 -0.93933 3.27 228
1.26538 -1.42904 3.32 239
1.17919 -1.32938 3.40 259
0.64321 -0.97383 3.84 427
0.43519 -0.83991 1.86 38
0.82281 -0.96410 2.25 72
0.78567 -0.92740 3.44 270
1.53260 -1.42877 3.78 399
1.34899 -1.25908 3.82 415
1.63785 -1.54426 3.91 474
0.97769 -0.89497 3.13 198
0.95360 -0.75312 2.50 93
-1.30709 -0.95070 3.27 227
0.66219 -0.62259 1.96 45
1.24672 -0.87940 3.54 301
-0.45601 -0.45578 -0.72 2
0.29696 -0.44553 3.47 279
0.65218 -0.51600 3.62 332
-0.78446 -0.44892 3.85 434
-0.25451 -0.31185 2.93 160
0.44716 -0.15975 1.78 33
0.95580 -0.27335 3.75 380
0.74146 -0.18338 3.84 426
0.80113 -0.16482 3.91 472
1.06203 -0.09216 2.21 66
-0.40992 0.06980 3.17 206
0.08915 0.08892 3.25 224
-0.79652 0.01941 3.96 495
0.44624 0.23832 2.25 71
1.36948 -0.02032 3.60 327
0.32622 0.22022 3.73 374
-0.03051 0.42185 2.70 117
0.26646 0.36585 3.61 328
-0.98951 0.37882 3.12 196
-1.22660 0.33574 3.87 450
0.89346 0.42669 3.97 502
-1.15224 0.44054 2.64 107
0.96555 0.53627 3.68 352
-0.65971 0.57490 3.85 435
-0.34637 0.66091 3.96 496
-0.71648 0.76232 3.02 179
0.04921 0.85411 2.45 89
-0.25843 0.86722 1.50 23
0.28801 0.86676 3.96 497
-0.22434 0.92882 3.47 278
-0.14560 1.02174 1.84 36
-0.06469 1.00075 3.85 436
0.61914 1.12011 2.81 134
0.37662 1.10411 3.34 242
-0.33564 1.14746 3.87 451
-0.22108 1.17355 3.02 180
-1.31124 1.14776 3.60 324
-1.59548 1.21454 2.84 140
-1.24075 1.26626 3.81 411
-0.60663 1.44489 3.95 489
-0.82269 1.51613 1.98 46
-1.59776 1.42981 2.58 98
-0.50533 1.62319 -1.46 1
-1.98399 1.49109 3.31 236
