1.81845 -2.04838 2.29 76
0.92001 -1.74992 3.95 492
0.75925 -1.45668 3.66 347
1.01154 -1.45880 3.88 461
1.60347 -1.51707 2.82 137
0.73966 -1.34630 3.58 319
1.50486 -1.36842 0.96 14
1.04577 -1.25963 2.89 153
-0.43182 -1.22402 3.27 229
1.37841 -1.28497 2.89 154
0.30885 -1.13083 3.29 233
-1.78384 -1.22093 2.65 108
-1.08372 -1.07806 3.00 174
1.07403 -1.04237 2.32 80
1.17283 -0.93515 3.96 499
1.15435 -0.87981 2.62 105
0.14139 -0.59416 2.75 124
0.73663 -0.54775 3.91 476
-1.01452 -0.36070 0.98 15
1.68031 -0.37722 2.56 97
0.48990 -0.23949 2.61 103
0.04040 -0.03496 3.88 460
1.38494 -0.00837 3.24 222
1.32418 0.05146 2.74 121
0.95138 0.07459 3.53 296
-1.72810 0.17706 3.65 343
-1.72810 0.17706 3.68 353
-0.89305 0.23280 3.37 252
0.08346 0.36753 3.72 369
1.60957 0.38625 3.82 416
-1.50361 0.46965 3.38 256
0.98119 0.51961 3.71 365
0.88801 0.62869 2.65 109
-1.41418 0.92996 2.83 139
0.75660 0.86246 3.80 407
0.75660 0.86256 3.80 408
0.93007 1.17027 3.67 351
1.08570 1.19913 3.85 439
-0.63006 1.33688 2.68 111
-0.33556 1.37154 -0.04 3
1.50489 1.48558 3.75 381
1.65666 1.68128 2.77 127
