-1.08909 -1.97388 4.00 515
1.31131 -1.55926 3.17 206
-0.27644 -1.25787 3.86 442
0.85680 -1.38903 3.96 495
-1.14657 -1.30328 3.24 220
0.81154 -0.93534 3.12 196
0.58073 -0.88061 3.87 450
0.68660 -0.81404 2.64 107
-0.18110 -0.76255 3.96 494
-0.25145 -0.75355 3.56 308
1.22009 -0.88285 3.85 435
1.61412 -0.93309 3.96 496
1.22825 -0.67849 3.02 179
-0.05171 -0.56711 3.82 413
1.79635 -0.75482 1.50 23
-1.07264 -0.58299 3.87 447
1.79246 -0.44421 3.87 451
0.31362 -0.13252 3.19 211
0.80822 -0.17371 3.60 324
-1.02642 -0.16083 3.69 356
0.60579 -0.06298 2.84 140
0.90813 -0.09743 3.81 411
1.57634 -0.09580 3.95 489
1.37523 0.01183 1.98 46
0.67645 0.09166 2.58 98
1.74302 0.03381 -1.46 1
0.42288 0.19311 3.31 236
0.88405 0.24208 3.55 304
1.02105 0.26825 3.71 363
-0.02351 0.30320 3.87 449
-0.55022 0.33402 2.95 162
0.92533 0.53060 2.06 57
-0.76825 0.53252 3.54 299
-0.91668 0.54314 3.73 373
0.46651 0.62986 0.12 7
-1.47684 0.54302 3.89 462
0.51295 0.70538 3.60 323
1.36152 0.71033 3.98 510
0.76830 0.75312 2.77 126
0.38258 0.80752 2.79 130
-0.05089 0.90898 3.93 480
0.62610 0.96185 3.36 248
0.83366 0.94757 3.81 410
0.80348 1.03259 1.70 29
0.86723 0.98699 2.05 54
0.74553 1.08806 2.23 68
0.20461 1.25581 3.72 367
-1.84978 1.33477 3.47 276
-1.51279 1.38479 2.53 94
0.16419 1.45729 3.69 357
-0.54571 1.48710 3.91 471
0.67324 1.51395 1.64 26
0.14545 1.54680 3.19 210
1.15879 1.60410 0.50 10
0.84945 1.77093 3.54 300
-1.17276 1.72194 3.60 322
-1.13897 1.77182 3.74 376
