1.23766 -1.41235 3.77 397
-1.29167 -1.27931 2.23 70
-0.46678 -1.58900 3.79 402
-1.46135 -1.08951 2.79 131
-0.55230 -1.45594 3.77 394
-1.09996 -0.96693 3.75 383
0.81152 -1.03261 3.35 247
0.92885 -0.95633 3.75 384
1.46797 -0.42113 2.27 74
-1.36841 -0.29880 2.74 122
0.16637 -0.98869 3.43 268
0.37189 -0.90906 2.44 88
-0.97953 -0.36574 3.17 208
0.77916 -0.49804 3.52 293
-0.34406 -0.61668 3.07 188
0.30348 -0.46162 3.23 219
-0.14423 -0.51182 3.83 424
-0.96295 0.27070 3.05 187
-0.45430 -0.27156 3.57 315
0.97148 0.46461 3.98 509
-0.86247 0.41799 2.08 59
0.50468 0.10353 3.21 216
0.03960 0.53811 2.02 51
