-2.00767 -1.49481 3.69 359
1.29013 -1.51824 3.47 276
1.60609 -1.44792 2.53 94
-0.90456 -0.76818 2.83 138
0.15193 -0.79389 3.62 331
0.43754 -0.48001 2.64 106
0.58353 -0.32423 2.00 49
1.09964 -0.04518 3.63 338
-1.72962 0.14774 2.42 85
-0.84780 0.01668 2.06 55
0.38331 -0.00866 3.41 262
-0.46617 0.06695 3.27 226
0.54529 0.29934 3.00 171
-0.11130 0.30064 2.06 56
1.14220 0.64213 3.39 257
-0.24445 0.46211 3.87 446
1.14669 0.77257 2.12 62
1.77540 0.95234 2.89 151
-1.47377 0.97988 3.62 337
0.44328 0.69383 2.26 73
1.55491 1.03167 3.77 391
1.10361 1.00258 3.80 404
-1.00527 1.07076 3.82 418
1.41550 1.33020 3.01 175
0.16661 1.02993 3.57 312
1.17588 1.36392 1.79 34
-1.64122 1.64250 3.77 397
0.83722 1.42633 3.95 488
0.92375 1.51068 2.93 159
-0.36931 1.37768 3.66 346
0.76222 1.61651 3.76 385
-0.32382 1.54424 2.23 67
-0.24726 1.61986 3.44 269
-1.60243 2.30664 3.35 247
-1.42237 2.18338 3.75 384
-0.55625 1.78066 2.27 74
