0.40028 -1.58514 3.63 338
-1.76180 -1.19556 2.06 55
-0.34433 -1.43381 3.41 262
-1.28178 -1.20151 3.27 226
1.17227 -1.15746 2.85 141
1.03854 -1.16049 3.83 419
-0.12096 -1.10555 3.00 171
-0.80931 -0.99212 2.06 56
0.48720 -0.84943 3.39 257
-0.90939 -0.79210 3.87 446
0.49864 -0.72493 2.12 62
1.04068 -0.66382 2.89 151
1.72196 -0.32226 3.75 379
-0.16186 -0.67951 2.26 73
0.85791 -0.55782 3.77 391
1.61488 -0.18024 2.99 168
0.47367 -0.50705 3.80 404
-1.52515 -0.04297 3.82 418
0.74759 -0.28263 3.01 175
-0.37086 -0.31373 3.57 312
0.55305 -0.21343 1.79 34
0.27523 -0.10236 3.95 488
0.35356 -0.05139 2.93 159
-0.80562 0.09031 3.66 346
0.22831 0.06020 3.76 385
-0.72662 0.21531 2.23 67
-0.64151 0.25876 3.44 269
-1.56815 0.91875 3.75 384
-0.88594 0.44432 2.27 74
-0.54119 0.39149 2.47 91
-0.35781 0.31559 2.68 110
-0.15231 0.47128 3.38 254
-1.09453 1.10631 3.52 293
-1.16635 1.68883 3.23 219
-0.06952 0.95644 3.98 509
-0.46973 1.44919 3.21 216
