-0.44189 -1.62937 3.83 422
-0.60609 -1.36233 3.89 466
-0.38546 -0.51254 3.76 389
0.07585 -0.39116 2.80 132
0.72343 -0.60287 3.24 221
-0.81429 -0.60318 3.96 500
-0.97013 -0.20142 3.42 267
-1.11339 -0.36086 3.56 311
1.15223 -0.28096 3.85 433
1.39278 -0.37092 3.35 246
0.74076 0.27599 2.86 144
-0.66678 0.38959 2.86 145
-1.24377 0.15849 3.65 345
-0.30285 0.60861 3.99 513
0.70967 0.55617 0.46 9
-1.49590 0.06770 1.94 44
0.53156 0.73272 3.92 477
-0.62195 0.94744 3.49 285
1.16420 0.72152 3.56 307
0.99205 0.79891 3.70 360
0.84249 1.02502 3.95 487
1.53361 0.61511 4.00 515
-1.08864 1.07773 1.74 31
-0.75877 1.19505 2.10 61
0.65207 1.23303 3.31 235
-0.50967 1.35834 3.90 470
0.09554 1.36804 3.88 456
-0.97112 1.36617 3.97 507
0.95037 1.38530 3.41 261
0.28034 1.49142 3.94 483
0.29110 1.58292 2.39 82
