0.82605 -1.78733 1.85 37
-0.37686 -1.72137 2.29 76
-1.17521 -1.80521 3.95 492
0.58741 -1.47810 2.99 169
1.38815 -1.58341 2.60 101
0.79078 -1.46450 2.70 119
-1.36900 -1.57156 3.66 347
-1.10033 -1.47510 3.88 461
-0.56764 -1.33215 2.82 137
-1.39886 -1.46278 3.58 319
1.46204 -1.44468 3.32 240
-0.65560 -1.22806 0.96 14
1.28617 -1.31401 2.02 52
-1.07872 -1.26496 2.89 153
1.14212 -1.33337 3.17 209
0.89368 -1.19303 2.81 136
-0.76749 -1.18792 2.89 154
-1.95934 -1.39603 3.29 233
0.02572 -1.10649 3.27 230
-1.06440 -1.04103 2.32 80
1.52672 -1.01219 2.89 155
1.33678 -0.98631 3.51 289
1.44353 -1.04424 3.77 393
0.70488 -0.90615 3.86 445
-0.97522 -0.91032 3.96 499
-0.99627 -0.86082 2.62 105
1.73501 -0.84158 3.93 482
-0.12511 -0.57650 2.43 86
0.22909 -0.56024 3.54 303
-1.45866 -0.61217 3.91 476
-0.56775 -0.30613 2.56 97
-1.78537 -0.31328 2.61 103
0.51683 -0.26138 3.34 245
1.02522 -0.19669 3.85 441
-0.83545 0.00706 3.24 222
1.51297 -0.02416 3.44 272
-0.89367 0.06098 2.74 121
-1.26278 0.06821 3.53 296
0.83258 0.10586 3.26 225
-0.66584 0.37489 3.82 416
0.37481 0.41250 3.75 382
0.54944 0.42607 3.97 505
0.31587 0.51370 2.77 128
-1.26063 0.52717 3.71 365
-1.36915 0.64751 2.65 109
-0.30269 0.78161 3.20 213
0.64938 0.80137 3.73 375
-1.53606 0.91333 3.80 407
-1.53606 0.91343 3.80 408
0.20311 0.96352 2.08 60
1.54901 1.13047 2.99 170
-0.07291 1.07020 3.48 283
-1.35967 1.21198 3.67 351
-1.19588 1.20999 3.85 439
-0.81595 1.40061 3.75 381
-0.69808 1.54616 2.77 127
0.90352 1.58609 3.84 431
-0.06896 1.74415 3.14 203
