1.00929 -2.22395 1.68 28
0.43278 -1.69033 3.98 511
0.87246 -1.78422 3.77 392
1.08250 -1.97445 4.00 516
1.41067 -2.18547 3.01 176
1.80045 -2.64419 2.76 125
-0.84808 -1.66319 3.85 433
-0.70400 -1.41601 3.35 246
1.52370 -2.04274 3.69 358
-0.17496 -1.26824 3.76 387
1.29497 -1.79742 3.97 504
-1.68553 -2.12770 2.86 144
0.32454 -1.25721 3.27 228
1.23969 -1.60909 3.84 427
1.03300 -1.38056 1.86 38
1.45686 -1.67156 2.25 72
1.42086 -1.61450 3.44 270
1.66526 -1.65688 3.13 198
1.66984 -1.48361 2.50 93
-0.68261 -0.92712 3.27 227
1.34803 -1.22531 1.96 45
0.19752 -0.69328 -0.72 2
0.97479 -0.90886 3.47 279
1.36210 -1.10409 3.62 332
-0.10802 -0.59695 3.85 434
0.42927 -0.60665 2.93 160
-1.71012 -1.10084 4.00 515
1.21108 -0.65214 1.78 33
1.54808 -0.76862 3.84 426
1.62437 -0.76731 3.91 472
0.36685 -0.19052 3.17 206
0.87785 -0.29426 3.25 224
-1.06776 -0.29113 3.86 442
-0.00831 -0.14950 3.96 495
1.30434 -0.23189 2.25 71
1.16570 -0.21999 3.73 374
0.83038 0.06892 2.70 117
1.13405 -0.05537 3.61 328
-0.09758 0.22380 3.12 196
-0.31269 0.22938 3.87 450
-0.22508 0.30991 2.64 107
-1.09026 0.18830 3.96 494
-1.16803 0.18229 3.56 308
0.24675 0.34318 3.85 435
0.56661 0.36623 3.96 496
0.23707 0.52722 3.02 179
-1.00074 0.40920 3.82 413
1.01376 0.48055 2.45 89
0.70116 0.54795 1.50 23
1.27376 0.44863 3.96 497
0.74940 0.60116 3.47 278
0.85026 0.67737 1.84 36
0.92847 0.64380 3.85 436
1.70698 0.64580 2.81 134
1.42622 0.67157 3.34 242
0.68835 0.82638 3.87 451
0.80835 0.83423 3.02 180
-0.71021 0.93212 3.19 211
-0.19996 0.95881 3.60 324
-0.41888 1.05014 2.84 140
-0.11387 1.05312 3.81 411
0.49400 1.13743 3.95 489
0.30972 1.22586 1.98 46
-0.37308 1.23188 2.58 98
0.63012 1.28872 -1.46 1
-0.66181 1.31965 3.31 236
-0.18498 1.42761 3.55 304
-0.05137 1.47159 3.71 363
-1.20503 1.40319 3.87 449
-1.89385 1.38039 2.95 162
