-0.60288 -1.84656 1.92 42
-1.09432 -2.20814 2.89 152
0.74629 -1.70884 3.42 267
0.53001 -1.60059 3.56 311
-1.48030 -2.25953 3.19 212
-0.33862 -1.43988 3.62 336
-1.07596 -1.71183 2.85 142
-0.93458 -1.63203 3.85 440
-1.71836 -2.08574 -0.01 4
-1.71832 -2.08573 1.33 21
1.58028 -1.87742 2.86 145
-0.47978 -1.21547 3.62 335
-0.80325 -1.22789 3.76 388
1.00148 -1.28700 3.65 345
0.81171 -1.08038 1.94 44
-0.57445 -0.97530 3.34 244
-0.58568 -0.92718 2.85 143
-0.79111 -1.02454 3.13 201
-0.28893 -0.55747 3.66 348
-0.59582 -0.59854 2.95 164
1.09396 -0.60151 3.11 195
-0.12079 -0.32030 3.51 288
-0.86464 -0.28716 3.33 241
-0.61416 -0.21692 1.87 40
-1.06045 -0.29280 3.62 334
-0.53515 -0.04635 3.03 182
0.44394 -0.06045 3.97 506
-0.59763 0.00399 2.41 84
-1.16556 -0.06914 3.08 189
-1.16076 -0.06596 3.57 314
-0.71160 0.09110 1.63 25
-0.74080 0.07518 2.69 116
-0.53516 0.12156 3.21 215
-0.23845 0.16502 3.11 194
-0.17423 0.29548 1.85 37
-1.25372 0.13035 2.29 76
-0.39810 0.49758 2.99 169
0.26461 0.53597 2.60 101
-0.22245 0.54078 2.70 119
-1.56498 0.42437 2.82 137
0.32476 0.65538 3.32 240
-1.70032 0.50562 0.96 14
0.18700 0.73842 2.02 52
0.06863 0.70196 3.17 209
-0.14899 0.78890 2.81 136
-0.99296 0.73996 3.27 230
0.39109 1.03571 2.89 155
0.23219 1.03701 3.51 289
0.32102 0.99618 3.77 393
-0.34432 1.03577 3.86 445
0.57242 1.22041 3.93 482
-1.30311 1.29430 2.43 86
-0.89379 1.35615 3.54 303
1.50376 1.33672 3.08 191
1.50154 1.49966 3.57 316
-1.99418 1.59994 2.56 97
