-0.47204 -0.44678 3.83 422
-0.26448 -0.26868 3.89 466
0.52228 -0.36676 3.76 389
0.71277 -0.83309 2.80 132
-1.00829 -0.75773 3.87 452
0.38265 0.02928 3.96 500
-1.01561 -0.61841 3.62 333
-0.42766 0.23695 1.92 42
-1.18712 -0.72225 2.69 115
-0.81288 0.01902 2.89 152
-1.24107 -0.66658 3.05 186
0.74908 0.24350 3.42 267
0.57422 0.34308 3.56 311
-1.11313 0.01128 3.19 212
-0.19675 0.53761 3.62 336
-0.83917 0.37182 2.85 142
-0.72291 0.42411 3.85 440
-1.32698 0.14379 -0.01 4
-1.32695 0.14380 1.33 21
1.43983 0.05908 2.86 145
-0.32627 0.74435 3.62 335
-0.63053 0.75719 3.76 388
1.07065 0.56885 3.65 345
0.93568 0.77165 1.94 44
-0.42104 0.98012 3.34 244
-0.43335 1.02929 2.85 143
-0.63130 0.94802 3.13 201
-1.56666 0.70168 3.41 264
-0.12540 1.40856 3.66 348
-0.45318 1.38523 2.95 164
1.36278 1.24658 3.11 195
0.07353 1.68638 3.51 288
