-1.28233 -3.48884 4.00 517
-1.19716 -2.48608 3.87 452
0.69005 -1.88307 3.96 500
-1.13109 -2.27472 3.62 333
-0.16279 -1.36666 1.92 42
-1.37360 -2.35988 2.69 115
-0.63264 -1.50724 2.89 152
-1.39979 -2.25740 3.05 186
1.15852 -1.72456 3.42 267
0.96024 -1.54139 3.56 311
-0.93557 -1.42771 3.19 212
0.15482 -1.09827 3.62 336
-0.53063 -1.10676 2.85 142
-0.40070 -1.08189 3.85 440
-1.08309 -1.22105 -0.01 4
-1.34507 -1.38900 0.61 11
-1.08306 -1.22105 1.33 21
0.07487 -0.85523 3.62 335
-0.21260 -0.77270 3.76 388
1.56016 -1.41939 3.65 345
1.40660 -1.14648 1.94 44
0.04041 -0.61213 3.34 244
0.04047 -0.56547 2.85 143
-0.16164 -0.59675 3.13 201
-1.06585 -0.62106 3.41 264
0.39942 -0.30227 3.66 348
0.10161 -0.26136 2.95 164
-1.14669 -0.44643 3.87 455
-1.47198 -0.51627 2.30 78
0.62176 -0.11718 3.51 288
-1.13157 -0.19177 3.37 253
-1.42005 -0.21066 2.68 112
-0.07587 0.09257 3.33 241
0.16822 0.10194 1.87 40
-1.70466 -0.27878 2.31 79
-1.44053 -0.15309 3.13 200
-0.24967 0.13075 3.62 334
-1.07200 0.03901 2.78 129
0.28122 0.24822 3.03 182
-1.23139 0.01841 3.22 217
1.29004 -0.00030 3.97 506
0.23323 0.31066 2.41 84
-0.29653 0.35939 3.08 189
-0.84755 0.25861 3.41 265
-0.29175 0.36138 3.57 314
0.14540 0.41899 1.63 25
0.11464 0.40960 2.69 116
0.31984 0.41221 3.21 215
0.62349 0.39249 3.11 194
-1.32224 0.25861 3.56 310
0.72209 0.51129 1.85 37
-0.33350 0.56231 2.29 76
-1.02393 0.49768 3.95 492
0.54461 0.76192 2.99 169
1.26098 0.67322 2.60 101
0.73513 0.77364 2.70 119
-1.24643 0.68302 3.66 347
-1.02076 0.76450 3.88 461
-0.54178 0.89107 2.82 137
-1.30085 0.77512 3.58 319
1.36446 0.79083 3.32 240
-0.63916 0.98792 0.96 14
1.23211 0.90765 2.02 52
-1.04374 0.95311 2.89 153
1.08983 0.88995 3.17 209
0.87761 1.02147 2.81 136
-0.75450 1.02640 2.89 154
-1.84630 0.83361 3.29 233
0.02571 1.10645 3.27 230
-1.07933 1.17282 2.32 80
1.55777 1.20266 2.89 155
1.37162 1.22976 3.51 289
1.46278 1.16952 3.77 393
0.73606 1.31565 3.86 445
-1.01742 1.31111 3.96 499
-1.05086 1.36557 2.62 105
1.83795 1.38707 3.93 482
-0.14089 1.70333 2.43 86
0.25901 1.72402 3.54 303
