1.22420 -2.28407 3.85 433
1.54231 -2.35957 3.35 246
0.55956 -1.61580 2.86 144
-1.05266 -1.75668 2.86 145
-1.82099 -2.22405 3.65 345
-0.63305 -1.41187 3.99 513
0.44966 -1.29458 0.46 9
0.22906 -1.13370 3.92 477
-0.98620 -1.08890 3.49 285
0.84593 -1.04879 3.56 307
0.66014 -0.99708 3.70 360
0.46168 -0.80244 3.95 487
1.22896 -1.10077 4.00 515
-1.48316 -1.02493 1.74 31
-1.12249 -0.85893 2.10 61
0.24263 -0.64086 3.31 235
-0.86759 -0.67357 3.90 470
-0.28883 -0.59110 3.88 456
-1.33061 -0.72560 3.97 507
0.47456 -0.47933 3.41 261
-0.13395 -0.46692 3.94 483
-0.13573 -0.39252 2.39 82
1.48548 -0.58252 3.24 220
-1.23285 0.14719 1.16 17
-1.19622 0.65918 3.66 349
1.04944 0.68501 4.00 514
-1.01974 0.74733 3.97 508
0.04737 0.93007 2.04 53
-1.50417 0.95581 3.27 231
0.88189 1.01442 3.50 286
0.41302 1.40080 3.45 273
1.05467 1.36327 3.73 372
-0.30115 1.49198 3.56 306
0.65462 1.52667 3.60 321
-1.70079 1.51683 3.74 378
