0.67910 -1.93670 3.83 422
0.73181 -2.34085 3.89 466
-0.63042 -3.00041 2.80 132
-1.04042 -2.08850 3.24 221
0.17083 -1.06552 4.00 517
0.70200 -1.21338 3.87 452
-0.48141 -1.09180 3.95 490
0.83279 -1.29258 3.62 333
0.15797 -0.82807 3.32 238
-0.67377 -1.06874 3.78 398
-0.12730 -0.80573 1.68 28
0.82941 -1.09091 2.69 115
0.90746 -1.07995 3.05 186
-0.71450 -0.91890 3.98 511
0.66157 -0.80562 3.64 341
-0.40406 -0.66002 3.77 392
-0.20320 -0.62835 4.00 516
0.04032 -0.54055 3.01 176
0.36466 -0.54904 2.76 125
0.98881 -0.77140 1.33 20
0.98886 -0.77145 1.73 30
0.69696 -0.59021 3.13 199
0.03240 -0.40098 3.69 358
-1.44872 -1.17212 3.76 387
-0.17837 -0.40035 3.97 504
-1.05868 -0.74039 3.27 228
0.32904 -0.38957 3.32 239
0.23725 -0.35433 3.40 259
1.04717 -0.62338 3.59 320
-0.29345 -0.32576 3.84 427
1.23868 -0.71507 1.25 18
-0.52184 -0.31676 1.86 38
-0.15566 -0.23397 2.25 72
1.05974 -0.51880 2.80 133
-0.19896 -0.22165 3.44 270
0.50439 -0.27473 3.78 399
0.33001 -0.22833 3.82 415
0.60535 -0.31302 3.91 474
1.22360 -0.51504 1.63 24
-0.06340 -0.10901 3.13 198
-0.13605 -0.00493 2.50 93
-0.42373 -0.02645 1.96 45
0.12968 0.01904 3.54 301
0.77805 -0.11487 3.89 463
-1.58112 -0.45146 -0.72 2
-0.82569 -0.04402 3.47 279
-0.47800 0.06032 3.62 332
1.23298 -0.19603 3.96 498
1.25643 -0.09980 2.60 100
-1.44621 -0.20300 2.93 160
1.44251 -0.17355 3.91 475
0.57989 0.23208 2.69 114
1.61011 -0.18890 2.17 64
0.51074 0.31291 3.84 428
1.59177 -0.14609 3.86 443
-0.82427 0.28674 1.78 33
-0.32702 0.40300 3.75 380
-0.54761 0.39383 3.84 426
-0.50404 0.43577 3.91 472
-0.31494 0.60677 2.21 66
-1.30870 0.36064 3.25 224
0.35099 0.67669 3.85 437
-1.02519 0.66871 2.25 71
-0.09696 0.78677 3.60 327
-1.13585 0.59914 3.73 374
-1.63529 0.64810 2.70 117
-1.27729 0.72109 3.61 328
-0.69250 1.03211 3.97 502
-0.67826 1.16729 3.68 352
1.41863 1.09440 3.54 302
-1.81624 1.16148 2.45 89
-1.54617 1.26985 3.96 497
