-0.39992 -1.50453 3.83 422
-0.12948 -1.36113 3.89 466
0.70843 -1.73211 3.76 389
0.84293 -2.43223 2.80 132
-1.08296 -2.45584 4.00 517
-1.06243 -1.70429 3.87 452
0.63170 -1.21440 3.96 500
-1.01466 -1.53602 3.62 333
-0.15316 -0.76962 1.92 42
-1.22686 -1.60426 2.69 115
-0.59075 -0.89312 2.89 152
-1.25682 -1.52208 3.05 186
1.06942 -1.08045 3.42 267
0.89503 -0.92285 3.56 311
-0.87735 -0.82349 3.19 212
0.14779 -0.52856 3.62 336
-0.50631 -0.53630 2.85 142
-0.38286 -0.51363 3.85 440
-1.02706 -0.63971 -0.01 4
-1.26399 -0.78937 0.61 11
-1.02703 -0.63971 1.33 21
0.07243 -0.30411 3.62 335
-0.20662 -0.22651 3.76 388
1.46372 -0.81616 3.65 345
1.33924 -0.57239 1.94 44
0.03962 -0.07349 3.34 244
0.03979 -0.02850 2.85 143
-0.15864 -0.05869 3.13 201
-1.04466 -0.08207 3.41 264
0.39859 0.22974 3.66 348
0.10164 0.27057 2.95 164
-1.13499 0.08735 3.87 455
-1.45123 0.01919 2.30 78
0.62709 0.41603 3.51 288
-1.13639 0.34047 3.37 253
-1.42455 0.32144 2.68 112
-0.07745 0.63199 3.33 241
0.17183 0.64177 1.87 40
-1.70341 0.25316 2.31 79
-1.44988 0.37958 3.13 200
-0.25546 0.67188 3.62 334
-1.09100 0.57634 2.78 129
0.28973 0.79571 3.03 182
-1.25172 0.55503 3.22 217
1.30992 0.53572 3.97 506
0.24117 0.86223 2.41 84
-0.30751 0.91449 3.08 189
-0.87373 0.80674 3.41 265
-0.30259 0.91663 3.57 314
0.15132 0.97882 1.63 25
0.11924 0.96865 2.69 116
0.33273 0.97147 3.21 215
0.64785 0.95016 3.11 194
-1.36309 0.80674 3.56 310
0.75564 1.07933 1.85 37
-0.35006 1.13538 2.29 76
-1.07063 1.06444 3.95 492
0.57858 1.35796 2.99 169
1.33246 1.25839 2.60 101
0.78154 1.37120 2.70 119
-1.31786 1.26934 3.66 347
-1.08461 1.36088 3.88 461
-0.58013 1.50488 2.82 137
-1.38310 1.37288 3.58 319
1.45212 1.39066 3.32 240
-0.68848 1.61659 0.96 14
1.32064 1.52392 2.02 52
-1.12186 1.57629 2.89 153
1.16688 1.50360 3.17 209
0.94728 1.65559 2.81 136
-0.81464 1.66134 2.89 154
-1.97004 1.43924 3.29 233
