-0.53419 -2.85378 3.83 422
-0.71310 -2.47396 3.89 466
-0.41794 -1.38990 3.76 389
0.08133 -1.24878 2.80 132
0.79098 -1.49699 3.24 221
-0.89036 -1.49735 3.96 500
-1.02251 -1.03435 3.42 267
-1.19053 -1.21404 3.56 311
1.22317 -1.12334 3.85 433
1.49064 -1.22555 3.35 246
0.74868 -0.52579 2.86 144
-0.66738 -0.41086 2.86 145
-1.26990 -0.64704 3.65 345
-0.29757 -0.19547 3.99 513
0.70037 -0.24632 0.46 9
-1.53948 -0.74244 1.94 44
0.51693 -0.07688 3.92 477
-0.59426 0.12264 3.49 285
1.13321 -0.08749 3.56 307
0.95948 -0.01462 3.70 360
0.79994 0.19302 3.95 487
1.50605 -0.18920 4.00 515
-1.02927 0.24033 1.74 31
-0.71068 0.34423 2.10 61
0.60890 0.37745 3.31 235
-0.47123 0.48563 3.90 470
0.08827 0.49392 3.88 456
-0.89732 0.49232 3.97 507
0.87683 0.50863 3.41 261
0.25651 0.59822 3.94 483
0.26447 0.67428 2.39 82
-1.42599 0.71013 3.01 178
-0.80222 1.38199 1.16 17
