-0.38479 -1.18716 3.83 422
-0.12508 -1.05388 3.89 466
0.67737 -1.39653 3.76 389
0.79080 -2.02455 2.80 132
-1.01534 -2.04532 4.00 517
-1.01663 -1.37108 3.87 452
0.61270 -0.91641 3.96 500
-0.97542 -1.21629 3.62 333
-0.15042 -0.49274 1.92 42
-1.17719 -1.27923 2.69 115
-0.57815 -0.61144 2.89 152
-1.20868 -1.20340 3.05 186
1.04113 -0.78992 3.42 267
0.87521 -0.63989 3.56 311
-0.86031 -0.54461 3.19 212
0.14613 -0.25866 3.62 336
-0.50052 -0.26622 2.85 142
-0.37872 -0.24405 3.85 440
-1.01235 -0.36698 -0.01 4
-1.24063 -0.51178 0.61 11
-1.01232 -0.36698 1.33 21
0.07208 -0.03781 3.62 335
-0.20606 0.03920 3.76 388
1.43559 -0.53757 3.65 345
1.32257 -0.30146 1.94 44
0.03969 0.19207 3.34 244
0.03991 0.23727 2.85 143
-0.15898 0.20693 3.13 201
-1.04618 0.18346 3.41 264
0.40278 0.49900 3.66 348
0.10283 0.54075 2.95 164
-1.14220 0.35420 3.87 455
-1.45758 0.28531 2.30 78
0.63711 0.69026 3.51 288
-1.15202 0.61244 3.37 253
-1.44335 0.59289 2.68 112
-0.07919 0.91459 3.33 241
0.17573 0.92481 1.87 40
-1.72247 0.52294 2.31 79
-1.47149 0.65267 3.13 200
-0.26149 0.95634 3.62 334
-1.11364 0.85652 2.78 129
0.29765 1.08656 3.03 182
-1.27690 0.83433 3.22 217
1.33551 0.81424 3.97 506
0.24826 1.15690 2.41 84
-0.31703 1.21236 3.08 189
-0.89791 1.09821 3.41 265
-0.31197 1.21464 3.57 314
0.15630 1.28086 1.63 25
0.12313 1.27002 2.69 116
0.34361 1.27303 3.21 215
0.66861 1.25031 3.11 194
-1.40082 1.09820 3.56 310
0.78285 1.38843 1.85 37
-0.36327 1.44868 2.29 76
-1.10868 1.37244 3.95 492
0.60441 1.68998 2.99 169
