0.48064 -1.78757 1.92 42
-0.87446 -2.04153 2.69 115
-0.00599 -1.66295 2.89 152
-0.85898 -1.93869 3.05 186
1.71196 -2.76689 3.56 311
-1.25530 -2.18304 3.64 341
-1.76307 -2.58435 2.76 125
-0.23215 -1.43500 3.19 212
0.91293 -1.69888 3.62 336
-1.14410 -1.73748 1.33 20
-1.14402 -1.73744 1.73 30
0.22734 -1.33447 2.85 142
-1.49192 -2.06062 3.13 199
0.35635 -1.37595 3.85 440
-0.27972 -1.18003 -0.01 4
-0.53492 -1.21214 0.61 11
-0.27969 -1.18004 1.33 21
-1.27461 -1.61631 3.59 320
0.91999 -1.39989 3.62 335
-1.10100 -1.43609 1.25 18
0.65226 -1.16662 3.76 388
-1.38088 -1.56380 2.80 133
-1.30794 -1.37955 1.63 24
0.97573 -1.13105 3.34 244
0.99358 -1.08315 2.85 143
0.76912 -1.01609 3.13 201
-0.82353 -0.87898 2.30 77
-0.06430 -0.65255 3.41 264
-1.64276 -1.24697 3.96 498
-1.73612 -1.18335 2.60 100
1.50696 -0.98773 3.66 348
-1.55543 -1.02708 3.91 475
1.17682 -0.79947 2.95 164
-1.45930 -0.88069 2.17 64
-1.51003 -0.87958 3.86 443
-0.07139 -0.46819 3.87 455
-0.34565 -0.41555 2.30 78
-0.77619 -0.49597 2.55 95
-0.56489 -0.37701 3.55 305
0.02537 -0.24947 3.37 253
-0.77848 -0.35417 3.87 454
-0.20833 -0.17313 2.68 112
1.11589 -0.36322 3.33 241
1.39163 -0.45275 1.87 40
-0.43976 -0.14330 2.31 79
-0.90148 -0.25307 3.04 184
-0.20541 -0.11796 3.13 200
0.94674 -0.25901 3.62 334
-0.81719 -0.21032 3.83 421
0.15131 -0.06522 2.78 129
-0.91393 -0.21122 3.41 263
1.58098 -0.34664 3.03 182
0.01381 -0.03438 3.22 217
1.54804 -0.26177 2.41 84
-1.15066 -0.14555 3.88 459
0.98168 -0.01935 3.08 189
0.41898 0.06223 3.41 265
0.98731 -0.01902 3.57 314
1.48665 -0.11563 1.63 25
1.44752 -0.11394 2.69 116
1.69154 -0.18900 3.21 215
-0.40053 0.09669 4.00 518
-0.79630 0.11653 2.06 58
-1.32297 -0.03652 2.75 123
0.01937 0.19860 3.56 310
1.01699 0.18903 2.29 76
0.34503 0.32652 3.95 492
0.21851 0.54371 3.66 347
0.43667 0.56163 3.88 461
0.92419 0.55962 2.82 137
0.20369 0.63504 3.58 319
0.86288 0.67337 0.96 14
0.47926 0.73306 2.89 153
-0.91431 0.65124 3.27 229
0.76618 0.73506 2.89 154
-0.19773 0.79552 3.29 233
1.60773 0.62281 3.27 230
-1.63588 0.73758 3.00 174
0.52075 0.93290 2.32 80
0.62115 1.04262 3.96 499
0.60940 1.09629 2.62 105
-0.40780 1.34300 2.75 124
1.63762 1.25147 2.43 86
0.22034 1.42909 3.91 476
-1.82781 1.57059 0.98 15
1.19134 1.67261 2.56 97
