-1.54447 -3.05494 1.68 28
0.80290 -1.97530 1.92 42
-0.55478 -1.82992 2.69 115
0.32366 -1.70735 2.89 152
-0.52498 -1.73827 3.05 186
-0.90600 -1.85718 3.64 341
-1.69333 -2.57057 3.01 176
-1.37950 -2.07856 2.76 125
0.13933 -1.42282 3.19 212
1.29260 -2.01954 3.62 336
-0.74368 -1.47873 1.33 20
-0.74361 -1.47871 1.73 30
0.61726 -1.44417 2.85 142
-1.08496 -1.68499 3.13 199
0.74457 -1.52108 3.85 440
-1.58314 -2.02313 3.32 239
-1.71066 -2.13126 3.40 259
0.13558 -1.16235 -0.01 4
-0.11317 -1.13264 0.61 11
0.13560 -1.16237 1.33 21
-0.83704 -1.33623 3.59 320
1.35652 -1.70766 3.62 335
-0.66023 -1.21134 1.25 18
1.10041 -1.38756 3.76 388
-0.91894 -1.26362 2.80 133
-1.54846 -1.71543 3.78 399
-1.76103 -1.91301 3.82 415
-1.42403 -1.61782 3.91 474
-0.82966 -1.11242 1.63 24
1.47088 -1.43990 3.34 244
1.50052 -1.39408 2.85 143
1.25779 -1.26222 3.13 201
-1.48116 -1.29832 3.89 463
-0.32638 -0.75161 2.30 77
0.43740 -0.69211 3.41 264
-1.08910 -0.92057 3.96 498
-1.15579 -0.84460 2.60 100
-0.98478 -0.74036 3.91 475
-0.88270 -0.62638 2.17 64
-0.92508 -0.61567 3.86 443
0.46177 -0.50720 3.87 455
0.19876 -0.40126 2.30 78
-0.22211 -0.39759 2.55 95
-0.00552 -0.32262 3.55 305
0.59786 -0.30742 3.37 253
-0.20155 -0.26210 3.87 454
0.37474 -0.18807 2.68 112
0.15267 -0.11801 2.31 79
-0.29815 -0.14472 3.04 184
0.38699 -0.13393 3.13 200
1.60285 -0.50438 3.62 334
-0.21422 -0.11833 3.83 421
0.76047 -0.14475 2.78 129
-0.30285 -0.10300 3.41 263
0.62325 -0.08905 3.22 217
-0.50474 -0.00292 3.88 459
1.68951 -0.25478 3.08 189
1.06873 -0.06232 3.41 265
1.69620 -0.25556 3.57 314
0.23064 0.11034 4.00 518
-0.14258 0.19040 2.06 58
-0.63877 0.12479 2.75 123
0.66944 0.14481 3.56 310
1.03623 0.22342 3.95 492
0.93923 0.46606 3.66 347
1.17876 0.45346 3.88 461
1.73299 0.37853 2.82 137
0.93970 0.56188 3.58 319
1.68284 0.51013 0.96 14
1.25713 0.62666 2.89 153
-0.16609 0.71733 3.27 229
1.58222 0.58990 2.89 154
0.55041 0.77511 3.29 233
-1.40197 0.77018 2.65 108
-0.78947 0.87597 3.00 174
1.34016 0.83126 2.32 80
-1.78530 0.74203 3.00 173
1.47383 0.93559 3.96 499
1.47050 0.99385 2.62 105
-1.82425 1.09134 2.59 99
0.43261 1.34202 2.75 124
-1.61553 1.19816 2.95 163
1.09979 1.37960 3.91 476
-0.82666 1.65198 0.98 15
