-1.58041 -1.97638 1.85 37
-1.90599 -1.76720 2.99 169
-1.01728 -1.50508 2.60 101
-1.64896 -1.64653 2.70 119
-0.96074 -1.34755 3.32 240
-1.13024 -1.28554 2.02 52
-1.27054 -1.35751 3.17 209
-1.55008 -1.30896 2.81 136
0.88043 -1.00487 3.74 377
-0.93274 -0.92683 2.89 155
-1.10519 -0.95299 3.51 289
-1.00359 -0.97882 3.77 393
-1.80308 -1.06561 3.86 445
-0.77139 -0.72433 3.93 482
1.18579 -0.66245 2.87 148
1.08193 -0.68338 3.68 355
0.01317 -0.52409 3.08 191
-0.02540 -0.40266 3.57 316
0.36494 -0.24268 3.77 396
-1.48055 -0.22179 3.85 441
0.97628 -0.04522 2.91 158
-1.00943 -0.00771 3.44 272
-1.72985 0.08834 3.26 225
1.78700 0.18016 3.84 432
1.51705 0.24688 2.96 165
-0.11569 0.22207 3.23 218
-0.36887 0.32021 3.90 469
-0.74334 0.43833 3.36 251
0.76469 0.55830 3.92 479
1.60920 0.64523 3.53 298
-0.33328 0.61539 3.71 366
-0.39660 0.75456 0.77 12
1.19374 0.84681 2.39 83
-0.46015 0.85603 2.72 120
-1.05381 1.08246 2.99 170
0.23961 1.08467 3.63 340
0.26886 1.16497 3.77 395
-0.45053 1.33512 3.82 417
-0.29278 1.38989 3.47 281
-1.76745 1.72399 3.84 431
