-0.33828 -3.64578 3.83 422
-0.65353 -3.30930 3.89 466
-0.65298 -1.94579 3.76 389
-0.17771 -1.58917 2.80 132
0.56412 -1.56683 3.24 221
-1.14875 -2.28245 3.96 500
1.26926 -2.70909 3.95 490
1.38351 -2.46212 3.78 398
-1.43835 -1.82108 3.42 267
0.83282 -1.05724 3.85 433
1.08335 -1.06611 3.35 246
1.54571 -1.54071 3.76 387
0.24984 -0.64136 2.86 144
-1.20713 -0.99554 2.86 145
-0.86547 -0.64371 3.99 513
0.12819 -0.39022 0.46 9
1.49613 -0.82289 3.27 227
-0.08820 -0.28096 3.92 477
-1.27425 -0.41113 3.49 285
0.46761 -0.12562 3.56 307
0.29657 -0.10367 3.70 360
0.09780 0.04739 3.95 487
0.80771 -0.12250 4.00 515
-1.46487 -0.21728 2.10 61
-0.12679 0.17149 3.31 235
-1.23875 -0.00376 3.90 470
-0.65882 0.15259 3.88 456
0.08129 0.35511 3.41 261
-0.52116 0.29400 3.94 483
-0.53389 0.36800 2.39 82
1.02386 0.37310 3.24 220
1.43977 0.98126 3.87 447
-1.95655 1.43699 3.66 349
1.75468 1.43592 3.69 356
0.56875 1.65926 4.00 514
-1.76638 1.56526 3.97 508
