-1.54634 -2.16310 2.30 77
-0.62784 -1.63841 3.41 264
1.03700 -1.63160 3.66 348
0.68746 -1.50115 2.95 164
-0.65981 -1.41791 3.87 455
-0.98249 -1.42219 2.30 78
-1.50578 -1.63592 2.55 95
-1.24924 -1.43008 3.55 305
1.32412 -1.45489 3.51 288
-0.58048 -1.14235 3.37 253
-1.51664 -1.45644 3.87 454
-0.84941 -1.10539 2.68 112
0.53566 -1.04596 3.33 241
0.80547 -1.08599 1.87 40
-1.11883 -1.12091 2.31 79
-1.67843 -1.36143 3.04 184
-0.85212 -1.04200 3.13 200
0.35664 -0.96946 3.62 334
-1.57310 -1.28777 3.83 421
-0.46977 -0.91291 2.78 129
-1.69606 -1.31250 3.41 263
0.94700 -0.94409 3.03 182
-0.62051 -0.90549 3.22 217
0.89912 -0.86582 2.41 84
0.34306 -0.71961 3.08 189
-0.21275 -0.72995 3.41 265
0.34820 -0.71837 3.57 314
0.81354 -0.73324 1.63 25
0.77935 -0.73781 2.69 116
1.00443 -0.77144 3.21 215
-1.09439 -0.83970 4.00 518
-1.56326 -0.89436 2.06 58
1.35051 -0.84961 3.11 194
-0.64320 -0.65484 3.56 310
1.47100 -0.73629 1.85 37
0.33619 -0.51010 2.29 76
-0.32556 -0.47280 3.95 492
1.27798 -0.44144 2.99 169
1.49374 -0.45830 2.70 119
-0.48122 -0.27578 3.66 347
-0.26896 -0.23064 3.88 461
0.18615 -0.17388 2.82 137
-0.50762 -0.18905 3.58 319
0.11181 -0.07701 0.96 14
-0.25245 -0.06425 2.89 153
-1.72739 -0.32216 3.27 229
1.66124 -0.22682 2.81 136
0.01422 -0.03147 2.89 154
-0.93585 -0.08178 3.29 233
0.75909 -0.04364 3.27 230
-0.24145 0.12227 2.32 80
1.50868 0.07173 3.86 445
-0.16435 0.22855 3.96 499
-0.18269 0.27439 2.62 105
-1.20041 0.41309 2.75 124
0.66057 0.47645 2.43 86
1.03947 0.46641 3.54 303
-0.58571 0.53277 3.91 476
0.23141 0.78075 2.56 97
-0.87578 0.82925 2.61 103
1.42111 0.77258 3.34 245
-1.43712 1.03483 3.88 460
-0.02366 1.12497 3.24 222
-0.08036 1.18552 2.74 121
-0.43499 1.19991 3.53 296
1.90999 1.20623 3.26 225
-1.47900 1.55316 3.72 369
0.16247 1.54803 3.82 416
1.38636 1.61088 3.75 382
1.61833 1.63266 3.97 505
1.33184 1.74711 2.77 128
-0.44586 1.72094 3.71 365
