-1.04055 -2.47221 4.00 517
-0.66128 -1.79369 3.87 452
1.18426 -2.59587 3.96 500
-0.54616 -1.67104 3.62 333
-1.32880 -2.41362 3.32 238
-1.55318 -2.91335 1.68 28
0.56106 -1.49385 1.92 42
-0.73029 -1.60295 2.69 115
0.09956 -1.33735 2.89 152
-0.71272 -1.51309 3.05 186
-1.07979 -1.69364 3.64 341
-1.53620 -1.99261 2.76 125
-0.10443 -1.10883 3.19 212
0.99214 -1.45036 3.62 336
-0.96816 -1.30945 1.33 20
-0.96808 -1.30942 1.73 30
0.34484 -1.05237 2.85 142
-1.28959 -1.56605 3.13 199
0.46817 -1.10171 3.85 440
-0.13709 -0.86780 -0.01 4
-0.38237 -0.87828 0.61 11
-0.13707 -0.86781 1.33 21
-1.08444 -1.19011 3.59 320
1.02422 -1.17094 3.62 335
-0.92050 -1.04077 1.25 18
0.77573 -0.92774 3.76 388
-1.18019 -1.13439 2.80 133
-1.65854 -1.56594 3.91 474
-1.10962 -0.97327 1.63 24
1.10343 -0.91941 3.34 244
1.12571 -0.87475 2.85 143
0.90477 -0.79263 3.13 201
-0.64318 -0.54477 2.30 77
0.10089 -0.38076 3.41 264
-1.41311 -0.82728 3.96 498
-1.49713 -0.76238 2.60 100
1.66137 -0.82265 3.66 348
-1.33001 -0.63167 3.91 475
1.33902 -0.61278 2.95 164
-1.23883 -0.50234 2.17 64
-1.28571 -0.49784 3.86 443
0.10465 -0.20065 3.87 455
-0.16249 -0.13151 2.30 78
-0.58383 -0.18226 2.55 95
-0.37467 -0.08009 3.55 305
0.21407 0.00902 3.37 253
-0.58062 -0.04465 3.87 454
-0.01422 0.09902 2.68 112
1.31781 -0.17441 3.33 241
1.59722 -0.28322 1.87 40
-0.24140 0.14225 2.31 79
-0.69548 0.06136 3.04 184
-0.00826 0.15377 3.13 200
1.15173 -0.05825 3.62 334
-0.61257 0.09824 3.83 421
0.35252 0.18581 2.78 129
-0.70602 0.10302 3.41 263
0.21590 0.22480 3.22 217
-0.93124 0.18092 3.88 459
1.21033 0.18357 3.08 189
0.63409 0.29960 3.41 265
1.21626 0.18357 3.57 314
1.73405 0.05383 1.63 25
1.69255 0.05802 2.69 116
-0.19073 0.37975 4.00 518
-0.57979 0.42075 2.06 58
-1.09295 0.29735 2.75 123
0.23623 0.46055 3.56 310
1.26724 0.39670 2.29 76
0.57792 0.57503 3.95 492
0.46324 0.80706 3.66 347
0.69096 0.81570 3.88 461
1.20433 0.79064 2.82 137
0.45444 0.90347 3.58 319
1.14978 0.91452 0.96 14
0.74920 0.99499 2.89 153
-0.67569 0.96885 3.27 229
1.05256 0.98469 2.89 154
0.05186 1.08935 3.29 233
-1.37747 1.08677 3.00 174
0.80937 1.20708 2.32 80
0.92545 1.32196 3.96 499
0.91760 1.38077 2.62 105
-0.13295 1.68137 2.75 124
