0.58274 -0.90455 3.83 422
0.63471 -1.20576 3.89 466
-0.46547 -1.77741 2.80 132
-0.91690 -1.16086 3.24 221
0.08912 -0.21884 4.00 517
0.58931 -0.30713 3.87 452
-0.52534 -0.29441 3.95 490
0.71037 -0.36534 3.62 333
0.06218 -0.00377 3.32 238
-0.71135 -0.28935 3.78 398
-0.21423 -0.00559 1.68 28
0.70522 -0.18943 2.69 115
1.21171 -0.87277 2.89 152
0.77751 -0.17357 3.05 186
-0.76987 -0.15707 3.98 511
0.54260 0.05665 3.64 341
-0.49858 0.10995 3.77 392
-0.30439 0.15619 4.00 516
-0.07236 0.26027 3.01 176
0.24663 0.27737 2.76 125
1.34872 -0.60178 3.19 212
0.85331 0.11405 1.33 20
0.85336 0.11400 1.73 30
0.57163 0.26337 3.13 199
-0.09108 0.39718 3.69 358
-1.43791 -0.44410 3.76 387
-0.30178 0.38132 3.97 504
-1.13326 -0.01878 3.27 228
0.20328 0.43163 3.32 239
0.10991 0.45980 3.40 259
1.46157 -0.24275 0.61 11
0.90958 0.25859 3.59 320
-0.42523 0.44724 3.84 427
1.09109 0.18625 1.25 18
-0.65767 0.43843 1.86 38
-0.29516 0.55153 2.25 72
0.92240 0.36058 2.80 133
-0.34041 0.56082 3.44 270
0.37250 0.56090 3.78 399
0.19544 0.59490 3.82 415
0.47443 0.52984 3.91 474
1.08082 0.37681 1.63 24
-0.21291 0.68839 3.13 198
-0.29779 0.79303 2.50 93
-0.59401 0.74785 1.96 45
-0.02502 0.83905 3.54 301
0.64248 0.74664 3.89 463
-1.01096 0.69789 3.47 279
-0.66202 0.83689 3.62 332
1.09686 0.69694 3.96 498
1.12248 0.79852 2.60 100
-1.62976 0.48189 2.93 160
1.30506 0.73588 3.91 475
0.43021 1.10571 2.69 114
1.46973 0.73264 2.17 64
0.35454 1.19110 3.84 428
1.45395 0.77547 3.86 443
-1.06540 1.06071 1.78 33
-0.54610 1.23111 3.75 380
-0.78348 1.20390 3.84 426
-0.74238 1.25565 3.91 472
-0.55925 1.47118 2.21 66
-1.60761 1.10762 3.25 224
0.16401 1.60410 3.85 437
-1.35976 1.49292 2.25 71
-0.33974 1.70606 3.60 327
-1.46904 1.40063 3.73 374
