0.86465 -1.52319 3.69 359
-0.95670 -1.38802 3.92 479
-0.14133 -1.34058 3.53 298
-0.50197 -1.10681 2.39 83
0.29676 -1.05401 3.40 260
-1.44233 -0.75193 3.63 340
0.59868 -0.78699 2.49 92
-1.39085 -0.67544 3.77 395
1.60515 -0.69446 2.83 138
0.32564 -0.33525 3.95 493
0.36490 -0.27727 3.48 284
-0.15633 -0.24563 3.76 390
0.51665 -0.07845 2.42 85
1.31984 0.10639 2.06 55
0.26419 0.01843 2.94 161
-0.78259 0.07010 3.20 214
1.71979 0.32244 3.27 226
-1.06914 0.33526 2.46 90
-1.69461 0.58742 3.89 467
-0.69803 0.49194 3.72 371
-1.26901 0.76905 2.20 65
-0.86178 0.70577 3.94 486
0.42310 0.69102 3.62 337
-0.75140 0.84264 3.72 370
-0.98100 0.98836 1.25 19
-1.61601 1.23931 2.87 147
-1.25494 1.18443 3.79 403
0.75154 0.99512 3.82 418
-1.21738 1.23440 3.98 512
0.10207 1.12554 3.77 397
-1.61748 1.74421 3.79 402
-1.70438 1.94177 3.77 394
1.22056 1.67922 3.66 346
1.19416 1.87061 2.23 67
1.24100 2.00440 3.44 269
-0.07254 1.63151 3.35 247
0.07246 1.64617 3.75 384
0.86765 1.90258 2.27 74
