1.08633 -1.84718 3.66 347
1.36759 -1.86408 3.88 461
2.04825 -1.96683 2.82 137
1.06199 -1.72193 3.58 319
1.92565 -1.78885 0.96 14
1.39907 -1.64046 2.89 153
-0.18099 -1.53050 3.27 229
1.77622 -1.68638 2.89 154
0.59188 -1.46279 3.29 233
-1.50929 -1.46850 2.65 108
-0.82992 -1.34878 3.00 174
1.42296 -1.39869 2.32 80
-1.93436 -1.50134 3.00 173
1.52907 -1.28375 3.96 499
1.50637 -1.22184 2.62 105
-1.83011 -1.12165 2.59 99
0.41208 -0.88209 2.75 124
-1.58480 -1.01652 2.95 163
1.03974 -0.84825 3.91 476
-0.74117 -0.61738 0.98 15
0.77216 -0.51830 2.61 103
0.30692 -0.30273 3.88 460
1.72559 -0.28693 3.24 222
1.65651 -0.22354 2.74 121
1.25331 -0.19710 3.53 296
-1.39086 -0.08459 3.65 343
-1.39086 -0.08459 3.68 353
-0.60892 -0.03224 3.37 252
-1.75680 -0.04087 3.89 464
0.34970 0.10113 3.72 369
-1.17299 0.19344 3.38 256
1.27192 0.25806 3.71 365
1.17103 0.36689 2.65 109
-1.07388 0.62432 2.83 139
1.02901 0.59701 3.80 407
1.02901 0.59710 3.80 408
1.20037 0.90162 3.67 351
1.36071 0.93380 3.85 439
-0.33716 1.01734 2.68 111
-0.05755 1.05779 -0.04 3
1.78927 1.22516 3.75 381
1.94080 1.41997 2.77 127
1.40956 1.62857 2.00 50
1.02733 1.61494 2.23 69
1.14786 1.60568 3.84 430
0.33276 1.56320 2.70 118
0.92693 1.76937 3.68 354
