0.80963 -1.68285 3.90 469
-1.11049 -1.55921 3.75 382
-0.90240 -1.54678 3.97 505
0.38015 -1.54001 3.36 251
-1.16104 -1.42838 2.77 128
0.80997 -1.31576 3.71 366
0.72396 -1.16166 0.77 12
-1.86776 -1.05529 3.20 213
-0.74635 -1.11748 3.73 375
0.64689 -1.05697 2.72 120
-1.20052 -0.90363 2.08 60
0.07254 -0.87935 2.99 170
-1.49129 -0.75930 3.48 283
1.36594 -0.76047 3.63 340
1.37975 -0.67678 3.77 395
0.61476 -0.59592 3.82 417
0.75970 -0.53063 3.47 281
-0.45457 -0.42619 3.84 431
-1.33323 -0.14349 3.14 203
0.36158 -0.09691 3.08 190
-0.88408 -0.05440 3.42 266
-0.61701 -0.03154 3.83 423
-0.73178 0.00894 3.70 362
1.64036 0.25849 3.20 214
-1.44430 0.24757 3.92 478
-1.69604 0.36268 2.81 135
-0.01181 0.14282 3.24 223
1.22257 0.37257 2.46 90
-0.11013 0.17994 3.45 275
0.62070 0.31464 3.89 467
-1.16772 0.52721 3.16 204
-0.68816 0.44554 3.86 444
-0.24171 0.47744 0.03 5
-1.52945 0.77720 3.53 297
1.51704 0.71567 3.72 371
0.86486 0.65308 2.20 65
1.24731 0.81885 3.94 486
1.28979 1.01157 3.72 370
1.01122 0.99810 1.25 19
0.43852 0.85370 2.87 147
0.70948 1.00187 3.79 403
-0.78619 0.97653 3.80 409
-1.64950 1.34288 3.89 465
0.71798 1.06368 3.98 512
-0.56807 1.26330 2.23 70
0.26325 1.22603 3.79 402
-0.79993 1.38229 2.79 131
0.14755 1.31836 3.77 394
-0.54472 1.61515 3.75 383
-1.82600 2.58939 3.29 234
1.61896 2.32057 3.35 247
1.79096 2.49631 3.75 384
