1.56456 -2.28686 1.96 45
0.21780 -1.60599 -0.72 2
1.09706 -1.87351 3.47 279
1.56218 -2.12550 3.62 332
-0.11804 -1.48991 3.85 434
0.46951 -1.50150 2.93 160
-1.96069 -2.12123 4.00 515
1.33027 -1.55615 1.78 33
1.71916 -1.69824 3.84 426
1.80365 -1.69663 3.91 472
0.38628 -1.02225 3.17 206
0.93302 -1.13835 3.25 224
-1.13454 -1.13482 3.86 442
-0.00872 -0.97694 3.96 495
1.37853 -1.06829 2.25 71
1.23068 -1.05502 3.73 374
0.85448 -0.74114 2.70 117
1.17981 -0.87420 3.61 328
-0.09907 -0.57933 3.12 196
-0.31731 -0.57359 3.87 450
-0.22682 -0.49124 2.64 107
-1.11029 -0.61604 3.96 494
-1.19012 -0.62227 3.56 308
0.24795 -0.45755 3.85 435
0.56825 -0.43432 3.96 496
0.23453 -0.27458 3.02 179
-0.99998 -0.39125 3.82 413
1.00687 -0.32044 2.45 89
0.69245 -0.25433 1.50 23
1.26853 -0.35201 3.96 497
0.73679 -0.20267 3.47 278
0.83066 -0.12947 1.84 36
0.90961 -0.16160 3.85 436
1.67202 -0.15968 2.81 134
1.39402 -0.13501 3.34 242
0.66425 0.01101 3.87 451
0.77955 0.01831 3.02 180
-0.67944 0.10863 3.19 211
-0.19088 0.13300 3.60 324
-0.39692 0.21562 2.84 140
-0.10787 0.21829 3.81 411
0.46482 0.29344 3.95 489
0.28938 0.37119 1.98 46
-0.34841 0.37644 2.58 98
0.58581 0.42579 -1.46 1
-0.61377 0.45245 3.31 236
-0.17011 0.54452 3.55 304
-0.04708 0.58159 3.71 363
-1.11023 0.52384 3.87 449
-1.74798 0.50445 2.95 162
-0.16614 0.83260 2.06 57
1.45970 0.78372 3.93 481
-0.63098 0.90838 0.12 7
-0.59382 0.98998 3.60 323
0.20708 1.02970 3.98 510
-0.34422 1.05009 2.77 126
-0.74497 1.09325 2.79 130
-1.24581 1.19207 3.93 480
-0.51396 1.26381 3.36 248
-0.30546 1.25230 3.81 410
-0.34599 1.34026 1.70 29
-0.27787 1.29356 2.05 54
-0.41075 1.39815 2.23 68
-1.01051 1.58552 3.72 367
