-0.25734 -1.43133 3.89 466
-0.68518 -0.68478 3.76 389
-0.42370 -0.26434 2.80 132
0.16926 0.02354 3.24 221
0.86405 -1.15971 4.00 517
0.90373 -0.48242 3.95 490
0.94401 -0.29901 3.78 398
1.09563 -0.26642 3.98 511
0.25252 0.52414 3.85 433
0.46216 0.60663 3.35 246
0.91787 0.38408 3.76 387
-0.39461 0.67798 2.86 144
1.30619 0.06202 3.27 228
-1.47095 0.22649 3.99 513
-0.61275 0.87570 0.46 9
0.74864 0.96799 3.27 227
-0.87772 0.90136 3.92 477
-0.39033 1.28936 3.56 307
-0.57122 1.24636 3.70 360
1.45989 0.87457 3.85 434
-0.84806 1.33824 3.95 487
-0.05774 1.42402 4.00 515
-1.15673 1.39293 3.31 235
-1.74266 1.14419 3.88 456
