0.54856 -1.87310 3.83 422
0.32141 -2.12462 3.89 466
-0.61911 -1.98333 3.76 389
-0.75650 -1.39662 2.80 132
-0.53045 -0.67355 3.24 221
0.78937 -0.93675 4.00 517
1.08856 -1.48297 3.87 452
0.32301 -0.46206 3.95 490
0.95352 -0.77118 3.32 238
0.21591 -0.31449 3.78 398
0.75542 -0.53307 1.68 28
0.28176 -0.18963 3.98 511
0.65802 -0.22971 3.77 392
0.82627 -0.35433 4.00 516
1.07992 -0.47908 3.01 176
1.34228 -0.75008 2.76 125
-0.84738 -0.26091 3.85 433
-0.75415 -0.05401 3.35 246
1.18305 -0.37223 3.69 358
-0.28361 0.10771 3.76 387
1.01410 -0.21004 3.97 504
0.17596 0.15286 3.27 228
1.44547 -0.60514 3.32 239
1.39475 -0.50276 3.40 259
0.98061 -0.07001 3.84 427
0.81392 0.09925 1.86 38
1.16122 -0.10335 2.25 72
1.13566 -0.06162 3.44 270
1.33960 -0.07759 3.13 198
1.36356 0.05946 2.50 93
-0.80997 0.37486 3.27 227
1.10659 0.25217 1.96 45
0.03251 0.66283 -0.72 2
0.78486 0.50983 3.47 279
1.13052 0.35903 3.62 332
-0.28080 0.73813 3.85 434
0.26000 0.76614 2.93 160
1.02910 0.77456 1.78 33
1.54249 0.53762 3.75 380
1.34079 0.68297 3.84 426
1.41342 0.68947 3.91 472
1.73546 0.70916 2.21 66
0.18499 1.21087 3.17 206
0.71916 1.12889 3.25 224
-1.34056 0.99621 3.86 442
-0.21913 1.23233 3.96 495
1.16388 1.22757 2.25 71
1.02186 1.23167 3.73 374
0.68512 1.55117 2.70 117
1.00360 1.42062 3.61 328
-0.35833 1.68598 3.12 196
-0.60659 1.67879 3.87 450
1.76602 1.36263 3.97 502
