1.99398 -1.55320 3.67 351
0.20689 -1.52013 2.68 111
0.49878 -1.45655 -0.04 3
1.49404 -0.82374 2.23 69
1.62026 -0.82132 3.84 430
0.81755 -0.92758 2.70 118
1.34588 -0.70248 3.68 354
0.61773 -0.75683 3.58 318
1.10719 -0.49745 3.47 280
-1.69675 -0.33896 3.48 282
-0.46266 -0.32834 2.90 157
0.54897 -0.31757 3.03 181
0.84176 -0.14621 3.50 287
-1.47721 0.32572 3.01 177
1.52161 0.46958 3.89 465
-1.03514 0.34242 3.71 364
0.06539 0.23011 1.86 39
-0.85170 0.62867 2.44 87
-0.12442 0.53557 2.27 75
-0.12431 0.53537 3.95 491
-0.34818 0.61827 1.77 32
-1.20288 0.97927 2.37 81
-0.62670 0.74831 3.31 237
0.74258 0.90882 3.29 234
-1.63782 1.55030 3.80 405
-1.02729 1.25027 1.79 35
1.08578 1.27345 2.74 122
-1.56029 1.87256 3.67 350
0.14829 1.07666 3.65 344
1.20064 1.72277 3.17 208
-0.65411 1.56814 3.84 429
-0.33484 1.45451 3.87 453
1.56105 3.11876 3.83 424
0.46281 1.64795 3.05 187
1.13837 2.46244 3.57 315
0.29163 1.74586 2.08 59
