-0.06355 -1.73760 3.92 479
0.76644 -1.66102 3.53 298
-1.32558 -1.62552 3.71 366
-1.36158 -1.44527 0.77 12
0.35019 -1.42215 2.39 83
-1.40739 -1.31912 2.72 120
1.20537 -1.31963 3.40 260
-0.58655 -1.11620 3.63 340
1.50595 -0.99650 2.49 92
-0.54909 -1.03792 3.77 395
-1.26422 -0.81268 3.82 417
-1.08646 -0.77612 3.47 281
1.10783 -0.52854 3.95 493
1.14124 -0.46177 3.48 284
0.57674 -0.49140 3.76 390
-1.35164 -0.22025 3.08 190
1.27557 -0.22947 2.42 85
0.97903 -0.16359 2.94 161
-0.08125 -0.25320 3.20 214
-1.69265 0.16813 3.24 223
-0.37316 -0.03924 2.46 90
-0.92948 0.10307 3.89 467
-0.05449 0.16213 3.72 371
-0.59285 0.32844 2.20 65
-0.22959 0.33607 3.94 486
1.03641 0.54993 3.62 337
-0.14580 0.48093 3.72 370
-0.36716 0.57374 1.25 19
-0.92361 0.68306 2.87 147
-0.62247 0.69936 3.79 403
1.34202 0.92335 3.82 418
-0.59586 0.74994 3.98 512
0.63285 0.90978 3.77 397
-0.96836 1.10856 3.79 402
-1.05255 1.25394 3.77 394
1.74284 1.72274 3.66 346
-1.71741 1.96991 3.75 383
1.67494 1.90228 2.23 67
1.70219 2.04582 3.44 269
0.38803 1.34299 3.35 247
0.52691 1.39087 3.75 384
1.30619 1.83840 2.27 74
1.64084 2.27662 2.47 91
1.91513 2.52522 2.68 110
-0.24380 1.55648 3.43 268
-0.00978 1.58833 2.44 88
1.94138 3.01504 3.38 254
