1.15163 -1.45349 3.05 185
0.23164 -1.62332 3.97 503
1.05425 -1.38128 3.45 274
-1.63304 -0.95597 1.90 41
1.54563 -1.04365 3.01 177
0.23113 -1.27112 3.60 326
0.18360 -1.21950 3.14 202
0.45663 -0.96301 3.17 207
1.51104 -0.31831 2.44 87
-1.24886 -0.47076 3.72 368
1.04234 -0.45089 2.37 81
1.48737 -0.04958 3.31 237
0.48977 -0.52200 3.80 405
-0.06399 -0.49563 3.36 250
0.88059 -0.18657 1.79 35
0.31053 -0.33845 3.67 350
0.75410 0.24139 3.84 429
0.94753 0.48542 3.87 453
-1.03077 1.28298 3.98 509
0.92160 1.15231 2.08 59
-0.53016 1.67388 3.21 216
-0.04153 1.10805 2.02 51
