0.12795 -3.73410 3.83 422
-0.86863 -2.44430 3.76 389
-0.54382 -1.80440 2.80 132
0.10752 -1.37546 3.24 221
1.16885 -2.99123 4.00 517
1.01951 -1.94309 3.95 490
1.01733 -1.69458 3.78 398
1.17578 -1.63616 3.98 511
1.56985 -2.05638 3.77 392
0.14129 -0.81059 3.85 433
0.34142 -0.70949 3.35 246
0.83374 -0.90065 3.76 387
-0.52287 -0.70641 2.86 144
1.30811 -1.21900 3.27 228
-0.74127 -0.52861 0.46 9
0.56558 -0.34416 3.27 227
-1.00466 -0.52389 3.92 477
1.50571 -0.65194 -0.72 2
-0.52564 -0.13763 3.56 307
-0.69563 -0.18653 3.70 360
1.24552 -0.37914 3.85 434
-0.95444 -0.12519 3.95 487
-0.22332 -0.00392 4.00 515
-1.24259 -0.09823 3.31 235
-1.10272 0.16686 3.41 261
0.53686 0.36817 3.86 442
1.61620 -0.01741 3.96 495
-0.22325 0.51243 3.24 220
1.75513 0.40928 3.12 196
1.51635 0.52031 3.87 450
1.66452 0.56249 2.64 107
0.73875 0.81028 3.96 494
0.66933 0.83406 3.56 308
0.92791 0.98958 3.82 413
-0.09856 1.16686 3.87 447
1.51484 1.43880 3.19 211
-0.00676 1.63292 3.69 356
-1.15613 1.59595 4.00 514
1.93230 1.47630 2.84 140
