1.64465 -2.15817 3.87 454
-1.86014 -2.14671 2.21 66
1.54789 -1.92307 3.04 184
1.67580 -1.94841 3.83 421
-0.97458 -1.69533 3.85 437
1.55586 -1.86436 3.41 263
-1.56751 -1.77440 3.60 327
1.32659 -1.60802 3.88 459
1.88069 -1.58641 2.06 58
1.21039 -1.38424 2.75 123
-0.08241 -0.92187 3.54 302
0.68009 -0.48127 2.65 108
1.28708 -0.54870 3.00 174
0.37397 -0.41624 3.00 173
0.45660 -0.14574 2.59 99
0.64343 -0.10042 2.95 163
-0.65121 -0.08338 3.11 193
-0.96885 -0.14314 3.81 412
-0.26561 0.00869 3.56 309
-1.21695 0.08898 3.61 329
1.46873 0.13741 0.98 15
0.86172 0.72964 3.65 343
0.86172 0.72964 3.68 353
-1.80852 0.73995 3.91 473
1.71571 0.77607 3.37 252
0.55187 0.77618 3.89 464
0.14820 0.91590 3.61 330
1.09602 1.02252 3.38 256
-1.89819 1.50598 3.52 291
-0.99570 1.39912 3.85 438
1.24866 1.52787 2.83 139
-0.23273 1.45356 3.94 485
-1.41729 1.61357 1.35 22
0.13381 1.72576 2.14 63
