0.51586 -1.86383 3.24 221
-1.28107 -2.87678 3.96 500
1.35010 -3.05516 3.95 490
1.43911 -2.76074 3.78 398
-1.62042 -2.37251 3.42 267
0.74350 -1.29353 3.85 433
0.99343 -1.28048 3.35 246
1.49834 -1.73672 3.76 387
0.12368 -0.90916 2.86 144
-1.38662 -1.41627 2.86 145
-1.03192 -1.00478 3.99 513
-0.01678 -0.65938 0.46 9
1.37265 -0.99432 3.27 227
-0.24311 -0.56352 3.92 477
-1.47552 -0.79139 3.49 285
0.30377 -0.36612 3.56 307
0.13237 -0.35586 3.70 360
-0.07622 -0.21756 3.95 487
0.63778 -0.33970 4.00 515
-0.30909 -0.10790 3.31 235
-1.44864 -0.36140 3.90 470
-0.84923 -0.16148 3.88 456
-0.11236 0.08729 3.41 261
-0.71474 -0.01014 3.94 483
-0.73116 0.06311 2.39 82
1.58143 -0.22840 3.86 442
0.80411 0.15970 3.24 220
1.14018 0.75541 3.87 447
1.38459 1.18238 3.69 356
0.27127 1.34389 4.00 514
-0.80920 1.51516 2.04 53
0.05937 1.68927 3.50 286
