-0.55259 -1.77166 3.76 388
1.45805 -2.21419 3.65 345
1.23669 -1.91210 1.94 44
-0.28437 -1.52758 3.34 244
-0.28939 -1.47201 2.85 143
-0.51040 -1.54548 3.13 201
-1.57890 -1.74957 3.41 264
0.06010 -1.11269 3.66 348
-0.25645 -1.11186 2.95 164
-1.67706 -1.54243 3.87 455
1.59314 -1.38525 3.11 195
0.25919 -0.88131 3.51 288
-1.65454 -1.22679 3.37 253
-0.47826 -0.75048 3.33 241
-0.22616 -0.70955 1.87 40
-0.66514 -0.73217 3.62 334
-1.58115 -0.94701 2.78 129
-0.12797 -0.54525 3.03 182
-1.77016 -0.99460 3.22 217
0.87925 -0.67759 3.97 506
-0.18289 -0.48758 2.41 84
-0.73027 -0.49788 3.08 189
-1.32458 -0.67134 3.41 265
-0.72538 -0.49528 3.57 314
-0.28204 -0.38874 1.63 25
-0.31195 -0.40138 2.69 116
-0.10823 -0.37705 3.21 215
0.18883 -0.36481 3.11 194
0.26594 -0.24105 1.85 37
-0.78148 -0.29602 2.29 76
-1.52379 -0.43725 3.95 492
0.06645 -0.02293 2.99 169
0.73156 -0.04374 2.60 101
0.24202 0.00361 2.70 119
-1.51970 -0.16248 3.88 461
-1.01324 0.00572 2.82 137
0.80196 0.06884 3.32 240
-1.11723 0.08977 0.96 14
0.66723 0.16088 2.02 52
-1.54410 0.02213 2.89 153
0.54516 0.13505 3.17 209
0.33729 0.23456 2.81 136
-1.23795 0.11685 2.89 154
-0.46134 0.24974 3.27 230
-1.58102 0.22983 2.32 80
0.89471 0.43036 2.89 155
0.73441 0.44180 3.51 289
0.82107 0.39757 3.77 393
0.17262 0.47640 3.86 445
-1.51516 0.36287 3.96 499
-1.54992 0.41047 2.62 105
1.09045 0.59308 3.93 482
-0.66196 0.75337 2.43 86
-0.29695 0.78795 3.54 303
-1.19012 1.03022 2.56 97
-0.01356 1.12009 3.34 245
0.50111 1.20724 3.85 441
-1.58511 1.40514 3.24 222
0.99285 1.41159 3.44 272
-1.67390 1.47459 2.74 121
0.31800 1.55488 3.26 225
