-0.64266 -1.85553 2.76 125
0.93471 -2.06757 3.19 212
0.04489 -1.62381 1.33 20
0.04496 -1.62383 1.73 30
1.50390 -2.42156 2.85 142
-0.30194 -1.64724 3.13 199
1.64324 -2.61059 3.85 440
-1.09110 -1.96615 3.69 358
-1.35137 -2.15839 3.97 504
-0.76894 -1.70983 3.32 239
-0.88603 -1.74294 3.40 259
1.02335 -1.78399 -0.01 4
0.76245 -1.61080 0.61 11
1.02337 -1.78403 1.33 21
0.00986 -1.44360 3.59 320
-1.54664 -2.17651 3.84 427
0.20443 -1.40927 1.25 18
-1.87998 -2.40099 1.86 38
-1.41632 -1.93422 2.25 72
-0.03650 -1.33792 2.80 133
-1.47926 -1.95826 3.44 270
-0.65500 -1.46125 3.78 399
-0.85654 -1.53662 3.82 415
-0.53766 -1.43111 3.91 474
0.08681 -1.23716 1.63 24
-1.36917 -1.70849 3.13 198
-1.51685 -1.64780 2.50 93
-1.20870 -1.41801 3.54 301
-0.48490 -1.13018 3.89 463
0.67246 -1.11549 2.30 77
1.55489 -1.44175 3.41 264
-0.07085 -0.95192 3.96 498
-0.10159 -0.85787 2.60 100
0.07071 -0.82868 3.91 475
-0.84588 -0.91848 2.69 114
0.19329 -0.76274 2.17 64
-0.95417 -0.88105 3.84 428
0.16003 -0.73691 3.86 443
1.65414 -1.24720 3.87 455
1.36733 -0.99736 2.30 78
0.89826 -0.80505 2.55 95
1.15894 -0.82074 3.55 305
0.96562 -0.67630 3.87 454
1.65985 -0.84759 2.68 112
1.41279 -0.67282 2.31 79
0.90349 -0.52067 3.04 184
1.69506 -0.79336 3.13 200
1.00053 -0.52589 3.83 421
-1.29674 -0.62551 3.85 437
0.91248 -0.47731 3.41 263
0.74107 -0.30804 3.88 459
1.58746 -0.46002 4.00 518
1.18203 -0.23890 2.06 58
0.65204 -0.14273 2.75 123
-0.53439 0.13782 3.54 302
1.33318 0.30145 3.27 229
0.17895 0.62193 2.65 108
0.74488 0.59795 3.00 174
-0.12384 0.66624 3.00 173
-0.05560 0.95590 2.59 99
0.13234 1.01540 2.95 163
-1.26559 0.96080 3.11 193
-1.62209 0.87189 3.81 412
-0.84426 1.08924 3.56 309
0.94856 1.31450 0.98 15
