-1.77457 -2.54736 3.76 388
0.27534 -1.66775 3.65 345
1.48966 -2.21854 3.99 513
0.04602 -1.53182 1.94 44
-1.52222 -2.07423 3.34 244
-1.54967 -2.01932 2.85 143
-1.80919 -2.26620 3.13 201
1.39589 -1.57923 3.49 285
-1.26459 -1.42129 3.66 348
-1.64642 -1.61344 2.95 164
0.16566 -0.95124 3.11 195
1.05831 -1.12175 1.74 31
1.43224 -1.27424 2.10 61
-1.12436 -1.08153 3.51 288
1.80165 -1.34550 3.90 470
1.34729 -1.00591 3.97 507
-1.76405 -1.15929 1.87 40
-1.70090 -0.92754 3.03 182
-0.58070 -0.61713 3.97 506
-1.79454 -0.89257 2.41 84
1.02995 -0.52393 3.01 178
-1.74054 -0.73460 3.21 215
-1.38264 -0.58835 3.11 194
-1.33813 -0.42881 1.85 37
-1.65453 -0.27506 2.99 169
-0.91191 -0.07109 2.60 101
-1.45256 -0.18279 2.70 119
-0.87848 0.05803 3.32 240
-1.04168 0.11029 2.02 52
-1.16028 0.04971 3.17 209
-1.42434 0.09046 2.81 136
0.84171 0.35759 3.74 377
-0.90106 0.42966 2.89 155
-1.06391 0.40533 3.51 289
-0.96279 0.38148 3.77 393
-1.70998 0.30252 3.86 445
-0.76603 0.62392 3.93 482
1.18769 0.68548 2.87 148
1.08051 0.66453 3.68 355
0.01345 0.82700 3.08 191
-0.02640 0.95587 3.57 316
0.38822 1.13273 3.77 396
-1.57986 1.15644 3.85 441
1.06978 1.36290 2.91 158
-1.11247 1.40820 3.44 272
-1.93489 1.52660 3.26 225
2.02777 1.64314 3.84 432
1.73976 1.72997 2.96 165
-0.13215 1.69747 3.23 218
