1.54713 -1.49896 3.47 277
-1.93281 -1.24743 2.83 138
-0.69029 -1.37394 3.62 331
1.79907 -1.23494 3.65 342
1.80304 -1.09496 3.76 386
-0.33382 -1.05121 2.64 106
-0.16291 -0.90076 2.00 49
1.13416 -0.77262 2.87 146
1.15805 -0.77193 3.63 339
1.09826 -0.77782 3.70 361
1.10748 -0.76073 3.87 448
0.36360 -0.67611 3.63 338
-1.65006 -0.34467 2.06 55
-0.31648 -0.54976 3.41 262
-1.19993 -0.34989 3.27 226
1.10127 -0.31115 2.85 141
0.97540 -0.31383 3.83 419
-0.11411 -0.26515 3.00 171
-0.77049 -0.16328 2.06 56
0.46925 -0.03244 3.39 257
-0.88003 0.02100 3.87 446
0.48523 0.08426 2.12 62
1.01784 0.14241 2.89 151
1.73346 0.47871 3.75 379
-0.15810 0.12742 2.26 73
0.84655 0.24472 3.77 391
1.64571 0.62441 2.99 168
0.46940 0.29436 3.80 404
-1.57299 0.76868 3.82 418
0.75515 0.51901 3.01 175
-0.37361 0.48736 3.57 312
0.56199 0.59004 1.79 34
0.28239 0.70584 3.95 488
0.36439 0.75974 2.93 159
-0.84073 0.91214 3.66 346
0.23762 0.87943 3.76 385
-0.76680 1.04980 2.23 67
-0.67964 1.09838 3.44 269
-1.76653 1.88605 3.75 384
-0.95458 1.31020 2.27 74
-0.58031 1.24916 2.47 91
-0.38103 1.16249 2.68 110
-0.16452 1.34157 3.38 254
-1.25558 2.12842 3.52 293
