1.05362 -1.76219 2.06 57
-0.87436 -1.75970 3.54 299
-1.04063 -1.74598 3.73 373
0.51879 -1.63649 0.12 7
-1.67659 -1.74613 3.89 462
0.56048 -1.54473 3.60 323
1.48599 -1.53882 3.98 510
0.83033 -1.48835 2.77 126
0.40840 -1.42559 2.79 130
-0.05311 -1.31256 3.93 480
0.64585 -1.25565 3.36 248
0.86265 -1.27089 3.81 410
0.81623 -1.18152 1.70 29
0.88971 -1.22905 2.05 54
0.74844 -1.12495 2.23 68
0.19835 -0.96170 3.72 367
-1.76460 -0.88868 3.47 276
-1.42871 -0.84362 2.53 94
0.15285 -0.77988 3.69 357
-0.50506 -0.75419 3.91 471
0.61983 -0.73131 1.64 26
0.13307 -0.70364 3.19 210
1.04847 -0.65621 0.50 10
0.74481 -0.52386 3.54 300
-1.03771 -0.56187 3.60 322
-0.99850 -0.52318 3.74 376
-0.51815 -0.39103 3.47 277
-0.14514 -0.21848 3.40 258
-0.25946 -0.22936 3.65 342
-0.14617 -0.21359 3.84 425
-0.05199 -0.18531 0.85 13
1.62510 -0.07058 1.93 43
-0.21637 -0.12804 3.76 386
-0.14272 -0.04233 3.53 294
0.72583 0.09373 3.00 172
1.33598 0.25044 2.88 149
1.22037 0.23128 3.28 232
-0.64644 0.24864 2.87 146
-0.62547 0.24388 3.63 339
-0.67951 0.25226 3.70 361
-0.66628 0.26493 3.87 448
1.61992 0.46442 2.98 166
-1.39040 0.54443 3.63 338
0.55086 0.48720 1.65 27
-0.53310 0.66861 2.85 141
-0.64823 0.70544 3.83 419
0.19403 0.71517 2.69 113
1.63715 1.03668 3.60 325
0.90652 1.04261 2.62 104
-1.07608 1.18694 3.39 257
0.79553 1.13918 3.97 501
-1.02036 1.30968 2.12 62
-0.45907 1.13605 2.89 151
0.28457 1.19289 3.17 205
0.24138 1.17991 3.75 379
-1.83779 1.72274 2.26 73
-0.58675 1.31575 3.77 391
0.23025 1.35064 2.99 168
0.84391 1.52943 1.90 41
-0.96840 1.55896 3.80 404
0.37805 1.50685 0.08 6
-0.58185 1.66293 3.01 175
-2.07110 2.40196 3.57 312
-0.76141 1.85717 1.79 34
