-1.36713 -2.70695 1.68 28
1.01436 -2.15990 1.92 42
-0.33947 -1.74460 2.69 115
0.54280 -1.78927 2.89 152
-0.30112 -1.66105 3.05 186
-0.67145 -1.70689 3.64 341
-1.63465 -2.66647 4.00 516
-1.44670 -2.22880 3.01 176
-1.12266 -1.83073 2.76 125
0.38724 -1.46909 3.19 212
1.54544 -2.31389 3.62 336
-0.47997 -1.37178 1.33 20
-0.47990 -1.37178 1.73 30
0.87955 -1.57782 2.85 142
-0.81726 -1.51150 3.13 199
1.00584 -1.68084 3.85 440
-1.59017 -2.11810 3.69 358
-1.29586 -1.74260 3.32 239
-1.41728 -1.82012 3.40 259
0.41312 -1.20740 -0.01 4
0.16670 -1.13698 0.61 11
0.41314 -1.20743 1.33 21
-0.55197 -1.21936 3.59 320
1.65578 -1.99918 3.62 335
-0.37247 -1.12692 1.25 18
1.40879 -1.61084 3.76 388
-0.62030 -1.13675 2.80 133
-1.23419 -1.46234 3.78 399
-1.43861 -1.60990 3.82 415
-1.11464 -1.39161 3.91 474
-0.52113 -1.00529 1.63 24
1.59951 -1.50926 3.13 201
-1.13228 -1.08356 3.89 463
-0.00092 -0.72795 2.30 77
0.77840 -0.77988 3.41 264
-0.74055 -0.78383 3.96 498
-0.79342 -0.70232 2.60 100
-0.62555 -0.62600 3.91 475
-1.59427 -0.99165 2.69 114
-0.51862 -0.53010 2.17 64
-1.73311 -0.98944 3.84 428
-0.55694 -0.51428 3.86 443
0.82554 -0.59488 3.87 455
0.56473 -0.45117 2.30 78
0.14102 -0.39235 2.55 95
0.36582 -0.34544 3.55 305
0.99292 -0.40900 3.37 253
0.17655 -0.26056 3.87 454
0.77162 -0.25786 2.68 112
0.54998 -0.15949 2.31 79
0.09419 -0.13268 3.04 184
0.79073 -0.20424 3.13 200
0.18008 -0.11633 3.83 421
1.18680 -0.26244 2.78 129
0.09421 -0.09088 3.41 263
1.04585 -0.18754 3.22 217
-0.09180 0.03030 3.88 459
1.53516 -0.21596 3.41 265
0.65650 0.06237 4.00 518
0.28612 0.18295 2.06 58
-0.20687 0.16939 2.75 123
1.12314 0.04830 3.56 310
1.53388 0.08846 3.95 492
-1.52226 0.20412 3.54 302
1.45585 0.35365 3.66 347
1.72194 0.31576 3.88 461
1.46801 0.45407 3.58 319
0.32198 0.71105 3.27 229
1.07032 0.71089 3.29 233
-0.84749 0.85584 2.65 108
-0.26900 0.91438 3.00 174
-1.19074 0.85621 3.00 173
-1.18920 1.18455 2.59 99
1.01173 1.30316 2.75 124
-0.99436 1.27332 2.95 163
1.74703 1.30427 3.91 476
-0.22021 1.67235 0.98 15
