0.05950 -1.73418 1.25 18
-1.69374 -2.49553 2.25 72
-0.19529 -1.67806 2.80 133
-1.76613 -2.53129 3.44 270
-0.85073 -1.87165 3.78 399
-1.06928 -1.97616 3.82 415
-0.72458 -1.82682 3.91 474
-0.07150 -1.55784 1.63 24
-1.64066 -2.22633 3.13 198
-1.80926 -2.17182 2.50 93
-1.46177 -1.87659 3.54 301
-0.67764 -1.49035 3.89 463
0.51958 -1.37951 2.30 77
1.41582 -1.65038 3.41 264
-0.24873 -1.26424 3.96 498
-0.28478 -1.16638 2.60 100
-0.10819 -1.12266 3.91 475
-1.07082 -1.28921 2.69 114
0.01397 -1.04440 2.17 64
-1.18881 -1.25703 3.84 428
-0.02127 -1.01968 3.86 443
1.49378 -1.43930 3.87 455
1.19558 -1.20322 2.30 78
0.72295 -1.03870 2.55 95
0.97925 -1.03669 3.55 305
1.72058 -1.26053 3.37 253
0.77989 -0.90195 3.87 454
1.46287 -1.02954 2.68 112
1.21225 -0.86922 2.31 79
0.70811 -0.74745 3.04 184
1.49136 -0.97234 3.13 200
0.80310 -0.74672 3.83 421
-1.56564 -1.00519 3.85 437
0.71386 -0.70296 3.41 263
0.53487 -0.54217 3.88 459
1.36017 -0.64537 4.00 518
0.95699 -0.44867 2.06 58
0.43718 -0.38114 2.75 123
-0.76851 -0.15835 3.54 302
1.05889 0.08539 3.27 229
-0.06880 0.35158 2.65 108
0.48128 0.34779 3.00 174
-0.37034 0.38439 3.00 173
-0.31426 0.66649 2.59 99
-0.13261 0.72811 2.95 163
-1.54278 0.63826 3.11 193
-1.10911 0.77503 3.56 309
0.62833 1.02447 0.98 15
1.95922 1.31695 3.88 460
0.02506 1.65406 3.65 343
0.02506 1.65406 3.68 353
0.84874 1.71203 3.37 252
-0.30648 1.70810 3.89 464
