-0.37230 -1.69678 3.87 447
1.18925 -1.34354 3.19 211
1.83499 -1.46707 3.60 324
-0.27243 -1.21818 3.69 356
-1.41749 -1.29280 4.00 514
1.55305 -1.29399 2.84 140
1.96143 -1.38001 3.81 411
1.62884 -1.10879 2.58 98
1.30501 -0.96149 3.31 236
-1.68392 -0.99240 3.50 286
1.88038 -0.94590 3.55 304
0.78875 -0.80077 3.87 449
0.23965 -0.73259 2.95 162
-1.55799 -0.62295 3.73 372
0.04309 -0.52315 3.54 299
-0.09381 -0.50669 3.73 373
1.33033 -0.47828 0.12 7
-0.58502 -0.48468 3.89 462
1.37911 -0.40068 3.60 323
1.67529 -0.35931 2.77 126
1.22593 -0.29176 2.79 130
0.76244 -0.18360 3.93 480
-1.11632 -0.16845 3.04 183
1.49054 -0.14172 3.36 248
1.73305 -0.15890 3.81 410
1.68880 -0.07296 1.70 29
1.76858 -0.11930 2.05 54
1.61651 -0.01798 2.23 68
1.02088 0.13668 3.72 367
-0.76783 0.17727 3.47 276
-0.50490 0.22034 2.53 94
0.97613 0.31335 3.69 357
0.30821 0.32057 3.91 471
1.50133 0.37729 1.64 26
0.95618 0.38911 3.19 210
1.67019 0.60750 3.54 300
-0.20174 0.48412 3.60 322
-0.17036 0.52225 3.74 376
0.27506 0.67616 3.47 277
0.65535 0.88415 3.40 258
0.53321 0.86334 3.65 342
0.65415 0.88944 3.84 425
0.75683 0.92852 0.85 13
0.57627 0.97810 3.76 386
0.65473 1.08171 3.53 294
-1.50510 1.28912 2.64 106
1.71374 1.34957 3.00 172
-1.30336 1.43562 2.00 49
0.09932 1.36090 2.87 146
0.12159 1.35797 3.63 339
0.06467 1.36101 3.70 361
0.07730 1.37739 3.87 448
-0.67418 1.60447 3.63 338
1.52052 1.85380 1.65 27
-1.53093 1.93193 3.41 262
