-0.36098 -1.69030 2.64 106
-0.17454 -1.51600 2.00 49
1.20569 -1.37006 2.87 146
1.23103 -1.36927 3.63 339
1.16790 -1.37593 3.70 361
1.17648 -1.35662 3.87 448
0.38428 -1.26162 3.63 338
-1.70970 -0.89867 2.06 55
-0.33195 -1.12156 3.41 262
-1.24368 -0.90428 3.27 226
1.13881 -0.86276 2.85 141
1.00881 -0.86562 3.83 419
-0.11768 -0.81370 3.00 171
-0.78985 -0.70600 2.06 56
0.47739 -0.56954 3.39 257
-0.89252 -0.51441 3.87 446
0.49032 -0.44958 2.12 62
1.02507 -0.39040 2.89 151
1.71265 -0.05578 3.75 379
-0.15936 -0.40561 2.26 73
0.84758 -0.28724 3.77 391
1.61269 0.08529 2.99 168
0.46864 -0.23762 3.80 404
-1.52908 0.22272 3.82 418
0.74439 -0.01653 3.01 175
-0.36895 -0.04734 3.57 312
0.55178 0.05222 1.79 34
0.27547 0.16313 3.95 488
0.35439 0.21426 2.93 159
-0.81080 0.35721 3.66 346
0.22958 0.32673 3.76 385
-0.73394 0.48428 2.23 67
-0.64879 0.52866 3.44 269
-1.61690 1.21689 3.75 384
-0.90084 0.71949 2.27 74
-0.54945 0.66495 2.47 91
-0.36247 0.58689 2.68 110
-0.15500 0.74738 3.38 254
-1.13485 1.41740 3.52 293
-1.23062 2.05465 3.23 219
-0.07176 1.25700 3.98 509
-0.49204 1.78980 3.21 216
