0.14360 -1.64996 2.77 127
1.82225 -1.41992 3.84 431
0.73852 -1.38663 3.14 203
-0.26816 -1.35282 2.00 50
-0.58785 -1.27977 2.23 69
-0.48578 -1.31560 3.84 430
-1.24962 -1.15589 2.70 118
1.11968 -1.13808 3.42 266
1.38332 -1.01073 3.83 423
-0.65174 -1.12172 3.68 354
1.24028 -1.01153 3.70 362
-1.35314 -0.90954 3.58 318
0.48696 -1.02779 3.92 478
0.25370 -1.00458 2.81 135
-0.75315 -0.85002 3.47 280
0.60385 -0.66767 3.16 204
1.05994 -0.54765 3.86 444
1.49110 -0.30960 0.03 5
-1.17081 -0.45129 3.03 181
0.24099 -0.58749 3.53 297
-0.80744 -0.42344 3.50 287
0.73898 -0.11891 3.80 409
-0.00239 -0.19588 3.89 465
-1.34341 0.31550 1.86 39
0.80289 0.21347 2.23 70
1.59236 0.64118 3.79 402
0.57338 0.19250 2.79 131
1.42383 0.64459 3.77 394
-1.36005 0.71356 2.27 75
-1.36006 0.71331 3.95 491
-1.55058 0.94038 1.77 32
0.68397 0.48580 3.75 383
-0.38127 0.51957 3.29 234
0.02577 0.61948 2.74 122
-0.79585 1.00496 3.65 344
0.27611 0.88328 3.17 208
0.89086 1.30980 3.07 188
-1.29897 2.00478 3.84 429
-1.04292 1.65416 3.87 453
1.28127 2.16979 3.23 219
0.94702 1.58650 3.83 424
-0.26302 1.25301 3.05 187
0.50739 1.41576 3.57 315
-0.35058 1.43633 2.08 59
0.87303 2.96199 3.21 216
