-0.54291 -1.42060 1.16 17
-0.39572 -0.89155 3.66 349
-0.22011 -0.82320 3.97 508
0.84420 -0.73845 2.04 53
-1.59325 -0.71138 2.87 148
-1.70857 -0.76139 3.68 355
-0.59676 -0.59750 3.27 231
1.78286 -0.72583 3.50 286
1.22136 -0.31814 3.45 273
0.52303 -0.21012 3.56 306
1.46820 -0.21741 3.60 321
-0.63256 -0.14563 3.74 378
-1.08334 0.18741 3.84 432
-1.32960 0.24733 2.96 165
-0.30661 0.44341 3.69 359
-1.27400 0.62964 3.53 298
-1.71819 0.88618 2.39 83
-0.81088 0.88237 3.40 260
-0.48460 1.12925 2.49 92
0.45664 1.12677 2.83 138
1.65881 1.24347 3.62 331
-0.75475 1.69535 3.95 493
-0.70542 1.76407 3.48 284
