-1.29492 -1.75573 2.70 117
-0.91161 -1.71874 3.61 328
-0.23874 -1.44417 3.97 502
-0.19844 -1.30632 3.68 352
-1.73791 -1.55481 3.96 496
-1.23868 -1.20117 2.45 89
-1.62336 -1.27058 1.50 23
-0.96608 -1.12704 3.96 497
-1.58149 -1.18946 3.47 278
-1.48731 -1.06554 1.84 36
-1.38773 -1.06877 3.85 436
-0.66479 -0.80758 2.81 134
-0.90605 -0.86787 3.34 242
-1.72872 -0.97412 3.87 451
-1.58666 -0.92083 3.02 180
1.51324 -0.43341 3.11 193
1.15132 -0.42829 3.81 412
0.94377 -0.15635 3.61 329
-1.07082 -0.00701 3.93 481
0.36354 0.06789 1.98 48
-0.46042 0.32217 3.90 468
0.54038 0.47278 3.91 473
0.19513 0.66387 3.88 457
-1.15403 0.84675 0.38 8
-0.06322 0.86865 3.11 192
-0.18192 0.89642 3.38 255
-1.36191 1.04724 2.90 156
-0.61056 1.06760 3.52 290
0.57836 1.10951 3.52 291
1.36618 1.11305 3.85 438
0.98786 1.25941 1.35 22
0.98882 1.58040 3.52 292
-1.56140 1.63068 3.58 317
-0.21929 1.62949 3.94 484
1.20467 1.82705 2.61 102
1.20475 1.82698 3.80 406
