-1.04562 -1.92429 3.42 267
-1.26207 -2.13360 3.56 311
1.53125 -2.30517 3.85 433
0.95219 -1.48301 2.86 144
-0.57421 -1.21760 2.86 145
-1.23649 -1.43310 3.65 345
-0.16601 -1.00893 3.99 513
0.89656 -1.15047 0.46 9
-1.53367 -1.51852 1.94 44
0.69889 -0.94477 3.92 477
-0.43667 -0.64757 3.49 285
1.36764 -1.00741 3.56 307
1.17497 -0.91186 3.70 360
0.99967 -0.67482 3.95 487
-0.85016 -0.49820 1.74 31
-0.52674 -0.41576 2.10 61
0.79931 -0.46947 3.31 235
-0.27846 -0.29202 3.90 470
0.27408 -0.31866 3.88 456
-0.68922 -0.25962 3.97 507
1.07478 -0.35420 3.41 261
0.44616 -0.22675 3.94 483
0.45658 -0.15359 2.39 82
-1.15389 -0.02528 3.01 178
-0.49937 0.53348 1.16 17
-0.40078 1.02632 3.66 349
-0.22588 1.09736 3.97 508
0.88077 1.18810 2.04 53
-1.67117 1.21772 2.87 148
-1.77457 1.16324 3.68 355
-0.64038 1.34591 3.27 231
1.86472 1.20187 3.50 286
1.38921 1.68688 3.45 273
