-1.39995 -3.10510 3.87 452
0.35330 -1.67821 3.96 500
-1.38289 -2.84936 3.62 333
-0.57464 -1.50083 1.92 42
-1.03286 -1.82613 2.89 152
0.71403 -1.37524 3.42 267
0.50861 -1.27585 3.56 311
-1.39523 -1.87184 3.19 212
-0.32638 -1.12720 3.62 336
-1.02936 -1.37798 2.85 142
-0.89606 -1.30478 3.85 440
-1.62725 -1.71673 -0.01 4
-1.62721 -1.71671 1.33 21
1.50500 -1.52885 2.86 145
-0.46533 -0.91741 3.62 335
-0.77880 -0.92909 3.76 388
0.96940 -0.98456 3.65 345
0.79024 -0.78985 1.94 44
-0.56090 -0.68997 3.34 244
-0.57263 -0.64403 2.85 143
-0.77139 -0.73685 3.13 201
-0.28546 -0.28690 3.66 348
-0.58797 -0.32694 2.95 164
1.07945 -0.32984 3.11 195
-0.12015 -0.05384 3.51 288
-0.86083 -0.02102 3.33 241
-0.61268 0.04875 1.87 40
-1.05561 -0.02661 3.62 334
-0.53648 0.21933 3.03 182
0.44486 0.20516 3.97 506
-0.59998 0.26999 2.41 84
-1.16769 0.19643 3.08 189
-1.16299 0.19963 3.57 314
-0.71620 0.35800 1.63 25
-0.74524 0.34189 2.69 116
-0.53909 0.38888 3.21 215
-0.24051 0.43304 3.11 194
-0.17640 0.56626 1.85 37
-1.26324 0.39780 2.29 76
-0.40543 0.77464 2.99 169
0.26978 0.81450 2.60 101
-0.22683 0.81950 2.70 119
-1.59038 0.69888 2.82 137
0.33227 0.93906 3.32 240
-1.73202 0.78298 0.96 14
0.19179 1.02619 2.02 52
0.07031 0.98788 3.17 209
-0.15304 1.07937 2.81 136
-1.01844 1.02781 3.27 230
0.40464 1.34166 2.89 155
0.24025 1.34306 3.51 289
0.33176 1.29940 3.77 393
-0.35625 1.34173 3.86 445
0.59552 1.54048 3.93 482
-1.35870 1.62064 2.43 86
-0.93365 1.68799 3.54 303
