1.56692 -1.99614 2.41 84
-1.66215 -2.06353 3.88 459
0.87423 -1.71615 3.08 189
0.23829 -1.65090 3.41 265
0.88033 -1.71532 3.57 314
1.44945 -1.80448 1.63 25
1.40667 -1.80518 2.69 116
1.69633 -1.88589 3.21 215
-0.70002 -1.66411 4.00 518
-1.16635 -1.66646 2.06 58
-1.85267 -1.91892 2.75 123
-0.21736 -1.50561 3.56 310
0.86644 -1.45482 2.29 76
0.13219 -1.33177 3.95 492
-0.01644 -1.09316 3.66 347
0.20734 -1.06343 3.88 461
0.69976 -1.04312 2.82 137
-0.03662 -0.99580 3.58 319
0.62031 -0.92771 0.96 14
0.23418 -0.88268 2.89 153
-1.21860 -1.02937 3.27 229
0.51649 -0.86924 2.89 154
-0.45001 -0.84627 3.29 233
1.34960 -0.94816 3.27 230
0.25573 -0.68520 2.32 80
0.33995 -0.57987 3.96 499
0.32336 -0.53158 2.62 105
-0.63880 -0.34085 2.75 124
1.21906 -0.37109 2.43 86
1.64732 -0.40254 3.54 303
-0.05758 -0.25486 3.91 476
0.76043 -0.04758 2.56 97
-0.30190 0.03026 2.61 103
-0.76925 0.22130 3.88 460
0.51349 0.27888 3.24 222
0.46079 0.33368 2.74 121
0.12829 0.34995 3.53 296
-0.74201 0.64318 3.72 369
0.70166 0.64805 3.82 416
1.87594 0.83261 2.77 128
0.14784 0.78522 3.71 365
0.05866 0.89626 2.65 109
1.12276 1.10223 3.20 213
-0.07240 1.13904 3.80 407
-0.07240 1.13914 3.80 408
1.77177 1.36981 2.08 60
1.42290 1.45972 3.48 283
0.08764 1.44527 3.67 351
0.23357 1.46306 3.85 439
-1.63453 1.78073 2.68 111
-1.27393 1.78701 -0.04 3
0.60893 1.71671 3.75 381
