-0.54717 -0.31195 3.83 422
-0.39234 -0.08790 3.89 466
0.38727 0.01795 3.76 389
0.67250 -0.37131 2.80 132
-0.98528 -0.74656 3.87 452
0.15874 0.36451 3.96 500
-1.03154 -0.61723 3.62 333
-0.68898 0.36480 1.92 42
-1.01172 0.05060 2.89 152
0.45983 0.66529 3.42 267
0.26720 0.72085 3.56 311
-1.31068 -0.03507 3.19 212
-0.54145 0.72441 3.62 336
-1.14036 0.39449 2.85 142
-1.03803 0.47686 3.85 440
1.15600 0.65325 2.86 145
-0.72886 0.90248 3.62 335
-1.04134 0.83932 3.76 388
0.69309 1.06704 3.65 345
0.51501 1.23943 1.94 44
-0.89240 1.12244 3.34 244
-0.91924 1.17067 2.85 143
-1.09836 1.03655 3.13 201
-0.71270 1.64684 3.66 348
