1.25555 -1.69646 2.04 53
-1.40347 -1.58036 2.87 148
-1.52683 -1.63495 3.68 355
-0.36099 -1.47701 3.27 231
1.64129 -1.19207 3.45 273
0.84275 -1.05412 3.56 306
-0.37959 -0.96630 3.74 378
-1.61149 -0.88629 2.91 158
-0.80682 -0.61482 3.84 432
-1.03718 -0.55450 2.96 165
-0.03780 -0.35806 3.69 359
-0.95124 -0.18624 3.53 298
-1.32680 0.04164 2.39 83
-0.50669 0.05214 3.40 260
-0.19613 0.27866 2.49 92
0.69601 0.29714 2.83 138
-0.42127 0.74619 3.95 493
-0.37575 0.80255 3.48 284
-0.93547 0.90090 3.76 390
-0.20003 0.99612 2.42 85
0.60128 1.08491 2.06 55
-0.45533 1.13955 2.94 161
-1.70534 1.38046 3.20 214
1.00116 1.25456 3.27 226
1.40269 1.67901 2.06 56
-1.61604 1.93565 3.72 371
1.20177 1.83295 3.87 446
