-0.93524 -1.70434 2.65 108
-0.29245 -1.63411 3.00 174
-1.31390 -1.70389 3.00 173
-1.21022 -1.33519 2.59 99
1.00149 -1.21570 2.75 124
-0.99111 -1.24515 2.95 163
1.72891 -1.21462 3.91 476
-0.20090 -0.88229 0.98 15
1.39691 -0.83010 2.61 103
0.86934 -0.58420 3.88 460
-0.79585 -0.34624 3.65 343
-0.79585 -0.34624 3.68 353
-0.07074 -0.29786 3.37 252
-1.11331 -0.30396 3.89 464
-1.57206 -0.16005 3.61 330
0.90480 -0.16067 3.72 369
-0.59550 -0.08162 3.38 256
-0.49967 0.32523 2.83 139
1.64030 0.37183 3.80 407
1.64030 0.37193 3.80 408
-1.56432 0.61118 2.14 63
1.82189 0.69830 3.67 351
0.19025 0.72608 2.68 111
0.46440 0.78052 -0.04 3
1.58903 1.40718 2.23 69
1.72422 1.40991 3.84 430
0.84969 1.29239 2.70 118
1.47158 1.54819 3.68 354
0.66704 1.48403 3.58 318
1.27083 1.80551 3.47 280
-2.02545 2.02266 3.48 282
