0.48656 -1.78675 1.86 38
0.93095 -1.94384 2.25 72
0.88579 -1.89703 3.44 270
1.81526 -2.56655 3.78 399
1.57092 -2.33251 3.82 415
1.96278 -2.73049 3.91 474
1.09886 -1.85594 3.13 198
1.05744 -1.67915 2.50 93
-1.47697 -1.92672 3.27 227
0.72535 -1.52060 1.96 45
1.39915 -1.83630 3.54 301
-0.49186 -1.32351 -0.72 2
0.32000 -1.31161 3.47 279
0.70736 -1.39396 3.62 332
-0.84560 -1.31554 3.85 434
-0.27094 -1.15825 2.93 160
0.46955 -0.98823 1.78 33
1.01394 -1.11478 3.75 380
0.78023 -1.01434 3.84 426
0.84162 -0.99382 3.91 472
1.10850 -0.91416 2.21 66
-0.42178 -0.74021 3.17 206
0.09158 -0.72000 3.25 224
-0.82321 -0.79380 3.96 495
0.45248 -0.56439 2.25 71
1.42034 -0.83638 3.60 327
0.33129 -0.58303 3.73 374
-0.03046 -0.37863 2.70 117
0.26725 -0.43470 3.61 328
-0.99131 -0.42167 3.12 196
-1.23337 -0.46506 3.87 450
0.89145 -0.37382 3.97 502
-1.14830 -0.36004 2.64 107
0.95450 -0.26574 3.68 352
-0.65004 -0.22811 3.85 435
-0.33885 -0.14520 3.96 496
-0.69505 -0.04896 3.02 179
0.04737 0.03677 2.45 89
-0.24855 0.04892 1.50 23
0.27701 0.04849 3.96 497
-0.21468 0.10561 3.47 278
-0.13828 0.19006 1.84 36
-0.06155 0.17110 3.85 436
0.58339 0.27809 2.81 134
0.35532 0.26387 3.34 242
-0.31556 0.30231 3.87 451
-0.20743 0.32534 3.02 180
-1.23278 0.30258 3.60 324
-1.49204 0.36130 2.84 140
-1.15555 0.40634 3.81 411
-0.55708 0.55912 3.95 489
-0.75131 0.61886 1.98 46
-1.46900 0.54639 2.58 98
-0.45768 0.70742 -1.46 1
-1.81539 0.59794 3.31 236
-1.29380 0.75411 3.55 304
-1.15947 0.80768 3.71 363
-1.35008 1.07702 2.06 57
0.29735 1.13108 3.93 481
-1.92117 1.23204 3.60 323
-0.96195 1.31963 3.98 510
-1.61530 1.31692 2.77 126
0.99331 1.47799 3.90 468
-1.88425 1.56658 3.36 248
-1.61351 1.55727 3.81 410
-1.68534 1.66183 1.70 29
-1.58848 1.60687 2.05 54
-1.78242 1.73147 2.23 68
