1.52462 -1.92347 3.27 230
0.28177 -1.59617 2.32 80
0.37090 -1.46954 3.96 499
0.35123 -1.41232 2.62 105
-0.68182 -1.19120 2.75 124
1.30474 -1.22575 2.43 86
1.76816 -1.26188 3.54 303
-0.06098 -1.09400 3.91 476
0.79057 -0.86577 2.56 97
-0.31172 -0.78222 2.61 103
-0.78115 -0.58191 3.88 460
0.51885 -0.52284 3.24 222
0.46341 -0.46715 2.74 121
0.12884 -0.45071 3.53 296
-0.72697 -0.16219 3.72 369
0.68716 -0.15752 3.82 416
1.80933 0.01682 2.77 128
0.14315 -0.02744 3.71 365
0.05629 0.07571 2.65 109
1.05944 0.26219 3.20 213
-0.06812 0.29487 3.80 407
-0.06812 0.29496 3.80 408
1.63667 0.49543 2.08 60
1.30517 0.57161 3.48 283
0.08048 0.55944 3.67 351
0.21419 0.57442 3.85 439
-1.46262 0.83510 2.68 111
-1.13941 0.84011 -0.04 3
0.54756 0.78358 3.75 381
0.65644 0.92748 2.77 127
1.28633 1.21765 3.14 203
0.24966 1.16707 2.00 50
-0.06776 1.21105 2.23 69
0.03502 1.18507 3.84 430
-0.71404 1.27511 2.70 118
1.78222 1.52739 3.42 266
-0.15468 1.36242 3.68 354
1.97536 1.69736 3.70 362
-0.88784 1.51608 3.58 318
1.05613 1.58469 3.92 478
0.79187 1.58495 2.81 135
-0.30953 1.64821 3.47 280
