-0.62536 -1.73342 0.38 8
0.53802 -1.68394 3.11 192
0.40357 -1.65316 3.38 255
-0.78865 -1.51492 2.90 156
-0.05070 -1.47047 3.52 290
1.21385 -1.38334 3.52 291
1.62724 -1.20412 1.35 22
-1.38492 -1.16476 3.36 249
-1.44561 -0.92540 1.93 43
1.51845 -0.89170 3.52 292
-0.84520 -0.98032 3.58 317
0.32599 -0.91476 3.94 484
1.65826 -0.66736 2.61 102
1.65836 -0.66742 3.80 406
-0.99845 -0.72169 3.79 400
-0.76766 -0.66409 3.53 295
-1.56017 -0.51347 2.88 149
-1.68328 -0.48881 3.28 232
1.09588 -0.51800 2.98 167
1.53770 -0.46074 3.44 271
-0.43919 -0.55468 3.57 313
-1.21627 -0.41734 2.98 166
1.15912 -0.37553 3.88 458
-0.64914 -0.34785 3.79 401
-0.41102 -0.35711 1.14 16
-0.51576 -0.13815 1.98 47
-0.51576 -0.13813 2.88 150
-0.98451 0.05081 3.60 325
0.67658 0.01898 3.13 197
0.63205 0.14457 3.82 414
-1.57928 0.41946 2.62 104
-1.63825 0.56876 3.97 501
1.27544 0.57889 3.05 185
0.40661 0.38583 3.97 503
1.19131 0.63651 3.45 274
-1.40740 0.85258 1.90 41
1.75499 0.99259 3.01 177
0.40425 0.68381 3.60 326
0.35811 0.72761 3.14 202
0.63188 0.99368 3.17 207
-1.19145 1.38799 3.72 368
1.32755 1.62782 2.37 81
0.68682 1.48567 3.80 405
0.07393 1.46584 3.36 250
1.18105 1.96716 1.79 35
0.48916 1.69836 3.67 350
