-1.16583 -2.84312 3.24 221
0.26757 -1.72890 4.00 517
0.84906 -1.96326 3.87 452
-0.43540 -1.69168 3.95 490
0.99532 -2.07502 3.62 333
0.26808 -1.45279 3.32 238
-0.63581 -1.64545 3.78 398
-0.03442 -1.39988 1.68 28
0.99493 -1.82957 2.69 115
1.08287 -1.82493 3.05 186
-0.66117 -1.47100 3.98 511
0.81511 -1.47656 3.64 341
-0.31195 -1.21167 3.77 392
-0.10012 -1.19490 4.00 516
0.16130 -1.12001 3.01 176
0.50380 -1.15836 2.76 125
1.17639 -1.46947 1.33 20
1.17644 -1.46954 1.73 30
0.85927 -1.23468 3.13 199
0.16211 -0.96728 3.69 358
-1.45259 -1.68514 3.76 387
-0.05631 -0.94885 3.97 504
-0.99228 -1.24079 3.27 228
0.47343 -0.98013 3.32 239
0.37875 -0.93416 3.40 259
1.24142 -1.30508 3.59 320
-0.16853 -0.85965 3.84 427
1.45440 -1.42898 1.25 18
-0.40011 -0.83165 1.86 38
-0.02035 -0.77360 2.25 72
1.25535 -1.18782 2.80 133
-0.06366 -0.75720 3.44 270
0.66298 -0.87058 3.78 399
0.48192 -0.80655 3.82 415
0.76853 -0.92041 3.91 474
1.43547 -1.19869 1.63 24
0.08282 -0.64982 3.13 198
0.01632 -0.53669 2.50 93
-0.27469 -0.53764 1.96 45
0.28778 -0.53158 3.54 301
0.95613 -0.72154 3.89 463
-1.47028 -0.88775 -0.72 2
-0.67540 -0.52625 3.47 279
-0.32107 -0.44548 3.62 332
1.44240 -0.84584 3.96 498
1.46665 -0.74365 2.60 100
-1.30175 -0.64220 2.93 160
1.66971 -0.83879 3.91 475
0.75789 -0.34560 2.69 114
0.68961 -0.25904 3.84 428
-0.63838 -0.19685 1.78 33
-0.14322 -0.11498 3.75 380
-0.35948 -0.11003 3.84 426
-0.31338 -0.07203 3.91 472
-0.11569 0.08111 2.21 66
-1.64571 -0.32071 3.17 206
-1.09306 -0.09471 3.25 224
0.54218 0.10914 3.85 437
-0.78865 0.18015 2.25 71
0.10834 0.23939 3.60 327
-0.90069 0.12127 3.73 374
-1.35886 0.19471 2.70 117
-1.01825 0.24259 3.61 328
-0.43980 0.49668 3.97 502
-0.41433 0.61740 3.68 352
1.61710 0.44808 3.54 302
-1.45031 0.66381 2.45 89
-1.19465 0.74613 3.96 497
-1.74820 0.78134 1.84 36
-1.64333 0.78279 3.85 436
-0.95338 1.08160 2.81 134
-1.19582 1.00754 3.34 242
1.34885 1.58667 3.11 193
0.96935 1.58131 3.81 412
