-1.06892 -1.73448 3.49 285
0.91461 -1.68748 3.56 307
0.71147 -1.62722 3.70 360
0.49168 -1.40381 3.95 487
1.33303 -1.74844 4.00 515
-1.60123 -1.65963 1.74 31
-1.19957 -1.46811 2.10 61
0.25588 -1.22233 3.31 235
-0.91679 -1.25878 3.90 470
-0.30370 -1.16715 3.88 456
-1.41050 -1.31707 3.97 507
0.49566 -1.04440 3.41 261
-0.13980 -1.03087 3.94 483
-0.14103 -0.95019 2.39 82
1.56114 -1.15766 3.24 220
-1.24127 -0.38555 1.16 17
-1.16994 0.11861 3.66 349
1.02491 0.14328 4.00 514
-0.99246 0.20251 3.97 508
0.04564 0.37387 2.04 53
-1.44715 0.39773 3.27 231
0.84574 0.45180 3.50 286
0.38788 0.79978 3.45 273
0.99247 0.76662 3.73 372
-0.28144 0.87981 3.56 306
0.61064 0.91005 3.60 321
-1.58737 0.90149 3.74 378
1.51205 1.21097 3.04 183
-1.30538 1.65116 3.69 359
2.06492 1.66895 3.47 276
