-0.80117 -1.69653 3.67 351
-0.64322 -1.68966 3.85 439
-0.25205 -1.46904 3.75 381
-0.13168 -1.32136 2.77 127
1.44723 -1.17040 3.84 431
0.45106 -1.10069 3.14 203
-0.51394 -1.03043 2.00 50
-0.82618 -0.94840 2.23 69
-0.72650 -0.98658 3.84 430
-1.49013 -0.80069 2.70 118
0.82851 -0.88673 3.42 266
1.08514 -0.78021 3.83 423
-0.88328 -0.79471 3.68 354
0.95209 -0.77470 3.70 362
-1.59097 -0.55476 3.58 318
0.23829 -0.75651 3.92 478
0.01494 -0.72404 2.81 135
1.67382 -0.37402 3.24 223
1.53913 -0.37403 3.45 275
-0.97443 -0.52683 3.47 280
0.37709 -0.42009 3.16 204
0.82328 -0.32925 3.86 444
1.25266 -0.12528 0.03 5
-1.38992 -0.10808 3.03 181
0.03006 -0.32357 3.53 297
-1.01313 -0.10201 3.50 287
0.55088 0.10512 3.80 409
-0.18578 0.07564 3.89 465
-1.55211 0.69559 1.86 39
0.64072 0.43089 2.23 70
1.44608 0.80243 3.79 402
0.41345 0.42594 2.79 131
1.28435 0.81894 3.77 394
-1.56037 1.12301 2.27 75
-1.56039 1.12274 3.95 491
0.54638 0.71478 3.75 383
-0.53018 0.83341 3.29 234
-0.10564 0.90469 2.74 122
1.60647 1.79734 3.43 268
-0.94300 1.38742 3.65 344
0.16787 1.15990 3.17 208
0.82452 1.55496 3.07 188
-1.45884 2.56935 3.84 429
-1.18533 2.13473 3.87 453
1.30348 2.44691 3.23 219
0.90692 1.84579 3.83 424
-0.36546 1.60585 3.05 187
0.44520 1.70590 3.57 315
-0.44729 1.81567 2.08 59
