0.57183 -1.77732 2.60 101
0.01320 -1.74302 2.70 119
-1.48462 -1.81525 2.82 137
0.63149 -1.62807 3.32 240
-1.59254 -1.70598 0.96 14
0.47150 -1.52020 2.02 52
0.34175 -1.55810 3.17 209
0.10576 -1.44578 2.81 136
-1.73419 -1.67631 2.89 154
-0.78606 -1.46416 3.27 230
0.67066 -1.19648 2.89 155
0.50504 -1.18953 3.51 289
0.60033 -1.23574 3.77 393
-0.08275 -1.17097 3.86 445
0.83840 -1.01534 3.93 482
-0.95299 -0.89699 2.43 86
-0.56910 -0.85182 3.54 303
1.77308 -0.92861 3.08 191
1.72091 -0.77731 3.57 316
-1.46373 -0.62944 2.56 97
-0.27898 -0.52586 3.34 245
0.20201 -0.44143 3.85 441
-1.78495 -0.28937 3.24 222
0.62193 -0.26506 3.44 272
0.01738 -0.15394 3.26 225
1.60459 -0.04928 3.23 218
-1.56716 0.11847 3.82 416
1.29782 0.05802 3.90 469
-0.42869 0.14517 3.75 382
-0.25735 0.15624 3.97 505
0.89325 0.17242 3.36 251
-0.48865 0.24596 2.77 128
1.34260 0.37316 3.71 366
1.27140 0.51414 0.77 12
-1.14163 0.53613 3.20 213
-0.16797 0.51299 3.73 375
1.20147 0.61253 2.72 120
-0.60559 0.69060 2.08 60
0.61035 0.76523 2.99 170
-0.89114 0.81281 3.48 283
1.21881 1.09805 3.82 417
1.39755 1.18432 3.47 281
-1.72135 1.21336 3.75 381
-1.57882 1.34864 2.77 127
0.04906 1.21421 3.84 431
-0.88562 1.46570 3.14 203
0.96904 1.69366 3.08 190
-0.44812 1.61469 3.42 266
-0.16539 1.67113 3.83 423
-0.29587 1.71037 3.70 362
