0.18556 -1.38609 3.83 422
0.45463 -1.54096 3.89 466
0.77791 -2.68509 3.76 389
-0.70712 -1.37562 4.00 517
-0.28572 -0.97938 3.87 452
-1.16051 -2.11738 3.95 490
1.15873 -2.25607 3.96 500
-0.16492 -0.91678 3.62 333
-0.91175 -1.24537 3.32 238
-1.14271 -1.52785 1.68 28
0.88219 -1.13018 1.92 42
-0.30461 -0.80608 2.69 115
0.48540 -0.84193 2.89 152
-0.27193 -0.73838 3.05 186
-0.60423 -0.77563 3.64 341
-1.37026 -1.49948 4.00 516
-1.25181 -1.18202 3.01 176
-1.00077 -0.87498 2.76 125
0.35494 -0.57949 3.19 212
1.32893 -1.24534 3.62 336
-0.44330 -0.49711 1.33 20
-0.44323 -0.49710 1.73 30
0.79940 -0.67006 2.85 142
-0.74662 -0.61500 3.13 199
0.90695 -0.75450 3.85 440
-1.38728 -1.09846 3.69 358
-1.16295 -0.80447 3.32 239
-1.26443 -0.86653 3.40 259
0.38656 -0.35505 -0.01 4
0.15687 -0.29305 0.61 11
0.38658 -0.35507 1.33 21
-0.51598 -0.36551 3.59 320
1.45738 -1.00715 3.62 335
-0.35077 -0.28413 1.25 18
1.27715 -0.69727 3.76 388
-0.58370 -0.29284 2.80 133
-1.13184 -0.57382 3.78 399
-1.30429 -0.69650 3.82 415
-1.02788 -0.51400 3.91 474
-0.49560 -0.17520 1.63 24
1.46151 -0.61313 3.13 201
-1.07003 -0.24554 3.89 463
-0.00090 0.08139 2.30 77
0.75403 0.03245 3.41 264
-0.71713 0.02875 3.96 498
-0.77352 0.10570 2.60 100
-0.61375 0.17871 3.91 475
-1.51784 -0.16285 2.69 114
-0.51294 0.27177 2.17 64
-1.65032 -0.16085 3.84 428
-0.55158 0.28726 3.86 443
0.81208 0.20874 3.87 455
0.56229 0.34950 2.30 78
0.14112 0.40811 2.55 95
0.36753 0.45526 3.55 305
0.99218 0.39145 3.37 253
0.17868 0.54157 3.87 454
0.78109 0.54433 2.68 112
0.56149 0.64599 2.31 79
0.09639 0.67401 3.04 184
0.80415 0.59953 3.13 200
0.18454 0.69114 3.83 421
1.20089 0.53964 2.78 129
0.09676 0.71794 3.41 263
1.06514 0.61683 3.22 217
-0.09529 0.84713 3.88 459
1.55963 0.58743 3.41 265
0.68341 0.88178 4.00 518
0.30107 1.01387 2.06 58
-0.21742 0.99887 2.75 123
1.16773 0.86656 3.56 310
1.60047 0.91012 3.95 492
-1.60483 1.03735 3.54 302
1.55570 1.20580 3.66 347
1.83372 1.16268 3.88 461
1.58315 1.32152 3.58 319
0.35563 1.62762 3.27 229
1.18214 1.62742 3.29 233
