-0.08853 -1.36302 3.83 422
0.20296 -1.38217 3.89 466
0.83887 -2.22487 3.76 389
0.65351 -2.96751 2.80 132
-0.96659 -1.78807 4.00 517
-0.68377 -1.19777 3.87 452
1.00004 -1.68785 3.96 500
-0.58702 -1.08331 3.62 333
-1.23793 -1.76765 3.32 238
0.42986 -0.84057 1.92 42
-0.76725 -1.03985 2.69 115
-0.00541 -0.73993 2.89 152
-0.75950 -0.96007 3.05 186
1.42486 -1.56955 3.56 311
-1.08987 -1.14765 3.64 341
-1.48663 -1.44144 2.76 125
-0.21335 -0.55077 3.19 212
0.82204 -0.76914 3.62 336
-1.02715 -0.80034 1.33 20
-1.02709 -0.80031 1.73 30
0.21059 -0.46519 2.85 142
-1.30714 -1.05453 3.13 199
0.32902 -0.50066 3.85 440
-0.26230 -0.33103 -0.01 4
-0.50033 -0.35920 0.61 11
-0.26228 -0.33104 1.33 21
-1.15502 -0.70177 3.59 320
0.84783 -0.52104 3.62 335
-1.01177 -0.55169 1.25 18
0.61231 -0.31923 3.76 388
-1.25642 -0.65848 2.80 133
-1.20728 -0.50373 1.63 24
0.91858 -0.28780 3.34 244
0.93898 -0.24518 2.85 143
0.73080 -0.18496 3.13 201
-0.79127 -0.05978 2.30 77
-0.06295 0.15321 3.41 264
-1.53229 -0.38959 3.96 498
-1.62760 -0.33395 2.60 100
1.43517 -0.15930 3.66 348
-1.47663 -0.19487 3.91 475
1.13813 0.01410 2.95 164
-1.40195 -0.06136 2.17 64
-1.45082 -0.06034 3.86 443
-0.07098 0.33265 3.87 455
-0.34520 0.38492 2.30 78
-0.76991 0.30526 2.55 95
-0.56600 0.42349 3.55 305
0.02570 0.55293 3.37 253
-0.78154 0.44645 3.87 454
-0.21244 0.63179 2.68 112
1.11942 0.43734 3.33 241
1.38543 0.34793 1.87 40
-0.44960 0.66289 2.31 79
-0.91292 0.54925 3.04 184
-0.21047 0.68943 3.13 200
0.95826 0.54316 3.62 334
-0.83061 0.59325 3.83 421
0.15575 0.74507 2.78 129
-0.92888 0.59232 3.41 263
1.58823 0.45406 3.03 182
0.01425 0.77782 3.22 217
1.56650 0.54033 2.41 84
-1.17616 0.66054 3.88 459
1.01458 0.79386 3.08 189
0.43615 0.88163 3.41 265
1.02043 0.79421 3.57 314
1.52357 0.69188 1.63 25
1.48368 0.69366 2.69 116
1.72252 0.61531 3.21 215
-0.41823 0.91909 4.00 518
-0.83294 0.94075 2.06 58
-1.36525 0.77555 2.75 123
0.02041 1.03122 3.56 310
1.07070 1.02060 2.29 76
0.36778 1.17490 3.95 492
0.23760 1.42664 3.66 347
0.47562 1.44787 3.88 461
1.00644 1.44548 2.82 137
0.22338 1.53556 3.58 319
0.94968 1.58182 0.96 14
0.53044 1.65453 2.89 153
-1.00421 1.55507 3.27 229
0.84816 1.65698 2.89 154
-0.22014 1.73149 3.29 233
