0.88306 -1.86187 2.69 114
0.79239 -1.74599 3.84 428
-0.72631 -1.66469 1.78 33
-0.16087 -1.56008 3.75 380
-0.40345 -1.55383 3.84 426
-0.34964 -1.50624 3.91 472
-0.12608 -1.32005 2.21 66
-1.90979 -1.82823 3.17 206
-1.22384 -1.53457 3.25 224
0.58838 -1.28689 3.85 437
-0.84678 -1.20415 2.25 71
0.11531 -1.13646 3.60 327
-0.97565 -1.27263 3.73 374
-1.45585 -1.18740 2.70 117
-1.08320 -1.13283 3.61 328
-0.45091 -0.85570 3.97 502
-0.41762 -0.73095 3.68 352
1.66952 -0.90714 3.54 302
-1.45236 -0.68411 2.45 89
-1.18278 -0.60249 3.96 497
-1.72249 -0.56815 1.84 36
-1.61884 -0.56673 3.85 436
-0.90224 -0.28816 2.81 134
-1.14283 -0.35515 3.34 242
1.19697 0.13599 3.11 193
0.86077 0.13177 3.81 412
1.67051 0.16381 3.56 309
0.67109 0.39204 3.61 329
-1.39327 0.50918 3.93 481
0.10150 0.60948 1.98 48
-0.76227 0.87065 3.90 468
0.27896 1.03803 3.91 473
-0.08075 1.24772 3.88 457
-1.57863 1.46762 0.38 8
-0.36250 1.48138 3.11 192
-0.49267 1.51478 3.38 255
-1.84668 1.71213 2.90 156
-0.97974 1.72296 3.52 290
0.31978 1.75045 3.52 291
1.13510 1.74016 3.85 438
