0.02989 -1.70223 3.24 221
1.27757 -3.39443 4.00 517
1.01489 -2.22647 3.95 490
0.98825 -1.95541 3.78 398
1.51278 -2.78868 1.68 28
1.14163 -1.87590 3.98 511
1.58028 -2.28937 3.77 392
0.02521 -1.09511 3.85 433
0.22127 -0.97246 3.35 246
0.73050 -1.12984 3.76 387
-0.66801 -1.04212 2.86 144
1.23038 -1.42010 3.27 228
-0.90548 -0.87224 0.46 9
0.41765 -0.57964 3.27 227
-1.18421 -0.88901 3.92 477
1.36400 -0.82001 -0.72 2
-0.69877 -0.44842 3.56 307
-0.87252 -0.51123 3.70 360
1.08590 -0.56522 3.85 434
1.67326 -0.87044 2.93 160
-1.14527 -0.46674 3.95 487
-0.39655 -0.29083 4.00 515
-1.45015 -0.45983 3.31 235
-1.31040 -0.17638 3.41 261
0.33469 0.12690 3.86 442
1.40337 -0.18302 3.96 495
-0.42510 0.22449 3.24 220
1.48902 0.23508 3.12 196
1.25560 0.32747 3.87 450
1.38926 0.37507 2.64 107
0.49561 0.56276 3.96 494
0.42738 0.58195 3.56 308
0.66092 0.74041 3.82 413
-0.33791 0.86206 3.87 447
1.16637 1.17650 3.19 211
1.75036 1.06093 3.60 324
-0.27505 1.30064 3.69 356
-1.40651 1.22588 4.00 514
1.54059 1.22471 2.84 140
1.90782 1.14171 3.81 411
1.68790 1.41509 2.58 98
1.40211 1.57908 3.31 236
-1.79533 1.54367 3.50 286
