-0.50386 -1.84336 3.19 212
0.69462 -1.90553 3.62 336
-1.50601 -2.38806 1.33 20
-1.50592 -2.38800 1.73 30
-0.03278 -1.64617 2.85 142
-1.90413 -2.86734 3.13 199
0.10350 -1.66692 3.85 440
-0.58137 -1.57187 -0.01 4
-0.85572 -1.65499 0.61 11
-0.58134 -1.57188 1.33 21
-1.67156 -2.27509 3.59 320
0.66235 -1.59107 3.62 335
-1.47966 -2.02449 1.25 18
0.37310 -1.39433 3.76 388
-1.80380 -2.23739 2.80 133
-1.72952 -2.00338 1.63 24
0.68081 -1.30474 3.34 244
0.69157 -1.25305 2.85 143
0.46824 -1.21981 3.13 201
-1.20757 -1.33800 2.30 77
-0.40849 -0.97041 3.41 264
1.15364 -1.07963 3.66 348
0.82651 -0.94033 2.95 164
-0.43499 -0.77862 3.87 455
-0.72776 -0.76205 2.30 78
-1.18774 -0.91085 2.55 95
-0.96654 -0.75227 3.55 305
1.45524 -0.94311 3.51 288
-0.35823 -0.53991 3.37 253
-1.20243 -0.75836 3.87 454
-0.60698 -0.49105 2.68 112
0.71409 -0.51865 3.33 241
0.97754 -0.57224 1.87 40
-0.85361 -0.48943 2.31 79
-1.34762 -0.66716 3.04 184
-0.60937 -0.43385 3.13 200
0.54371 -0.43694 3.62 334
-1.25742 -0.60977 3.83 421
-0.25009 -0.33746 2.78 129
-1.36494 -0.62394 3.41 263
1.13280 -0.44803 3.03 182
-0.39228 -0.32231 3.22 217
1.09225 -0.37097 2.41 84
-1.63753 -0.58559 3.88 459
0.54698 -0.20021 3.08 189
0.00127 -0.18045 3.41 265
0.55218 -0.19930 3.57 314
1.01839 -0.23900 1.63 25
0.98329 -0.24152 2.69 116
1.20894 -0.28655 3.21 215
-0.83429 -0.23634 4.00 518
-1.26160 -0.26157 2.06 58
1.55550 -0.38187 3.11 194
-0.41046 -0.08722 3.56 310
1.69569 -0.27892 1.85 37
0.55434 0.00318 2.29 76
-0.09992 0.07176 3.95 492
1.53164 0.02421 2.99 169
-0.24716 0.27211 3.66 347
-0.03625 0.30791 3.88 461
0.42442 0.34578 2.82 137
-0.27122 0.35953 3.58 319
0.35442 0.44777 0.96 14
-0.01384 0.47527 2.89 153
-1.43364 0.27976 3.27 229
0.25739 0.49845 2.89 154
-0.68920 0.48400 3.29 233
1.02903 0.45620 3.27 230
0.00418 0.66718 2.32 80
0.08721 0.77616 3.96 499
0.07032 0.82534 2.62 105
-0.95347 1.00195 2.75 124
0.97517 1.01979 2.43 86
1.38905 0.99794 3.54 303
-0.33544 1.11426 3.91 476
0.53608 1.37233 2.56 97
-0.63025 1.44691 2.61 103
1.86286 1.33935 3.34 245
-1.20627 1.68576 3.88 460
