0.46498 -0.43800 3.83 422
0.59858 -0.68694 3.89 466
-0.84156 -1.18781 3.24 221
-0.20137 0.02778 4.00 517
0.29154 0.10795 3.87 452
-0.76581 -0.24999 3.95 490
0.41936 0.09291 3.62 333
-0.29812 0.22299 3.32 238
-0.95023 -0.30927 3.78 398
-0.56370 0.13033 1.68 28
1.17860 -0.64669 1.92 42
0.36154 0.25451 2.69 115
1.00773 -0.20559 2.89 152
0.42263 0.29220 3.05 186
-1.05636 -0.20317 3.98 511
0.13541 0.43491 3.64 341
-0.88362 0.14721 3.77 392
-0.70830 0.25684 4.00 516
-0.51759 0.43418 3.01 176
-0.21542 0.55322 2.76 125
1.05226 0.07941 3.19 212
0.40478 0.58669 1.33 20
0.40483 0.58666 1.73 30
1.39940 -0.25220 2.85 142
0.09703 0.64203 3.13 199
-0.58350 0.56234 3.69 358
-0.78588 0.47837 3.97 504
-0.30878 0.69010 3.32 239
-0.40883 0.68827 3.40 259
1.22546 0.25378 -0.01 4
1.05212 0.44041 0.61 11
1.22546 0.25375 1.33 21
0.41242 0.74189 3.59 320
-0.93300 0.50334 3.84 427
0.59998 0.72825 1.25 18
-1.16458 0.41784 1.86 38
-0.84067 0.64964 2.25 72
0.39305 0.84383 2.80 133
-0.88940 0.64430 3.44 270
-0.18908 0.87038 3.78 399
-0.37185 0.84887 3.82 415
-0.08114 0.87134 3.91 474
0.53374 0.90740 1.63 24
-0.80795 0.81337 3.13 198
-0.93166 0.89220 2.50 93
-1.21681 0.75088 1.96 45
-0.67440 1.02497 3.54 301
0.00828 1.13713 3.89 463
1.14947 0.88675 2.30 77
-1.32127 0.81985 3.62 332
0.45135 1.22356 3.96 498
0.44395 1.33125 2.60 100
0.63157 1.32276 3.91 475
-0.31740 1.43581 2.69 114
0.78288 1.36723 2.17 64
-0.42159 1.50099 3.84 428
0.75597 1.40465 3.86 443
1.52940 1.14875 2.55 95
-1.35421 1.26699 3.75 380
-1.59398 1.16304 3.84 426
-1.57119 1.23089 3.91 472
