0.91148 -1.69371 3.56 306
-0.40833 -1.59154 3.74 378
-1.72503 -1.49940 2.91 158
-0.84956 -1.19341 3.84 432
-1.08818 -1.12678 2.96 165
-0.03920 -0.91306 3.69 359
-0.97646 -0.73016 3.53 298
-1.34402 -0.49321 2.39 83
-0.51295 -0.48243 3.40 260
-0.19599 -0.25328 2.49 92
0.69477 -0.23485 2.83 138
-0.41002 0.20144 3.95 493
-0.36458 0.25466 3.48 284
-0.90272 0.34675 3.76 390
-0.19203 0.43496 2.42 85
0.57441 0.51638 2.06 55
-0.43368 0.56610 2.94 161
-1.60328 0.78182 3.20 214
0.94765 0.66979 3.27 226
1.29793 1.04154 2.06 56
-1.47533 1.25834 3.72 371
1.10304 1.17229 3.87 446
-1.67049 1.55694 3.94 486
-0.19191 1.25393 3.62 337
1.95241 1.77970 2.26 73
-1.52139 1.69937 3.72 370
-1.81432 1.94960 1.25 19
0.17949 1.51848 3.82 418
1.48077 2.05250 3.57 312
