-1.55400 -1.51738 3.84 432
-1.83075 -1.44116 2.96 165
-0.61752 -1.20729 3.69 359
-1.64834 -0.98912 3.53 298
-1.09314 -0.73080 3.40 260
-0.72930 -0.50130 2.49 92
0.17213 -0.52467 2.83 138
1.24234 -0.44967 3.62 331
1.52532 -0.08402 2.64 106
-0.91713 -0.01683 3.95 493
1.67931 0.10889 2.00 49
-0.86410 0.03423 3.48 284
-1.44083 0.17350 3.76 390
-0.66838 0.20257 2.42 85
0.09751 0.21828 2.06 55
1.38703 0.41644 3.41 262
-0.90962 0.35577 2.94 161
0.45316 0.33215 3.27 226
1.53449 0.79477 3.00 171
0.78010 0.64092 2.06 56
0.61337 0.77868 3.87 446
-0.60380 1.00263 3.62 337
1.34644 1.21176 2.26 73
-0.22063 1.20334 3.82 418
0.96629 1.50177 3.57 312
-0.85127 1.57779 3.77 397
1.72757 2.22139 3.95 488
1.83061 2.36533 2.93 159
0.33126 1.70267 3.66 346
