0.58250 -1.67537 3.77 395
-0.17729 -1.51169 3.82 417
-0.01723 -1.45050 3.47 281
-1.33637 -1.18983 3.84 431
1.70885 -0.86486 3.76 390
-0.35972 -0.92048 3.08 190
-1.73891 -0.69163 3.42 266
-1.41582 -0.70769 3.83 423
-1.53813 -0.64419 3.70 362
0.87784 -0.72833 3.20 214
-0.70457 -0.61122 3.24 223
0.52072 -0.56256 2.46 90
-0.80096 -0.55694 3.45 275
-0.04070 -0.53129 3.89 467
-1.36585 -0.18280 3.86 444
-0.87672 -0.22992 0.03 5
0.79676 -0.28937 3.72 371
0.22601 -0.24514 2.20 65
0.57577 -0.15604 3.94 486
0.62484 0.00494 3.72 370
0.38774 0.03984 1.25 19
-0.14065 0.01021 2.87 147
0.12400 0.09511 3.79 403
-1.33480 0.35746 3.80 409
0.13828 0.14759 3.98 512
1.32237 0.63105 3.77 397
-1.04222 0.57222 2.23 70
-0.25086 0.37184 3.79 402
-1.25010 0.72697 2.79 131
-0.34372 0.47337 3.77 394
-0.94543 0.86820 3.75 383
0.94670 0.95565 3.35 247
1.07550 1.04291 3.75 384
-1.43101 1.56977 2.74 122
0.29631 0.94714 3.43 268
0.50364 1.04470 2.44 88
-0.99026 1.52783 3.17 208
0.96490 1.54665 3.52 293
-0.25897 1.29624 3.07 188
0.43143 1.54230 3.23 219
-0.05856 1.43648 3.83 424
-1.18943 2.42170 3.05 187
-0.43607 1.70142 3.57 315
1.36837 3.06901 3.98 509
-1.12062 2.68354 2.08 59
