-1.10389 -1.64062 3.79 400
-0.84415 -1.57058 3.53 295
-1.69177 -1.39099 2.88 149
-1.82112 -1.36206 3.28 232
1.18881 -1.39632 2.98 167
1.65933 -1.32928 3.44 271
-0.47806 -1.43963 3.57 313
-1.30726 -1.27895 2.98 166
1.24108 -1.23083 3.88 458
-0.69330 -1.19918 3.79 401
-0.43934 -1.20975 1.14 16
-0.54054 -0.96446 1.98 47
-0.54053 -0.96444 2.88 150
-1.01469 -0.76035 3.60 325
0.69928 -0.79426 3.13 197
0.64611 -0.66156 3.82 414
-1.57670 -0.38102 2.62 104
-1.61507 -0.23407 3.97 501
1.25633 -0.22424 3.05 185
0.40711 -0.41464 3.97 503
1.16782 -0.16860 3.45 274
-1.35521 0.03536 1.90 41
1.67074 0.16370 3.01 177
0.39472 -0.12332 3.60 326
0.34840 -0.08172 3.14 202
0.60149 0.16469 3.17 207
-1.09902 0.51092 3.72 368
1.20193 0.71121 2.37 81
0.62872 0.59340 3.80 405
0.06778 0.57675 3.36 250
1.04204 0.98228 1.79 35
0.44048 0.76872 3.67 350
0.91547 1.46918 3.84 429
1.14720 1.79999 3.87 453
-1.27849 2.67170 3.98 509
1.15286 2.75371 2.08 59
-0.75452 3.38213 3.21 216
