-0.40467 -1.77925 1.25 18
1.57795 -2.36813 3.76 388
-0.67433 -1.79086 2.80 133
-1.36938 -2.18359 3.78 399
-1.61126 -2.36695 3.82 415
-1.23121 -2.09690 3.91 474
-0.56194 -1.63676 1.63 24
1.78000 -2.24152 3.13 201
-1.22685 -1.72821 3.89 463
-0.00098 -1.31971 2.30 77
0.82786 -1.37826 3.41 264
-0.78779 -1.38272 3.96 498
-0.83987 -1.29094 2.60 100
-0.65913 -1.20581 3.91 475
-1.71766 -1.62092 2.69 114
-0.54332 -1.09995 2.17 64
-1.86699 -1.61835 3.84 428
-0.58292 -1.08261 3.86 443
0.86824 -1.17133 3.87 455
0.58885 -1.01373 2.30 78
0.14653 -0.95000 2.55 95
0.37906 -0.89950 3.55 305
1.03274 -0.96800 3.37 253
0.18203 -0.80882 3.87 454
0.79542 -0.80595 2.68 112
0.56368 -0.70202 2.31 79
0.09639 -0.67390 3.04 184
0.81256 -0.74915 3.13 200
0.18410 -0.65680 3.83 421
1.22373 -0.81082 2.78 129
0.09617 -0.63023 3.41 263
1.07366 -0.73153 3.22 217
-0.09305 -0.50485 3.88 459
1.57862 -0.76153 3.41 265
0.66422 -0.47196 4.00 518
0.28748 -0.34938 2.06 58
-0.20802 -0.36308 2.75 123
1.13728 -0.48637 3.56 310
1.54959 -0.44529 3.95 492
-1.52765 -0.32803 3.54 302
1.44860 -0.17872 3.66 347
1.71706 -0.21632 3.88 461
1.45240 -0.07986 3.58 319
0.31400 0.16808 3.27 229
1.04379 0.16793 3.29 233
-0.81986 0.30468 2.65 108
-0.25939 0.35929 3.00 174
-1.15190 0.30503 3.00 173
-1.12992 0.60682 2.59 99
0.95514 0.71322 2.75 124
-0.94026 0.68658 2.95 163
1.64922 0.71420 3.91 476
-0.20384 1.03584 0.98 15
1.43159 1.09011 2.61 103
0.93540 1.36126 3.88 460
-0.89980 1.65074 3.65 343
-0.89980 1.65074 3.68 353
-0.08081 1.71323 3.37 252
-1.27017 1.70528 3.89 464
