1.70331 -2.17689 3.37 253
0.64615 -1.80882 3.87 454
1.38909 -1.91040 2.68 112
1.10102 -1.73512 2.31 79
0.55325 -1.62652 3.04 184
1.40869 -1.83815 3.13 200
0.65425 -1.61868 3.83 421
-2.09169 -2.15141 3.85 437
1.94462 -1.99574 2.78 129
0.55501 -1.57294 3.41 263
1.74093 -1.86041 3.22 217
0.35097 -1.39608 3.88 459
1.21970 -1.46088 4.00 518
0.78149 -1.26244 2.06 58
0.23622 -1.21735 2.75 123
1.80531 -1.54912 3.56 310
-1.06472 -1.03399 3.54 302
0.82227 -0.68357 3.27 229
1.64887 -0.75007 3.29 233
-0.31630 -0.45583 2.65 108
0.23356 -0.44037 3.00 174
-0.62452 -0.43316 3.00 173
-0.56570 -0.15147 2.59 99
1.52131 -0.15902 2.75 124
-0.38535 -0.08765 2.95 163
-1.37149 -0.06634 3.56 309
0.32982 0.20045 0.98 15
1.47557 0.46637 3.88 460
-0.25069 0.73242 3.65 343
-0.25069 0.73242 3.68 353
0.47875 0.78039 3.37 252
-0.55451 0.77617 3.89 464
-0.99040 0.92064 3.61 330
1.58915 0.93615 3.72 369
-0.06136 1.01116 3.38 256
0.03153 1.48006 2.83 139
-1.48335 1.51581 3.94 485
-1.08595 1.77400 2.14 63
