0.71540 -2.39506 3.83 422
0.58464 -2.80267 3.89 466
-0.83805 -2.47218 2.80 132
-0.80614 -1.51823 3.24 221
0.60650 -1.27986 4.00 517
1.07432 -1.73058 3.87 452
0.00757 -0.96473 3.95 490
1.17643 -1.89004 3.62 333
0.69871 -1.05377 3.32 238
-0.14343 -0.85258 3.78 398
0.43833 -0.88615 1.68 28
1.26997 -1.69273 2.69 115
1.36152 -1.73175 3.05 186
-0.11829 -0.70514 3.98 511
1.22480 -1.31347 3.64 341
0.24966 -0.62176 3.77 392
0.44378 -0.68819 4.00 516
0.71146 -0.72648 3.01 176
1.03203 -0.90085 2.76 125
-1.27845 -1.18902 3.85 433
1.36713 -1.12364 3.13 199
-1.23107 -0.92865 3.35 246
0.76539 -0.59257 3.69 358
-0.77258 -0.59519 3.76 387
0.56409 -0.49200 3.97 504
-0.32513 -0.40292 3.27 228
1.06890 -0.72959 3.32 239
0.99075 -0.64940 3.40 259
0.48900 -0.37123 3.84 427
0.28681 -0.26283 1.86 38
0.65733 -0.34911 2.25 72
0.62163 -0.31819 3.44 270
1.30864 -0.70893 3.78 399
1.14480 -0.57484 3.82 415
1.40051 -0.79993 3.91 474
0.80099 -0.27444 3.13 198
0.77617 -0.14463 2.50 93
-1.40757 -0.49804 3.27 227
0.49580 -0.04203 1.96 45
1.05157 -0.24080 3.54 301
-0.61229 0.04070 -0.72 2
0.13408 0.10318 3.47 279
0.48270 0.05932 3.62 332
-0.94472 0.02416 3.85 434
-0.42292 0.19718 2.93 160
1.63885 -0.24280 2.69 114
1.60032 -0.12845 3.84 428
0.26800 0.39621 1.78 33
0.77031 0.31617 3.75 380
0.55922 0.39158 3.84 426
0.61723 0.41398 3.91 472
0.87106 0.50341 2.21 66
-0.61698 0.57636 3.17 206
-0.10618 0.62773 3.25 224
1.59877 0.30891 3.85 437
-1.01340 0.49884 3.96 495
0.24825 0.80587 2.25 71
1.17003 0.59486 3.60 327
0.12711 0.77963 3.73 374
-0.25431 0.97399 2.70 117
0.05747 0.93082 3.61 328
-1.26585 0.87051 3.12 196
-1.51521 0.80903 3.87 450
0.69492 1.03172 3.97 502
-1.45097 0.92851 2.64 107
0.76580 1.15371 3.68 352
-0.93686 1.10615 3.85 435
-0.61005 1.21969 3.96 496
-1.02214 1.31431 3.02 179
-0.20428 1.45900 2.45 89
-0.53630 1.45837 1.50 23
0.04920 1.48546 3.96 497
-0.50546 1.53106 3.47 278
-0.42881 1.64292 1.84 36
-0.33906 1.62236 3.85 436
