-0.05540 -1.64050 3.93 480
0.67263 -1.57866 3.36 248
0.89882 -1.59520 3.81 410
0.84818 -1.49844 1.70 29
0.92585 -1.54983 2.05 54
0.77644 -1.43746 2.23 68
0.20478 -1.26261 3.72 367
-1.81783 -1.18496 3.47 276
-1.46986 -1.13719 2.53 94
0.15696 -1.06986 3.69 357
-0.51824 -1.04279 3.91 471
0.63558 -1.01872 1.64 26
0.13633 -0.98965 3.19 210
1.07273 -0.93993 0.50 10
0.75910 -0.80192 3.54 300
-1.05880 -0.84144 3.60 322
-1.01763 -0.80121 3.74 376
-0.52604 -0.66447 3.47 277
-0.14662 -0.48751 3.40 258
-0.26218 -0.49861 3.65 342
-0.14764 -0.48252 3.84 425
-0.05247 -0.45370 0.85 13
1.63463 -0.33723 1.93 43
-0.21800 -0.39546 3.76 386
-0.14344 -0.30867 3.53 294
0.72664 -0.17177 3.00 172
1.33149 -0.01541 2.88 149
1.21694 -0.03446 3.28 232
-0.64430 -0.01721 2.87 146
-0.62348 -0.02193 3.63 339
-0.67719 -0.01361 3.70 361
-0.66377 -0.00102 3.87 448
1.60466 0.19584 2.98 166
-1.37418 0.27417 3.63 338
0.54532 0.21817 1.65 27
-0.52503 0.39504 2.85 141
-0.63776 0.43073 3.83 419
0.19085 0.44015 2.69 113
1.59579 0.74839 3.60 325
0.88347 0.75402 2.62 104
-1.04451 0.89056 3.39 257
0.77321 0.84550 3.97 501
-0.98705 1.00580 2.12 62
-0.44624 0.84254 2.89 151
0.27617 0.89616 3.17 205
0.23434 0.88393 3.75 379
-1.75766 1.38796 2.26 73
-0.56750 1.01149 3.77 391
0.22248 1.04409 2.99 168
0.81142 1.21020 1.90 41
-0.93035 1.23748 3.80 404
0.36372 1.18931 0.08 6
-0.55740 1.33317 3.01 175
-1.94459 1.99789 3.57 312
-0.72554 1.51047 1.79 34
-0.98962 1.80939 3.95 488
-0.87599 1.81991 2.93 159
0.71790 1.82203 3.72 368
