0.28727 -1.74150 3.34 245
0.84035 -1.64961 3.85 441
-1.24404 -1.41794 3.24 222
1.32261 -1.43362 3.44 272
-1.30158 -1.35143 2.74 121
-1.73359 -1.34520 3.53 296
0.60078 -1.28706 3.26 225
-0.99276 -0.98321 3.82 416
0.10958 -0.94634 3.75 382
0.28684 -0.93270 3.97 505
1.56943 -0.90189 3.36 251
0.04765 -0.83920 2.77 128
-1.61758 -0.81251 3.71 365
-1.70829 -0.68328 2.65 109
-0.56961 -0.56155 3.20 213
0.36534 -0.55624 3.73 375
-0.06614 -0.39683 2.08 60
1.15348 -0.27445 2.99 170
-0.32846 -0.29405 3.48 283
-1.57340 -0.13700 3.67 351
-1.41002 -0.14289 3.85 439
1.75712 0.08161 3.82 417
-1.01125 0.01214 3.75 381
-0.88385 0.12875 2.77 127
0.54390 0.11323 3.84 431
-0.30257 0.26432 3.14 203
-1.26914 0.43952 2.00 50
-1.62143 0.56372 2.23 69
-1.50590 0.51092 3.84 430
1.39312 0.58755 3.08 190
0.07654 0.41264 3.42 266
0.32523 0.47811 3.83 423
-1.69469 0.73488 3.68 354
0.20862 0.49898 3.70 362
-0.46359 0.60794 3.92 478
-0.68811 0.67160 2.81 135
0.92987 0.77405 3.24 223
0.81615 0.79323 3.45 275
-1.82167 1.05475 3.47 280
1.67227 1.12438 3.89 467
-0.27758 0.92783 3.16 204
0.17990 0.94802 3.86 444
0.63046 1.08601 0.03 5
-0.63161 1.09467 3.53 297
-1.90388 1.60273 3.50 287
1.37471 1.72695 2.87 147
1.71721 2.01948 3.79 403
-0.00548 1.48313 3.80 409
-0.84062 1.62331 3.89 465
1.72219 2.10479 3.98 512
