-0.04496 -1.71182 2.61 103
-0.54595 -1.46515 3.88 460
0.86830 -1.40776 3.24 222
0.80120 -1.34083 2.74 121
0.42991 -1.31925 3.53 296
-1.60755 -1.14658 3.37 252
-0.47414 -0.99283 3.72 369
1.02070 -0.98291 3.82 416
0.42541 -0.84202 3.71 365
0.33024 -0.73200 2.65 109
1.37775 -0.52089 3.20 213
0.19594 -0.50550 3.80 407
0.19593 -0.50541 3.80 408
1.59828 -0.19663 3.48 283
0.33721 -0.23828 3.67 351
0.47034 -0.22048 3.85 439
-1.11790 -0.01857 2.68 111
-0.82421 -0.00511 -0.04 3
0.79206 -0.00962 3.75 381
0.88972 0.12940 2.77 127
1.48922 0.41832 3.14 203
0.47748 0.33337 2.00 50
0.17542 0.36046 2.23 69
0.27279 0.34142 3.84 430
-0.41921 0.39198 2.70 118
0.09191 0.48802 3.68 354
-0.56658 0.58709 3.58 318
1.21986 0.72884 3.92 478
0.96713 0.71692 2.81 135
-0.05123 0.71973 3.47 280
1.35476 1.13577 3.16 204
-1.73354 1.37427 2.90 157
-0.53054 1.04222 3.03 181
0.93133 1.15524 3.53 297
-0.19484 1.13530 3.50 287
1.54440 1.87133 3.80 409
0.61885 1.56878 3.89 465
-0.94562 1.87507 1.86 39
