1.82387 -1.74541 2.59 99
0.42311 -1.50396 3.11 193
0.08667 -1.53841 3.81 412
0.85897 -1.43472 3.56 309
-0.13194 -1.25078 3.61 329
-0.73890 -1.04002 1.98 48
-1.70537 -0.78318 3.90 468
-0.54825 -0.59976 3.91 473
1.78477 -0.57826 3.89 464
1.28207 -0.43198 3.61 330
-0.90233 -0.40496 3.88 457
-1.17127 -0.19277 3.11 192
-1.30168 -0.16018 3.38 255
-1.78604 0.03552 3.52 290
-0.51236 0.00176 3.52 291
0.16788 -0.03603 3.85 438
0.85492 0.05001 3.94 485
-0.15110 0.10521 1.35 22
1.20418 0.30290 2.14 63
0.70902 0.31147 3.34 243
-0.16216 0.36180 3.52 292
-1.28229 0.52075 3.94 484
-0.00036 0.52738 2.61 102
-0.00030 0.52732 3.80 406
0.69543 0.59414 2.56 96
-0.42964 0.75855 2.98 167
-0.04142 0.72532 3.44 271
-0.33920 0.88131 3.88 458
0.71972 1.35111 3.48 282
-0.72183 1.43642 3.13 197
0.40303 1.38528 3.83 420
-0.74231 1.60265 3.82 414
