0.40047 -1.74952 3.55 304
0.54125 -1.70883 3.71 363
-0.62411 -1.72242 3.87 449
-1.26303 -1.71187 2.95 162
0.40151 -1.40080 2.06 57
-1.48888 -1.46190 3.54 299
-1.67109 -1.45452 3.73 373
-0.07803 -1.30319 0.12 7
-0.03396 -1.21867 3.60 323
0.79203 -1.19487 3.98 510
0.21833 -1.16228 2.77 126
-0.17109 -1.11209 2.79 130
-0.61709 -1.01211 3.93 480
0.06218 -0.95253 3.36 248
0.26120 -0.96485 3.81 410
0.22428 -0.88349 1.70 29
0.28848 -0.92657 2.05 54
0.16526 -0.83163 2.23 68
-0.35105 -0.67640 3.72 367
-0.38723 -0.50058 3.69 357
-1.06495 -0.46304 3.91 471
0.06844 -0.46240 1.64 26
-0.40327 -0.42608 3.19 210
0.47025 -0.40055 0.50 10
0.19884 -0.26835 3.54 300
-1.64981 -0.25114 3.60 322
-1.60439 -0.21182 3.74 376
1.15258 -0.06325 3.36 249
-1.06758 -0.09285 3.47 277
-0.66507 0.06667 3.40 258
-0.78539 0.06125 3.65 342
-0.66593 0.07169 3.84 425
-0.56702 0.09564 0.85 13
1.02438 0.12378 1.93 43
1.63298 0.20429 3.58 317
-0.73593 0.16278 3.76 386
-0.65506 0.24648 3.53 294
1.38218 0.40925 3.79 400
0.21993 0.33024 3.00 172
1.61727 0.53590 3.53 295
0.79526 0.44341 2.88 149
0.68953 0.43261 3.28 232
-1.18924 0.58785 2.87 146
-1.16597 0.58103 3.63 339
-1.22616 0.59448 3.70 361
-1.21097 0.60704 3.87 448
1.06382 0.62820 2.98 166
1.65026 0.91264 3.79 401
0.07540 0.73638 1.65 27
1.74543 1.21434 1.98 47
-1.04965 1.03250 2.85 141
1.74543 1.21435 2.88 150
-1.17784 1.08576 3.83 419
-0.26956 1.00531 2.69 113
1.12737 1.18112 3.60 325
0.45667 1.26729 2.62 104
-1.66707 1.68961 3.39 257
0.35664 1.37993 3.97 501
-1.59772 1.82434 2.12 62
-0.95067 1.54042 2.89 151
-0.15009 1.50138 3.17 205
-0.19533 1.49316 3.75 379
-1.08887 1.76224 3.77 391
-0.19725 1.67900 2.99 168
0.43120 1.78183 1.90 41
-1.53030 2.10930 3.80 404
