0.23037 -1.53698 3.48 282
-1.21504 -1.29012 3.13 197
-0.08148 -1.46787 3.83 420
-1.18056 -1.13017 3.82 414
1.31424 -0.98179 2.90 157
-0.39498 -0.99447 3.05 185
-1.25265 -0.76638 3.97 503
-0.43641 -0.90520 3.45 274
0.09488 -0.84169 3.01 177
-1.07839 -0.48265 3.60 326
0.42007 -0.62633 3.71 364
-1.09584 -0.41912 3.14 202
1.47120 -0.13919 1.86 39
-0.72326 -0.33437 3.17 207
0.42491 -0.29526 2.44 87
1.09040 0.02097 2.27 75
1.09062 0.02086 3.95 491
0.84287 -0.03686 1.77 32
0.01355 -0.19215 2.37 81
0.54332 -0.08179 3.31 237
-0.46934 0.01005 3.80 405
-0.95181 0.31940 3.36 250
0.02342 0.09309 1.79 35
-0.52809 0.25476 3.67 350
1.01769 0.62418 3.65 344
0.14878 0.50919 3.84 429
0.42895 0.60895 3.87 453
0.96844 1.23801 3.05 187
0.77406 1.18959 2.08 59
-0.03614 1.78665 2.02 51
