1.12637 -1.64926 2.59 99
1.35306 -1.60209 2.95 163
-0.14739 -1.49648 3.11 193
-0.48634 -1.54974 3.81 412
0.27392 -1.40655 3.56 309
-0.70387 -1.26778 3.61 329
-1.35648 -1.07059 1.98 48
1.47404 -0.62428 3.65 343
1.47404 -0.62428 3.68 353
-1.12996 -0.60284 3.91 473
1.12457 -0.57494 3.89 464
0.69033 -0.43760 3.61 330
-1.52084 -0.39572 3.88 457
1.68398 -0.32599 3.38 256
-1.07104 0.02625 3.52 291
-0.35753 -0.03335 3.85 438
1.75207 0.14186 2.83 139
0.31311 0.03107 3.94 485
-0.68127 0.12041 1.35 22
0.64101 0.26048 2.14 63
0.18312 0.29046 3.34 243
-0.68478 0.38345 3.52 292
-0.51164 0.54281 2.61 102
-0.51158 0.54274 3.80 406
0.17846 0.56669 2.56 96
-0.95671 0.81005 2.98 167
-0.54780 0.74641 3.44 271
-0.85564 0.92977 3.88 458
0.22364 1.30166 3.48 282
-1.25535 1.54926 3.13 197
-0.08046 1.36791 3.83 420
-1.27273 1.72741 3.82 414
1.47636 1.90711 2.90 157
