-0.09250 -1.69550 3.83 422
0.21218 -1.71642 3.89 466
0.89969 -2.66124 3.76 389
0.71727 -3.53540 2.80 132
-1.02292 -2.16547 4.00 517
-0.71089 -1.51599 3.87 452
1.05511 -2.05357 3.96 500
-0.60822 -1.39270 3.62 333
-1.30926 -2.14262 3.32 238
0.44220 -1.13396 1.92 42
-0.79394 -1.34610 2.69 115
-0.00555 -1.02778 2.89 152
-0.78406 -1.26087 3.05 186
1.49797 -1.92234 3.56 311
-1.13141 -1.46190 3.64 341
-1.55689 -1.78130 2.76 125
-0.21762 -0.82989 3.19 212
0.84386 -1.05854 3.62 336
-1.05539 -1.09145 1.33 20
-1.05532 -1.09142 1.73 30
0.21426 -0.74108 2.85 142
-1.35320 -1.36182 3.13 199
0.33511 -0.77784 3.85 440
-0.26584 -0.60274 -0.01 4
-0.50749 -0.63169 0.61 11
-0.26582 -0.60275 1.33 21
-1.18334 -0.98768 3.59 320
0.86403 -0.79899 3.62 335
-1.03202 -0.83085 1.25 18
0.62035 -0.59062 3.76 388
-1.28558 -0.94230 2.80 133
-1.22972 -0.78102 1.63 24
0.92979 -0.55839 3.34 244
0.94927 -0.51478 2.85 143
0.73752 -0.45333 3.13 201
-0.79567 -0.32631 2.30 77
-0.06291 -0.11226 3.41 264
-1.55559 -0.66299 3.96 498
-1.64967 -0.60574 2.60 100
1.44729 -0.42722 3.66 348
-1.49063 -0.46344 3.91 475
1.14201 -0.25177 2.95 164
-1.40979 -0.32790 2.17 64
-1.45890 -0.32687 3.86 443
-0.07057 0.06605 3.87 455
-0.34272 0.11765 2.30 78
-0.76612 0.03895 2.55 95
-0.56133 0.15562 3.55 305
0.02540 0.28247 3.37 253
-0.77457 0.17820 3.87 454
-0.20944 0.35930 2.68 112
1.10973 0.16925 3.33 241
1.37693 0.08116 1.87 40
-0.44286 0.38949 2.31 79
-0.90214 0.27887 3.04 184
-0.20717 0.41523 3.13 200
0.94712 0.27292 3.62 334
-0.81979 0.32179 3.83 421
0.15306 0.46904 2.78 129
-0.91680 0.32089 3.41 263
1.57373 0.18567 3.03 182
0.01399 0.50065 3.22 217
1.54841 0.27016 2.41 84
-1.15863 0.38721 3.88 459
0.99570 0.51610 3.08 189
0.42698 0.60043 3.41 265
1.00144 0.51644 3.57 314
1.49953 0.41760 1.63 25
1.46020 0.41932 2.69 116
1.69901 0.34327 3.21 215
-0.40901 0.63629 4.00 518
-0.81408 0.65700 2.06 58
-1.34054 0.49846 2.75 123
0.01989 0.74320 3.56 310
1.04412 0.73310 2.29 76
0.35711 0.87921 3.95 492
0.22910 1.11490 3.66 347
0.45834 1.13463 3.88 461
0.96993 1.13241 2.82 137
0.21475 1.21586 3.58 319
0.91180 1.25856 0.96 14
0.50826 1.32545 2.89 153
-0.96486 1.23389 3.27 229
0.81265 1.32770 2.89 154
-0.21049 1.39596 3.29 233
1.69371 1.20227 3.27 230
-1.73535 1.33054 3.00 174
0.55904 1.55296 2.32 80
0.67133 1.68027 3.96 499
