-1.31711 -2.07540 4.00 515
1.06898 -1.47511 3.17 206
1.72239 -1.74351 3.25 224
-0.49194 -1.28248 3.86 442
0.63313 -1.33943 3.96 495
-1.39953 -1.38739 3.24 220
1.65450 -1.25714 2.70 117
0.57647 -0.89751 3.12 196
0.35135 -0.85581 3.87 450
0.45228 -0.78479 2.64 107
-0.40991 -0.77749 3.96 494
-0.48174 -0.77202 3.56 308
0.96400 -0.82516 3.85 435
1.33284 -0.85370 3.96 496
0.96585 -0.62649 3.02 179
-0.28487 -0.57471 3.82 413
1.49525 -0.67410 1.50 23
-1.34317 -0.63888 3.87 447
1.55273 -0.62346 3.47 278
1.67259 -0.55586 1.84 36
1.76760 -0.60390 3.85 436
1.48301 -0.37728 3.87 451
1.62174 -0.38433 3.02 180
0.06706 -0.12618 3.19 211
0.55116 -0.15048 3.60 324
-1.30715 -0.20130 3.69 356
0.35182 -0.04799 2.84 140
0.64497 -0.07250 3.81 411
1.27434 -0.05051 3.95 489
1.08415 0.04750 1.98 46
0.41600 0.10649 2.58 98
1.42433 0.07861 -1.46 1
0.16523 0.20032 3.31 236
0.61203 0.25933 3.55 304
0.74235 0.28793 3.71 363
-0.28260 0.29988 3.87 449
-0.82212 0.31961 2.95 162
0.64328 0.54264 2.06 57
-1.05580 0.51824 3.54 299
-1.21264 0.52674 3.73 373
0.19523 0.63409 0.12 7
-1.81509 0.51747 3.89 462
0.23857 0.70942 3.60 323
1.05146 0.72300 3.98 510
0.48567 0.75904 2.77 126
0.10737 0.80949 2.79 130
-0.32844 0.90797 3.93 480
0.34159 0.96372 3.36 248
0.54311 0.95049 3.81 410
0.51152 1.03389 1.70 29
0.57428 0.98929 2.05 54
0.45389 1.08835 2.23 68
-0.08244 1.25556 3.72 367
-1.88133 1.39780 2.53 94
-0.12879 1.45712 3.69 357
-0.85285 1.49434 3.91 471
0.37131 1.50826 1.64 26
-0.15019 1.54683 3.19 210
0.83487 1.59092 0.50 10
0.53440 1.75866 3.54 300
-1.52289 1.74469 3.60 322
-1.48815 1.79578 3.74 376
