-0.46391 -1.59107 3.74 377
0.98920 -1.55483 3.66 349
1.19666 -1.50719 3.97 508
-0.17724 -1.17619 2.87 148
-0.27293 -1.21110 3.68 355
0.76121 -1.18265 3.27 231
-1.44331 -1.17920 3.08 191
-1.48671 -1.03771 3.57 316
-1.01187 -0.81340 3.77 396
0.72178 -0.68964 3.74 378
-0.38396 -0.56969 2.91 158
0.28984 -0.34064 3.84 432
0.07706 -0.28307 2.96 165
-1.56876 -0.31540 3.23 218
1.06249 -0.08083 3.69 359
-0.59078 0.01837 3.92 479
0.13462 0.06388 3.53 298
-0.20772 0.26052 2.39 83
0.54883 0.31988 3.40 260
-1.12051 0.56599 3.63 340
0.86461 0.58004 2.49 92
-1.08728 0.63984 3.77 395
-1.72221 0.94653 3.47 281
0.60468 1.04702 3.95 493
0.64991 1.11405 3.48 284
0.08967 1.12787 3.76 390
0.83143 1.35517 2.42 85
1.81005 1.63656 2.06 55
0.55082 1.46074 2.94 161
-0.60416 1.46690 3.20 214
-0.95837 1.78243 2.46 90
