-1.53826 -2.25716 3.99 513
-0.34252 -1.59478 0.46 9
1.16725 -1.73828 3.27 227
-0.60500 -1.52006 3.92 477
-0.03097 -1.19844 3.56 307
-0.21330 -1.21361 3.70 360
-0.45094 -1.08956 3.95 487
0.30879 -1.11848 4.00 515
-0.71253 -1.00123 3.31 235
-1.31998 -1.14492 3.88 456
-0.51621 -0.76082 3.41 261
-1.16891 -0.95057 3.94 483
-1.18954 -0.87075 2.39 82
1.19296 -0.87119 3.86 442
0.39525 -0.57446 3.24 220
1.45049 -0.43914 3.96 494
1.37396 -0.40330 3.56 308
1.67131 -0.28875 3.82 413
0.61099 0.01997 3.87 447
0.75309 0.40352 3.69 356
-0.25097 0.47327 4.00 514
-1.30287 0.55910 2.04 53
-0.47553 0.75091 3.50 286
1.38861 0.82652 2.95 162
-1.01951 1.06544 3.45 273
-0.39726 1.08166 3.73 372
1.20610 1.08068 3.54 299
1.05000 1.10956 3.73 373
-1.84694 1.09586 3.56 306
-0.80588 1.20177 3.60 321
0.51551 1.16635 3.89 462
-0.00974 1.55046 3.04 183
