-1.17703 -1.38575 3.52 291
-0.39651 -1.45839 3.85 438
1.89202 -1.24855 2.83 139
0.34384 -1.37993 3.94 485
-0.73807 -1.27365 1.35 22
0.68010 -1.11264 2.14 63
0.19343 -1.07904 3.34 243
-0.71360 -0.97668 3.52 292
-0.52114 -0.80753 2.61 102
-0.52108 -0.80760 3.80 406
0.18117 -0.78284 2.56 96
-0.93894 -0.54038 2.98 167
-0.54234 -0.60222 3.44 271
-0.82625 -0.42692 3.88 458
0.20569 -0.09662 3.48 282
-1.11917 0.10640 3.13 197
-0.07338 -0.04105 3.83 420
-1.11015 0.24494 3.82 414
1.26030 0.37874 2.90 157
-0.37813 0.36711 3.05 185
-1.23675 0.58269 3.97 503
-0.42282 0.44990 3.45 274
0.09272 0.51003 3.01 177
-1.10785 0.87048 3.60 326
0.42287 0.72189 3.71 364
-1.13609 0.93814 3.14 202
1.58936 1.25166 1.86 39
-0.75909 1.03036 3.17 207
0.44853 1.07369 2.44 87
1.20700 1.44319 2.27 75
1.20723 1.44305 3.95 491
0.92478 1.37296 1.77 32
0.01452 1.19034 2.37 81
0.59206 1.31923 3.31 237
-0.51866 1.42983 3.80 405
-1.10431 1.82646 3.36 250
0.02621 1.53255 1.79 35
-0.60638 1.74035 3.67 350
1.24179 2.25794 3.65 344
