1.94209 -1.80753 3.19 211
0.26996 -1.53758 3.69 356
-0.84718 -1.53247 4.00 514
-1.07822 -1.21614 3.50 286
1.42863 -1.14618 3.87 449
0.80715 -1.04299 2.95 162
-1.64168 -0.89950 3.45 273
-0.95681 -0.86046 3.73 372
0.59186 -0.81094 3.54 299
0.44811 -0.78931 3.73 373
-1.37726 -0.75488 3.60 321
-0.04822 -0.75227 3.89 462
1.37145 -0.46362 3.93 480
-0.54962 -0.42859 3.04 183
1.65421 -0.11794 3.72 367
-0.22166 -0.09318 3.47 276
0.03017 -0.04829 2.53 94
1.59358 0.07062 3.69 357
0.85474 0.06486 3.91 471
1.56700 0.15054 3.19 210
0.32712 0.21691 3.60 322
0.35807 0.25529 3.74 376
0.81110 0.42326 3.47 277
1.21068 0.64984 3.40 258
-1.20959 0.61861 3.62 331
1.07948 0.62246 3.65 342
1.20918 0.65512 3.84 425
1.31993 0.70029 0.85 13
1.12198 0.73970 3.76 386
1.20297 0.84793 3.53 294
-0.86471 0.90653 2.64 106
-0.68924 1.04845 2.00 49
0.61680 1.08071 2.87 146
0.63928 1.07960 3.63 339
0.58204 1.07820 3.70 361
0.59442 1.09471 3.87 448
-0.12770 1.24573 3.63 338
-0.87203 1.46007 3.41 262
0.69555 1.59006 2.85 141
0.56571 1.60126 3.83 419
1.60377 1.88740 2.69 113
-0.64259 1.80126 3.00 171
