-0.74778 -2.43161 3.83 422
-0.59643 -2.03821 3.89 466
0.26276 -1.62699 3.76 389
0.72282 -2.03722 2.80 132
1.14020 -3.14648 3.24 221
-0.08209 -1.28842 3.96 500
-1.01496 -1.54642 1.92 42
-1.38285 -2.07636 2.89 152
0.13905 -0.89060 3.42 267
-0.06287 -0.88364 3.56 311
-0.89190 -1.09064 3.62 336
-1.55317 -1.65724 2.85 142
-1.43201 -1.52064 3.85 440
0.79110 -0.73485 2.86 145
-1.11024 -0.95391 3.62 335
-1.44711 -1.10414 3.76 388
0.24424 -0.46786 3.65 345
1.25256 -0.87867 3.99 513
0.04138 -0.35943 1.94 44
-1.29765 -0.77523 3.34 244
-1.32805 -0.73513 2.85 143
-1.51440 -0.91222 3.13 201
1.24927 -0.39758 3.49 285
-1.15004 -0.26904 3.66 348
-1.46843 -0.42489 2.95 164
0.15827 0.13936 3.11 195
0.99289 -0.01347 1.74 31
1.32241 -0.14556 2.10 61
-1.05935 0.02208 3.51 288
1.65127 -0.20587 3.90 470
1.27964 0.08975 3.97 507
-1.64846 -0.04638 1.87 40
-1.62914 0.16105 3.03 182
-0.57545 0.45568 3.97 506
-1.72534 0.19324 2.41 84
1.03136 0.54815 3.01 178
-1.70251 0.34181 3.21 215
-1.37455 0.48403 3.11 194
-1.35447 0.64457 1.85 37
-1.70458 0.80490 2.99 169
-0.96225 1.02664 2.60 101
-1.51268 0.90390 2.70 119
-0.94140 1.17264 3.32 240
-1.12336 1.23304 2.02 52
-1.24214 1.16311 3.17 209
-1.53235 1.21003 2.81 136
0.93579 1.52954 3.74 377
-1.01089 1.61944 2.89 155
-1.18994 1.58891 3.51 289
-1.07361 1.55916 3.77 393
-1.88811 1.46194 3.86 445
