-1.40128 -2.30061 3.42 267
-1.61285 -2.59990 3.56 311
1.15308 -1.89363 3.85 433
1.44975 -1.96048 3.35 246
0.53674 -1.28985 2.86 144
-1.00583 -1.41898 2.86 145
-1.71798 -1.84029 3.65 345
-0.61065 -1.10116 3.99 513
0.43517 -0.99167 0.46 9
0.22267 -0.84032 3.92 477
-0.95988 -0.79793 3.49 285
0.82428 -0.75989 3.56 307
0.64418 -0.71072 3.70 360
0.45298 -0.52436 3.95 487
1.19578 -0.80917 4.00 515
-1.44617 -0.73722 1.74 31
-1.09959 -0.57866 2.10 61
0.23914 -0.36811 3.31 235
-0.85434 -0.39985 3.90 470
-0.28508 -0.31969 3.88 456
-1.30837 -0.45023 3.97 507
0.46989 -0.21046 3.41 261
-0.13268 -0.19829 3.94 483
-0.13472 -0.12514 2.39 82
1.46657 -0.31133 3.24 220
-1.24282 0.41491 1.16 17
-1.22401 0.94304 3.66 349
1.07464 0.97010 4.00 514
-1.04614 1.03556 3.97 508
0.04886 1.22894 2.04 53
-1.55263 1.25634 3.27 231
0.91188 1.31889 3.50 286
0.43202 1.73678 3.45 273
1.10193 1.69577 3.73 372
