-0.50038 -1.77019 2.60 101
-1.09155 -1.85196 2.70 119
-0.44159 -1.61077 3.32 240
-0.60104 -1.53132 2.02 52
-0.73466 -1.59292 3.17 209
-0.98820 -1.51933 2.81 136
1.52674 -1.40293 3.74 377
-0.40342 -1.17863 2.89 155
-0.56714 -1.19369 3.51 289
-0.47220 -1.22686 3.77 393
-1.20112 -1.25859 3.86 445
-0.24361 -0.98194 3.93 482
1.88194 -1.03382 2.87 148
1.75677 -1.05086 3.68 355
-1.79809 -0.97277 3.54 303
0.54988 -0.81516 3.08 191
0.50947 -0.68588 3.57 316
-1.43332 -0.57894 3.34 245
0.92473 -0.53150 3.77 396
-0.88311 -0.45867 3.85 441
1.60889 -0.33549 2.91 158
-0.45096 -0.26253 3.44 272
-1.08683 -0.16348 3.26 225
0.41785 -0.04399 3.23 218
0.16562 0.05344 3.90 469
-1.61821 0.16284 3.75 382
-1.40717 0.17155 3.97 505
-0.19262 0.16576 3.36 251
-1.69424 0.27801 2.77 128
1.35069 0.30554 3.92 479
0.20343 0.34211 3.71 366
0.14314 0.47486 0.77 12
-1.30059 0.55711 3.73 375
0.08306 0.56987 2.72 120
-0.46233 0.75889 2.99 170
0.77983 0.81722 3.63 340
0.80943 0.89685 3.77 395
0.09804 1.01972 3.82 417
0.24936 1.07967 3.47 281
-1.05123 1.28459 3.84 431
-0.12314 1.61498 3.08 190
-1.64272 1.81573 3.42 266
-1.29756 1.81431 3.83 423
-1.45383 1.88698 3.70 362
