-1.32087 -1.65667 3.93 480
-0.53468 -1.57754 3.36 248
-0.31873 -1.59003 3.81 410
-0.35286 -1.49642 1.70 29
-0.28683 -1.54559 2.05 54
-0.41277 -1.43709 2.23 68
-0.96948 -1.25645 3.72 367
1.48206 -1.06140 0.38 8
-0.99075 -1.05474 3.69 357
-1.77593 -0.99633 3.91 471
-0.48865 -1.02170 1.64 26
-1.00043 -0.97035 3.19 210
-0.06664 -0.96384 0.50 10
1.24935 -0.87646 2.90 156
-0.33757 -0.81504 3.54 300
0.60567 -0.63826 3.36 249
-1.71869 -0.57308 3.47 277
-1.23477 -0.41945 3.40 258
-1.37048 -0.41864 3.65 342
-1.23511 -0.41402 3.84 425
-1.12270 -0.39399 0.85 13
0.48895 -0.44829 1.93 43
1.03698 -0.40080 3.58 317
-1.30166 -0.31286 3.76 386
-1.20166 -0.22967 3.53 294
0.81512 -0.19506 3.79 400
-0.27788 -0.20008 3.00 172
1.01878 -0.09282 3.53 295
0.28232 -0.12658 2.88 149
0.18267 -0.13010 3.28 232
-1.75243 0.16541 2.87 146
1.33065 0.09553 3.57 313
-1.72700 0.15636 3.63 339
-1.79352 0.17547 3.70 361
-1.77419 0.18708 3.87 448
0.53235 0.02869 2.98 166
1.04158 0.24061 3.79 401
1.29989 0.30377 1.14 16
-0.39530 0.20563 1.65 27
1.11560 0.49154 1.98 47
-1.53189 0.59660 2.85 141
1.11560 0.49155 2.88 150
-1.66463 0.66220 3.83 419
-0.71858 0.49117 2.69 113
0.59471 0.51828 3.60 325
-0.00301 0.65797 2.62 104
-0.09030 0.76743 3.97 501
-1.36045 1.06235 2.89 151
-0.56145 0.93036 3.17 205
-0.60582 0.92832 3.75 379
-1.47665 1.28053 3.77 391
-0.59357 1.09155 2.99 168
-0.00471 1.10332 1.90 41
-1.89329 1.65184 3.80 404
-0.43010 1.19823 0.08 6
-1.40901 1.62609 3.01 175
1.92445 1.93403 3.14 202
-1.58316 1.87992 1.79 34
-1.86577 2.32035 3.95 488
-1.71711 2.28253 2.93 159
-0.00420 1.70491 3.72 368
