1.01405 -1.68082 2.72 120
-0.96918 -1.54454 2.08 60
0.36562 -1.48628 2.99 170
-1.25921 -1.39178 3.48 283
1.78688 -1.31309 3.63 340
1.78910 -1.21559 3.77 395
0.92872 -1.14842 3.82 417
1.07952 -1.07034 3.47 281
-1.81308 -0.81399 2.77 127
-0.21165 -0.99834 3.84 431
-1.08885 -0.73485 3.14 203
0.61303 -0.61575 3.08 190
-0.64983 -0.62538 3.42 266
-0.38614 -0.59057 3.83 423
-0.50050 -0.55428 3.70 362
-1.18660 -0.34899 3.92 478
-1.41859 -0.24965 2.81 135
0.21344 -0.38520 3.24 223
1.46499 -0.08855 2.46 90
0.11246 -0.35237 3.45 275
0.84527 -0.17957 3.89 467
-0.92150 -0.06580 3.16 204
-0.46478 -0.11903 3.86 444
-0.03166 -0.06442 0.03 5
-1.25211 0.14831 3.53 297
1.72647 0.27011 3.72 371
1.06161 0.16921 2.20 65
1.43339 0.35311 3.94 486
1.45250 0.53918 3.72 370
1.17273 0.50799 1.25 19
0.61567 0.33548 2.87 147
0.87131 0.49171 3.79 403
-0.56478 0.37413 3.80 409
-1.34350 0.64513 3.89 465
0.87406 0.54972 3.98 512
-0.36674 0.64569 2.23 70
0.41856 0.66774 3.79 402
-0.58146 0.73492 2.79 131
0.30237 0.74270 3.77 394
-0.35278 0.95345 3.75 383
-1.45317 1.64155 3.29 234
1.61157 1.71394 3.35 247
1.75278 1.87185 3.75 384
-0.93428 1.46823 2.74 122
0.85188 1.44515 3.43 268
1.06038 1.63202 2.44 88
-1.75522 2.56943 3.65 344
-0.55295 1.57683 3.17 208
1.48698 2.41458 3.52 293
0.18530 1.60721 3.07 188
