0.45907 -2.43278 3.83 422
-0.75444 -2.15457 3.76 389
-0.73443 -1.50494 2.80 132
-0.33932 -0.84056 3.24 221
0.93782 -1.48713 4.00 517
0.55596 -0.85365 3.95 490
1.15313 -1.35906 3.32 238
0.48058 -0.67478 3.78 398
0.99248 -1.04735 1.68 28
0.57602 -0.56539 3.98 511
0.95675 -0.70435 3.77 392
1.10794 -0.87955 4.00 516
1.35583 -1.08334 3.01 176
-0.53703 -0.35908 3.85 433
-0.40066 -0.18257 3.35 246
1.49265 -0.99897 3.69 358
0.08354 -0.13439 3.76 387
1.34216 -0.77991 3.97 504
-1.21899 -0.58687 2.86 144
0.54648 -0.19705 3.27 228
1.33598 -0.62451 3.84 427
1.19369 -0.40669 1.86 38
1.52587 -0.70785 2.25 72
1.50664 -0.65711 3.44 270
-1.53985 -0.53636 0.46 9
-0.35059 0.23451 3.27 227
1.54094 -0.32330 1.96 45
0.51773 0.33135 -0.72 2
1.25073 0.01599 3.47 279
-1.51813 -0.05475 3.56 307
0.23021 0.46708 3.85 434
0.76644 0.38312 2.93 160
-1.26553 0.21756 4.00 515
1.56545 0.22561 1.78 33
0.78761 0.82159 3.17 206
1.31163 0.63993 3.25 224
-0.68129 0.90073 3.86 442
0.39900 0.91585 3.96 495
-1.54342 0.74943 3.24 220
1.65048 0.67943 3.73 374
1.36302 1.05111 2.70 117
1.66889 0.86693 3.61 328
0.36578 1.35239 3.12 196
0.13315 1.38522 3.87 450
0.24015 1.47142 2.64 107
-0.68709 1.42913 3.96 494
-0.76662 1.43118 3.56 308
0.77247 1.45502 3.85 435
1.14541 1.44416 3.96 496
0.80363 1.68918 3.02 179
-0.58474 1.68238 3.82 413
