-1.47004 -1.35942 3.82 414
1.12205 -1.36219 2.90 157
-0.62499 -1.26475 3.05 185
-1.50143 -0.96247 3.97 503
-0.65946 -1.16660 3.45 274
-0.10441 -1.13493 3.01 177
-1.28394 -0.67533 3.60 326
0.24304 -0.93151 3.71 364
-1.29475 -0.60771 3.14 202
1.31061 -0.50950 1.86 39
-0.89900 -0.54733 3.17 207
0.27072 -0.59129 2.44 87
0.94663 -0.32205 2.27 75
0.94684 -0.32217 3.95 491
0.70123 -0.36126 1.77 32
-0.13483 -0.45621 2.37 81
0.40277 -0.38402 3.31 237
-0.60533 -0.21480 3.80 405
-1.06383 0.13361 3.36 250
-0.10229 -0.16937 1.79 35
-0.64163 0.03516 3.67 350
0.90501 0.27278 3.65 344
0.05353 0.23149 3.84 429
0.33467 0.30562 3.87 453
0.88740 0.85641 3.05 187
0.70080 0.82801 2.08 59
-0.03212 1.44954 2.02 51
