-0.80001 -1.76999 3.55 304
-0.65082 -1.71416 3.71 363
-2.00982 -1.86124 3.87 449
-0.76602 -1.41251 2.06 57
0.90393 -1.41085 3.93 481
-1.28447 -1.34066 0.12 7
-1.22495 -1.24723 3.60 323
-0.35728 -1.18600 3.98 510
-0.93797 -1.17613 2.77 126
-1.37396 -1.13810 2.79 130
1.59594 -1.06817 3.90 468
-1.92024 -1.04120 3.93 480
-1.08928 -0.96044 3.36 248
-0.87278 -0.96993 3.81 410
-0.90458 -0.88608 1.70 29
-0.84005 -0.92997 2.05 54
-0.96352 -0.83238 2.23 68
-1.54514 -0.66143 3.72 367
0.81244 -0.51397 0.38 8
-1.57090 -0.46538 3.69 357
-1.03378 -0.44343 1.64 26
-1.58274 -0.38186 3.19 210
-0.60219 -0.39756 0.50 10
0.63159 -0.34822 2.90 156
1.34583 -0.26341 3.52 290
-0.87263 -0.24796 3.54 300
0.06846 -0.11153 3.36 249
-1.73204 0.21673 0.85 13
-0.02913 0.07429 1.93 43
0.48856 0.09333 3.58 317
1.72658 0.31781 3.94 484
0.30178 0.30209 3.79 400
-0.79277 0.36653 3.00 172
0.50159 0.38891 3.53 295
-0.21094 0.40399 2.88 149
-0.31159 0.40718 3.28 232
0.80701 0.55099 3.57 313
0.04797 0.54339 2.98 166
0.55624 0.71719 3.79 401
0.80273 0.75884 1.14 16
-0.90864 0.80848 1.65 27
0.65239 0.96605 1.98 47
0.65239 0.96607 2.88 150
-1.27104 1.16479 2.69 113
0.14889 1.04690 3.60 325
-0.46317 1.26803 2.62 104
-0.55292 1.40359 3.97 501
-1.08298 1.66273 3.17 205
-1.13526 1.66709 3.75 379
1.71468 1.93995 3.97 503
-1.11865 1.86489 2.99 168
-0.44164 1.78331 1.90 41
