-0.28009 -1.68436 2.00 50
-0.61266 -1.60484 2.23 69
-0.50682 -1.64381 3.84 430
-1.29756 -1.47078 2.70 118
1.16202 -1.45159 3.42 266
1.43020 -1.31495 3.83 423
-0.67605 -1.43397 3.68 354
1.28235 -1.31581 3.70 362
-1.39482 -1.20710 3.58 318
0.50372 -1.33319 3.92 478
0.26225 -1.30837 2.81 135
-0.77499 -1.14397 3.47 280
0.61803 -0.95193 3.16 204
1.08103 -0.82664 3.86 444
1.51025 -0.58074 0.03 5
-1.19075 -0.72670 3.03 181
0.24607 -0.86813 3.53 297
-0.82052 -0.69792 3.50 287
0.74435 -0.38620 3.80 409
-0.00241 -0.46446 3.89 465
-1.33641 0.04909 1.86 39
0.80104 -0.05218 2.23 70
1.56948 0.36841 3.79 402
0.57240 -0.07306 2.79 131
1.40324 0.37173 3.77 394
-1.33778 0.43859 2.27 75
-1.33780 0.43834 3.95 491
-1.51549 0.65664 1.77 32
0.67712 0.21680 3.75 383
-0.37709 0.24987 3.29 234
0.02542 0.34732 2.74 122
-0.77644 0.71823 3.65 344
0.27030 0.60201 3.17 208
0.86178 1.00592 3.07 188
-1.23280 1.64396 3.84 429
-0.99933 1.32511 3.87 453
1.21057 1.79192 3.23 219
0.90913 1.26287 3.83 424
-0.25483 0.95269 3.05 187
0.48939 1.10478 3.57 315
-0.33795 1.12390 2.08 59
0.80753 2.48426 3.21 216
