-0.23618 -1.70326 3.76 388
1.84616 -2.55340 3.65 345
1.61991 -2.18150 1.94 44
0.04422 -1.50807 3.34 244
0.04410 -1.45243 2.85 143
-0.17663 -1.48967 3.13 201
-1.16735 -1.51877 3.41 264
0.42483 -1.14740 3.66 348
0.10767 -1.10129 2.95 164
-1.23577 -1.31264 3.87 455
-1.59656 -1.39428 2.30 78
0.65041 -0.94146 3.51 288
-1.19163 -1.02364 3.37 253
-1.49796 -1.04463 2.68 112
-0.07791 -0.71616 3.33 241
0.17260 -0.70628 1.87 40
-1.80925 -1.12088 2.31 79
-1.51174 -0.98089 3.13 200
-0.25553 -0.67602 3.62 334
-1.10601 -0.77290 2.78 129
0.28490 -0.55422 3.03 182
-1.27276 -0.79487 3.22 217
1.33558 -0.81489 3.97 506
0.23502 -0.49048 2.41 84
-0.29756 -0.44120 3.08 189
-0.85789 -0.54357 3.41 265
-0.29271 -0.43919 3.57 314
0.14517 -0.38148 1.63 25
0.11455 -0.39085 2.69 116
0.31951 -0.38825 3.21 215
0.62390 -0.40796 3.11 194
-1.33838 -0.54357 3.56 310
0.71533 -0.29020 1.85 37
-0.32896 -0.24034 2.29 76
-1.01550 -0.30357 3.95 492
0.52834 -0.04933 2.99 169
1.23234 -0.13343 2.60 101
0.71248 -0.03832 2.70 119
-1.21712 -0.12408 3.66 347
-0.99006 -0.04691 3.88 461
-0.52005 0.07093 2.82 137
-1.26062 -0.03692 3.58 319
1.32055 -0.02218 3.32 240
-0.60871 0.15947 0.96 14
1.18108 0.08619 2.02 52
-0.99682 0.12781 2.89 153
1.04621 0.06990 3.17 209
0.83353 0.18981 2.81 136
-0.71631 0.19426 2.89 154
-1.78060 0.01774 3.29 233
0.02426 0.26595 3.27 230
-1.01272 0.32469 2.32 80
1.45816 0.35090 2.89 155
1.28114 0.37459 3.51 289
1.37286 0.32179 3.77 393
0.68284 0.44902 3.86 445
-0.94420 0.44510 3.96 499
-0.97105 0.49181 2.62 105
1.69550 0.51014 3.93 482
-0.12682 0.77275 2.43 86
0.23277 0.78949 3.54 303
-1.47129 0.73627 3.91 476
-0.59835 1.06160 2.56 97
-1.87961 1.05366 2.61 103
0.54827 1.11163 3.34 245
1.09808 1.18513 3.85 441
-0.92282 1.42618 3.24 222
1.66321 1.38827 3.44 272
-0.99537 1.49251 2.74 121
-1.40805 1.50149 3.53 296
0.93381 1.54858 3.26 225
