-2.01244 -1.56975 2.83 138
-0.72145 -1.70742 3.62 331
1.87249 -1.55621 3.65 342
1.86882 -1.40520 3.76 386
-0.34555 -1.35826 2.64 106
-0.16788 -1.19778 2.00 49
1.16438 -1.06221 2.87 146
1.18889 -1.06148 3.63 339
1.12770 -1.06768 3.70 361
1.13660 -1.04967 3.87 448
0.37223 -0.96077 3.63 338
-1.67296 -0.61676 2.06 55
-0.32280 -0.82884 3.41 262
-1.21676 -0.62212 3.27 226
1.11547 -0.58233 2.85 141
0.98805 -0.58508 3.83 419
-0.11542 -0.53520 3.00 171
-0.77708 -0.43127 2.06 56
0.47149 -0.29868 3.39 257
-0.88286 -0.24482 3.87 446
0.48591 -0.18127 2.12 62
1.01756 -0.12305 2.89 151
1.71644 0.20985 3.75 379
-0.15813 -0.13804 2.26 73
0.84384 -0.02110 3.77 391
1.62283 0.35212 2.99 168
0.46724 0.02815 3.80 404
-1.54483 0.49184 3.82 418
0.74688 0.24932 3.01 175
-0.36985 0.21833 3.57 312
0.55472 0.31866 1.79 34
0.27783 0.43112 3.95 488
0.35795 0.48321 2.93 159
-0.82235 0.62965 3.66 346
0.23264 0.59832 3.76 385
-0.74716 0.76085 2.23 67
-0.66134 0.80691 3.44 269
-1.68198 1.53668 3.75 384
-0.92341 1.00629 2.27 74
-0.56231 0.94908 2.47 91
-0.37011 0.86751 2.68 110
-0.15901 1.03562 3.38 254
-1.18763 1.75495 3.52 293
-1.31296 2.46647 3.23 219
-0.07474 1.58013 3.98 509
