0.52864 -1.59292 2.23 70
1.33279 -1.23239 3.79 402
0.27828 -1.57941 2.79 131
1.16624 -1.20155 3.77 394
0.41929 -1.25358 3.75 383
-0.68229 -1.03720 3.29 234
-0.23947 -0.99886 2.74 122
1.30675 -0.34815 3.43 268
1.39232 -0.13393 2.44 88
-0.96773 -0.48500 3.65 344
0.04945 -0.77316 3.17 208
0.65375 -0.48079 3.07 188
-1.14322 0.37597 3.84 429
-1.01704 0.08976 3.87 453
0.98038 0.11685 3.23 219
0.70824 -0.26146 3.83 424
-0.40394 -0.35092 3.05 187
0.31608 -0.33329 3.57 315
-0.44944 -0.18522 2.08 59
0.67135 0.65423 3.21 216
0.02393 0.56822 2.02 51
