1.12064 -1.81827 3.17 206
1.82031 -2.11563 3.25 224
-0.51274 -1.60778 3.86 442
0.66103 -1.66976 3.96 495
-1.46331 -1.72211 3.24 220
1.72316 -1.58028 2.70 117
0.59402 -1.19432 3.12 196
0.36160 -1.15010 3.87 450
0.46450 -1.07504 2.64 107
-0.42089 -1.06734 3.96 494
-0.49457 -1.06157 3.56 308
0.99122 -1.11767 3.85 435
1.37163 -1.14787 3.96 496
0.98734 -0.90885 3.02 179
-0.29077 -0.85482 3.82 413
1.53066 -0.95866 1.50 23
-1.37355 -0.92180 3.87 447
1.58714 -0.90567 3.47 278
1.70627 -0.83518 1.84 36
1.80574 -0.88525 3.85 436
1.50502 -0.65030 3.87 451
1.64614 -0.65757 3.02 180
0.06756 -0.39358 3.19 211
0.55567 -0.41826 3.60 324
-1.31978 -0.46999 3.69 356
0.35365 -0.31439 2.84 140
0.64878 -0.33917 3.81 411
1.28107 -0.31693 3.95 489
1.08681 -0.21817 1.98 46
0.41631 -0.15899 2.58 98
1.42654 -0.18694 -1.46 1
0.16491 -0.06527 3.31 236
0.60982 -0.00659 3.55 304
0.73906 0.02178 3.71 363
-0.28125 0.03363 3.87 449
-0.81774 0.05316 2.95 162
0.63580 0.27242 2.06 57
-1.04426 0.24857 3.54 299
-1.19910 0.25688 3.73 373
0.19247 0.36153 0.12 7
-1.79529 0.24782 3.89 462
0.23469 0.43458 3.60 323
1.03396 0.44772 3.98 510
0.47711 0.48253 2.77 126
0.10533 0.53115 2.79 130
-0.32130 0.62566 3.93 480
0.33364 0.67893 3.36 248
0.53066 0.66630 3.81 410
0.49864 0.74573 1.70 29
0.56051 0.70330 2.05 54
0.44179 0.79741 2.23 68
-0.07987 0.95509 3.72 367
-1.81549 1.08807 2.53 94
-0.12408 1.14321 3.69 357
-0.82081 1.17772 3.91 471
0.35722 1.19061 1.64 26
-0.14434 1.22628 3.19 210
0.80137 1.26694 0.50 10
0.51060 1.42079 3.54 300
-1.45561 1.40803 3.60 322
-1.42043 1.45464 3.74 376
1.67140 1.70799 3.36 249
-0.88781 1.61004 3.47 277
