-0.37050 -3.01766 3.83 422
-0.63660 -2.70658 3.89 466
-0.57427 -1.53264 3.76 389
-0.10806 -1.25248 2.80 132
0.60862 -1.29792 3.24 221
-1.04266 -1.78405 3.96 500
1.19066 -2.39685 3.95 490
1.32586 -2.19044 3.78 398
-1.29160 -1.35142 3.42 267
-1.43416 -1.58729 3.56 311
0.91836 -0.84121 3.85 433
1.16886 -0.87091 3.35 246
0.37286 -0.39266 2.86 144
-1.05266 -0.61734 2.86 145
-0.71495 -0.31043 3.99 513
0.27085 -0.13753 0.46 9
1.61512 -0.66960 3.27 227
0.06340 -0.01400 3.92 477
-1.09611 -0.05716 3.49 285
0.63359 0.10157 3.56 307
0.46209 0.13562 3.70 360
0.27314 0.30145 3.95 487
0.98140 0.08065 4.00 515
-1.59662 -0.03420 1.74 31
-1.27142 0.14388 2.10 61
0.05591 0.44193 3.31 235
-1.04797 0.33840 3.90 470
-0.47526 0.45701 3.88 456
-1.50940 0.25696 3.97 507
0.27973 0.61640 3.41 261
-0.33097 0.59134 3.94 483
-0.33942 0.66750 2.39 82
1.25659 0.57551 3.24 220
-1.61214 1.20089 1.16 17
1.77211 1.20034 3.87 447
