1.61042 -1.84576 3.08 191
1.53583 -1.66728 3.57 316
-1.98487 -1.56519 2.56 97
-0.59672 -1.41298 3.34 245
-0.06849 -1.30583 3.85 441
0.37057 -1.10134 3.44 272
-0.26078 -0.98239 3.26 225
1.33022 -0.86546 3.23 218
1.02472 -0.75469 3.90 469
-0.71879 -0.65846 3.75 382
-0.53832 -0.64754 3.97 505
0.62386 -0.63636 3.36 251
-0.77527 -0.55196 2.77 128
1.04008 -0.43993 3.71 366
0.96195 -0.30336 0.77 12
-1.43630 -0.24604 3.20 213
-0.43173 -0.28416 3.73 375
0.88954 -0.20928 2.72 120
-0.86454 -0.10265 2.08 60
0.32852 -0.05595 2.99 170
-1.14495 0.02126 3.48 283
1.64106 0.08697 3.63 340
1.66382 0.17025 3.77 395
0.87125 0.22884 3.82 417
1.02314 0.29826 3.47 281
-1.77845 0.53659 2.77 127
-0.20251 0.36356 3.84 431
-1.07971 0.61356 3.14 203
0.61803 0.73263 3.08 190
-0.65424 0.72285 3.42 266
-0.39067 0.75831 3.83 423
-0.50896 0.79564 3.70 362
-1.24274 1.01429 3.92 478
-1.50752 1.12485 2.81 135
0.22237 0.97478 3.24 223
1.59477 1.31121 2.46 90
0.11772 1.01058 3.45 275
0.90765 1.20481 3.89 467
-1.00661 1.33827 3.16 204
-0.50363 1.27526 3.86 444
-0.03460 1.33992 0.03 5
-1.41371 1.60234 3.53 297
1.98729 1.76063 3.72 371
1.20256 1.62907 2.20 65
1.67214 1.87209 3.94 486
1.74715 2.13318 3.72 370
