-1.77332 -1.58795 3.67 351
-1.59065 -1.59543 3.85 439
1.91480 -1.31945 3.82 417
-1.11372 -1.40283 3.75 381
-0.95634 -1.26386 2.77 127
0.58989 -1.28208 3.84 431
-0.32084 -1.10831 3.14 203
-1.31189 -0.91628 2.00 50
-1.64667 -0.78590 2.23 69
-1.54082 -0.84076 3.84 430
1.41006 -0.76140 3.08 190
0.07943 -0.94511 3.42 266
0.33433 -0.87528 3.83 423
-1.68046 -0.61353 3.68 354
0.21382 -0.85329 3.70 362
-0.46788 -0.74058 3.92 478
-0.68833 -0.67630 2.81 135
0.91711 -0.57523 3.24 223
0.80284 -0.55662 3.45 275
-1.73008 -0.31230 3.47 280
1.57373 -0.25007 3.89 467
-0.26812 -0.42873 3.16 204
0.17329 -0.40994 3.86 444
0.59630 -0.28422 0.03 5
-0.59671 -0.27648 3.53 297
-1.68617 0.14861 3.50 287
1.19917 0.24458 2.87 147
1.44661 0.45955 3.79 403
-0.00493 0.05341 3.80 409
-0.74261 0.16472 3.89 465
1.43646 0.51949 3.98 512
0.13808 0.34971 2.23 70
0.91883 0.53596 3.79 402
-0.07824 0.39081 2.79 131
0.78329 0.58385 3.77 394
0.10022 0.64165 3.75 383
-0.95839 1.01289 3.29 234
-0.50203 0.97833 2.74 122
1.21524 1.39895 3.43 268
1.39882 1.63648 2.44 88
-1.29909 1.70044 3.65 344
-0.18201 1.16171 3.17 208
0.50383 1.37265 3.07 188
-1.41907 2.56297 3.87 453
1.07011 2.06340 3.23 219
0.62740 1.62244 3.83 424
-0.63453 1.74973 3.05 187
0.18235 1.61592 3.57 315
-0.67906 1.98548 2.08 59
