-1.21499 -1.42485 3.77 397
1.16688 -1.24976 3.95 488
1.22026 -1.15701 2.93 159
-0.02636 -1.48933 3.66 346
1.02543 -1.08748 3.76 385
0.00405 -1.31948 2.23 67
0.06942 -1.23836 3.44 269
-1.06664 -0.88644 3.35 247
-0.93981 -0.95005 3.75 384
-0.22386 -1.14399 2.27 74
0.11477 -1.05973 2.47 91
0.31904 -1.06284 2.68 110
-1.34561 -0.29547 3.43 268
-1.16488 -0.44407 2.44 88
0.45001 -0.82187 3.38 254
-0.58968 -0.61030 3.52 293
-0.77513 -0.17678 3.23 219
-1.03934 0.21250 3.83 424
-0.96060 0.61684 3.57 315
0.33094 -0.34589 3.98 509
-0.17068 -0.10348 3.21 216
0.01855 0.50054 2.02 51
