0.76145 -1.86833 1.96 45
1.48286 -2.21957 3.54 301
-0.51329 -1.65242 -0.72 2
0.33382 -1.63946 3.47 279
0.73974 -1.72930 3.62 332
-0.88223 -1.64374 3.85 434
-0.28135 -1.47332 2.93 160
0.48514 -1.29091 1.78 33
1.05155 -1.42651 3.75 380
0.80676 -1.31880 3.84 426
0.86971 -1.29688 3.91 472
1.14280 -1.21201 2.21 66
-0.43261 -1.02808 3.17 206
0.09387 -1.00683 3.25 224
-0.84568 -1.08454 3.96 495
0.46171 -0.84406 2.25 71
1.46093 -1.12954 3.60 327
0.33823 -0.86348 3.73 374
-0.03091 -0.65170 2.70 117
0.27167 -0.70954 3.61 328
-1.00732 -0.69608 3.12 196
-1.25488 -0.74095 3.87 450
0.90459 -0.64674 3.97 502
-1.16475 -0.63256 2.64 107
0.96553 -0.53580 3.68 352
-0.65684 -0.49734 3.85 435
-0.34157 -0.41289 3.96 496
-0.69869 -0.31537 3.02 179
0.04751 -0.22895 2.45 89
-0.24914 -0.21674 1.50 23
0.27768 -0.21717 3.96 497
-0.21484 -0.15987 3.47 278
-0.13805 -0.07550 1.84 36
-0.06148 -0.09440 3.85 436
0.58096 0.01203 2.81 134
0.35399 -0.00208 3.34 242
-0.31404 0.03604 3.87 451
-0.20629 0.05882 3.02 180
-1.22681 0.03630 3.60 324
-1.48232 0.09435 2.84 140
-1.14655 0.13876 3.81 411
-0.55036 0.28851 3.95 489
-0.74098 0.34672 1.98 46
-1.45178 0.27608 2.58 98
-0.45026 0.43265 -1.46 1
-1.79150 0.32635 3.31 236
-1.27116 0.47778 3.55 304
-1.13746 0.52941 3.71 363
-1.31449 0.78667 2.06 57
0.28908 0.83784 3.93 481
-1.86247 0.93299 3.60 323
-0.93029 1.01512 3.98 510
-1.56226 1.01258 2.77 126
0.95642 1.16258 3.90 468
-1.80985 1.24451 3.36 248
-1.55020 1.23592 3.81 410
-1.61456 1.33215 1.70 29
-1.52407 1.28164 2.05 54
-1.70430 1.39595 2.23 68
1.86824 1.59165 3.88 457
