-1.52016 -1.77780 3.44 272
1.61392 -1.51806 3.84 432
1.32131 -1.43983 2.96 165
-0.42504 -1.47142 3.23 218
-0.69988 -1.35174 3.90 469
-1.10101 -1.21059 3.36 251
0.50665 -1.08775 3.92 479
1.32041 -1.00501 3.53 298
-0.62888 -1.01544 3.71 366
-0.68090 -0.86749 0.77 12
0.88963 -0.79940 2.39 83
-0.73522 -0.76332 2.72 120
1.78105 -0.67379 3.40 260
-1.30483 -0.53174 2.99 170
-0.03198 -0.55816 3.63 340
-0.00467 -0.48628 3.77 395
-0.67540 -0.31962 3.82 417
-0.52256 -0.27733 3.47 281
1.66781 0.11282 3.95 493
1.70527 0.18580 3.48 284
1.08128 0.10724 3.76 390
-0.83063 0.21657 3.08 190
1.51634 0.48856 2.94 161
0.38085 0.29196 3.20 214
-1.18942 0.55573 3.24 223
0.06919 0.48040 2.46 90
-1.29608 0.62304 3.45 275
-0.48543 0.56769 3.89 467
-1.39046 0.99250 0.03 5
0.37479 0.72242 3.72 371
-0.18669 0.83403 2.20 65
0.17873 0.88591 3.94 486
1.57134 1.30295 3.62 337
0.25233 1.05255 3.72 370
0.01425 1.12337 1.25 19
-0.55399 1.16478 2.87 147
-0.25862 1.22398 3.79 403
-0.23776 1.28277 3.98 512
1.08290 1.66404 3.77 397
-1.63426 2.04700 2.23 70
-0.65576 1.62004 3.79 402
-1.92818 2.32267 2.79 131
-0.75968 1.76826 3.77 394
