1.40881 -1.70432 2.58 98
1.07488 -1.54988 3.31 236
1.64090 -1.51601 3.55 304
1.81046 -1.49025 3.71 363
0.54386 -1.38517 3.87 449
-0.02771 -1.32240 2.95 162
1.62344 -1.15603 2.06 57
-0.23313 -1.09381 3.54 299
-0.37748 -1.07792 3.73 373
1.06962 -1.02595 0.12 7
-0.90489 -1.06136 3.89 462
1.11212 -0.94408 3.60 323
1.39304 -0.89805 2.77 126
0.95726 -0.83259 2.79 130
0.49853 -0.72395 3.93 480
-1.46504 -0.71801 3.04 183
1.20183 -0.67781 3.36 248
1.43156 -0.69408 3.81 410
1.38342 -0.60835 1.70 29
1.46156 -0.65432 2.05 54
1.31173 -0.55383 2.23 68
0.73897 -0.39966 3.72 367
-1.06225 -0.35037 3.47 276
-0.78410 -0.30759 2.53 94
0.68919 -0.22607 3.69 357
0.04175 -0.21312 3.91 471
1.17767 -0.16942 1.64 26
0.66737 -0.15253 3.19 210
1.65329 -0.08291 0.50 10
1.31608 0.04432 3.54 300
-0.46452 -0.04592 3.60 322
-0.43204 -0.00894 3.74 376
0.00881 0.13222 3.47 277
0.36941 0.31895 3.40 258
0.25466 0.30253 3.65 342
0.36817 0.32384 3.84 425
0.46330 0.35726 0.85 13
0.29351 0.40699 3.76 386
0.36490 0.49889 3.53 294
-1.74306 0.75719 2.64 106
1.30341 0.70241 3.00 172
-1.52335 0.88443 2.00 49
-0.15638 0.76568 2.87 146
-0.13542 0.76231 3.63 339
-0.18906 0.76698 3.70 361
-0.17698 0.78105 3.87 448
-0.88886 1.01019 3.63 338
1.10612 1.12998 1.65 27
-1.70776 1.33551 3.41 262
-0.07124 1.22158 2.85 141
-0.19030 1.24983 3.83 419
0.70058 1.35292 2.69 113
-1.41736 1.63710 3.00 171
1.53938 1.84301 2.62 104
-0.65685 1.73056 3.39 257
1.40447 1.94736 3.97 501
