1.64167 -1.60700 3.67 351
1.81255 -1.56289 3.85 439
-0.07483 -1.52216 2.68 111
0.21817 -1.46802 -0.04 3
1.58266 -0.85619 2.00 50
1.21634 -0.88383 2.23 69
1.33549 -0.88685 3.84 430
0.56201 -0.95694 2.70 118
1.08310 -0.75937 3.68 354
0.37755 -0.77976 3.58 318
0.86742 -0.54787 3.47 280
-0.67626 -0.29683 2.90 157
0.33692 -0.34193 3.03 181
0.63266 -0.18917 3.50 287
-1.69242 0.43571 3.01 177
1.31885 0.36988 3.89 465
-1.22523 0.42088 3.71 364
-0.10807 0.23152 1.86 39
-1.01614 0.69886 2.44 87
-0.27943 0.55026 2.27 75
-0.27933 0.55004 3.95 491
-0.50039 0.64991 1.77 32
-1.36023 1.08518 2.37 81
-0.77652 0.80264 3.31 237
0.60018 0.85538 3.29 234
-1.15912 1.34654 1.79 35
0.95286 1.18512 2.74 122
-1.68069 2.03685 3.67 350
0.02668 1.06936 3.65 344
1.08928 1.61334 3.17 208
1.59423 2.56648 3.07 188
-0.75301 1.63444 3.84 429
-0.43466 1.48975 3.87 453
1.51204 2.92956 3.83 424
0.37210 1.60838 3.05 187
1.07405 2.34022 3.57 315
0.20969 1.72156 2.08 59
