0.04150 -1.73497 1.96 45
0.69013 -1.83414 3.54 301
1.52981 -2.24361 3.89 463
-1.30211 -1.95352 -0.72 2
-0.39286 -1.64878 3.47 279
0.00265 -1.61109 3.62 332
-1.75688 -2.08910 3.85 434
-1.06515 -1.68102 2.93 160
1.26294 -1.67930 2.69 114
1.17861 -1.55483 3.84 428
-0.29696 -1.26478 1.78 33
0.23584 -1.24411 3.75 380
0.00614 -1.20663 3.84 426
0.05948 -1.17009 3.91 472
0.28503 -1.02582 2.21 66
-1.31294 -1.25771 3.17 206
-0.73224 -1.08779 3.25 224
1.00744 -1.08475 3.85 437
-1.81121 -1.45026 3.96 495
-0.38494 -0.83515 2.25 71
0.53588 -0.88124 3.60 327
-0.50396 -0.88301 3.73 374
-0.92114 -0.75543 2.70 117
-0.59426 -0.74511 3.61 328
0.00114 -0.55292 3.97 502
0.04028 -0.43751 3.68 352
-1.67668 -0.74063 3.85 435
-1.31002 -0.57472 3.96 496
-1.76187 -0.54807 3.02 179
-0.90340 -0.30285 2.45 89
-1.23568 -0.34600 1.50 23
-0.66297 -0.24980 3.96 497
-1.20578 -0.27902 3.47 278
-1.13254 -0.17595 1.84 36
-1.04396 -0.18255 3.85 436
-0.39435 0.02541 2.81 134
-0.61767 -0.02140 3.34 242
-1.35338 -0.08709 3.87 451
-1.23218 -0.04505 3.02 180
-1.68266 0.15203 3.95 489
-1.58440 0.32475 -1.46 1
1.44598 0.33639 3.81 412
1.26004 0.62675 3.61 329
-0.81328 0.82210 3.93 481
0.65884 0.88057 1.98 48
-0.20365 1.17218 3.90 468
0.88798 1.34188 3.91 473
0.51661 1.57178 3.88 457
