0.61271 -2.19664 3.83 422
0.39992 -2.50467 3.89 466
-0.61461 -2.45576 3.76 389
-0.79898 -1.81258 2.80 132
-0.60608 -1.00964 3.24 221
0.76336 -1.16281 4.00 517
1.12407 -1.71246 3.87 452
0.24954 -0.71297 3.95 490
1.18787 -1.88885 3.62 333
0.91032 -0.97547 3.32 238
0.12930 -0.57115 3.78 398
0.68871 -0.74817 1.68 28
0.18478 -0.43886 3.98 511
1.38643 -1.36789 3.64 341
0.56261 -0.44840 3.77 392
0.74115 -0.56027 4.00 516
1.00428 -0.66523 3.01 176
1.29278 -0.91878 2.76 125
-0.95861 -0.60690 3.85 433
-0.87379 -0.38630 3.35 246
1.09391 -0.54856 3.69 358
-0.40530 -0.18465 3.76 387
0.91119 -0.39965 3.97 504
0.05113 -0.10385 3.27 228
1.37703 -0.76179 3.32 239
1.31553 -0.66243 3.40 259
0.86398 -0.26274 3.84 427
0.68427 -0.10811 1.86 38
1.04346 -0.28162 2.25 72
1.01416 -0.24226 3.44 270
1.50000 -0.62903 3.82 415
1.21359 -0.24213 3.13 198
1.22142 -0.10546 2.50 93
-0.95390 0.04223 3.27 227
0.95301 0.06363 1.96 45
1.49103 -0.26985 3.54 301
-0.13006 0.38600 -0.72 2
0.61669 0.29034 3.47 279
0.96495 0.16907 3.62 332
-0.44462 0.43744 3.85 434
0.08477 0.50103 2.93 160
0.82568 0.55992 1.78 33
1.33853 0.36917 3.75 380
1.13151 0.49366 3.84 426
1.19958 0.50460 3.91 472
1.50054 0.54427 2.21 66
-0.02261 0.91798 3.17 206
0.49669 0.87362 3.25 224
-1.51979 0.61650 3.86 442
-0.41642 0.91368 3.96 495
0.90821 0.99170 2.25 71
0.77414 0.98717 3.73 374
0.42716 1.26159 2.70 117
0.73887 1.15989 3.61 328
-0.58028 1.32830 3.12 196
-0.82105 1.30811 3.87 450
1.45392 1.14966 3.97 502
-0.74056 1.41674 2.64 107
-1.70111 1.15802 3.96 494
-1.79039 1.14038 3.56 308
1.56819 1.27072 3.68 352
-0.22145 1.51458 3.85 435
0.12412 1.58033 3.96 496
-0.26096 1.74418 3.02 179
-1.67203 1.44383 3.82 413
