-1.16477 -2.03438 3.42 267
-1.38022 -2.27170 3.56 311
1.40548 -2.15087 3.85 433
1.73012 -2.28718 3.35 246
0.81276 -1.40549 2.86 144
-0.71688 -1.27147 2.86 145
-1.39421 -1.55000 3.65 345
-0.31347 -1.02774 3.99 513
0.74117 -1.08443 0.46 9
-1.70539 -1.66602 1.94 44
0.53882 -0.89753 3.92 477
-0.60864 -0.68453 3.49 285
1.18230 -0.90906 3.56 307
0.99461 -0.83026 3.70 360
0.81431 -0.61115 3.95 487
1.58562 -1.02078 4.00 515
-1.04348 -0.56232 1.74 31
-0.71408 -0.45649 2.10 61
0.61008 -0.42304 3.31 235
-0.46782 -0.31543 3.90 470
0.08757 -0.30727 3.88 456
-0.89034 -0.30884 3.97 507
0.86881 -0.29281 3.41 261
0.25225 -0.20551 3.94 483
0.25844 -0.13242 2.39 82
-1.38933 -0.09829 3.01 178
-0.74034 0.50581 1.16 17
-0.66751 1.00832 3.66 349
1.66828 0.87219 4.00 514
-0.49334 1.08583 3.97 508
0.59809 1.21006 2.04 53
-0.93228 1.32491 3.27 231
1.52925 1.25123 3.50 286
1.05764 1.70979 3.45 273
1.78851 1.63992 3.73 372
