1.93591 -1.85087 3.87 449
1.19668 -1.70586 2.95 162
-1.39946 -1.48462 3.45 273
-0.71232 -1.45430 3.73 372
0.93616 -1.42660 3.54 299
0.77563 -1.39898 3.73 373
-1.12935 -1.33115 3.60 321
0.23591 -1.34845 3.89 462
1.78227 -1.03696 3.93 480
-0.28845 -0.98715 3.04 183
0.04464 -0.63309 3.47 276
0.30113 -0.58491 2.53 94
1.15996 -0.45960 3.91 471
0.59743 -0.30872 3.60 322
0.62760 -0.26925 3.74 376
1.08733 -0.09138 3.47 277
1.48768 0.14451 3.40 258
-0.90067 0.05425 3.62 331
1.35234 0.11389 3.65 342
1.48561 0.14970 3.84 425
1.59803 0.19749 0.85 13
1.38657 0.23055 3.76 386
1.46122 0.33844 3.53 294
-0.57178 0.32949 2.64 106
-0.40617 0.46403 2.00 49
0.84822 0.53923 2.87 146
0.87063 0.53902 3.63 339
0.81382 0.53563 3.70 361
0.82523 0.55141 3.87 448
0.12053 0.66187 3.63 338
-0.56560 0.82030 3.41 262
-1.54352 1.08556 3.27 226
0.89732 1.00349 2.85 141
0.77128 1.00712 3.83 419
1.76816 1.31117 2.69 113
-0.35379 1.12007 3.00 171
-1.08283 1.27835 2.06 56
0.28522 1.35411 3.39 257
-1.23082 1.51324 3.87 446
0.31497 1.49392 2.12 62
0.89801 1.52750 2.89 151
1.81008 1.93840 3.17 205
1.75159 1.89932 3.75 379
-0.40083 1.59504 2.26 73
0.73236 1.66788 3.77 391
1.70555 2.10426 2.99 168
0.32101 1.76188 3.80 404
