-0.66569 -1.64469 3.93 480
0.06683 -1.57561 3.36 248
0.28095 -1.58986 3.81 410
0.24005 -1.49619 1.70 29
0.30956 -1.54567 2.05 54
0.17632 -1.43697 2.23 68
-0.37102 -1.26194 3.72 367
-0.40496 -1.06762 3.69 357
-1.11122 -1.02664 3.91 471
0.07141 -1.02595 1.64 26
-0.41987 -0.98649 3.19 210
0.48886 -0.95886 0.50 10
0.20510 -0.81710 3.54 300
-1.70003 -0.79881 3.60 322
-1.64941 -0.75716 3.74 376
1.17467 -0.60149 3.36 249
-1.08992 -0.63229 3.47 277
-0.67273 -0.46756 3.40 258
-0.79468 -0.47311 3.65 342
-0.67341 -0.46242 3.84 425
-0.57260 -0.43796 0.85 13
1.03277 -0.40932 1.93 43
1.63875 -0.32786 3.58 317
-0.74029 -0.36977 3.76 386
-0.65579 -0.28547 3.53 294
1.37096 -0.12384 3.79 400
0.21913 -0.20193 3.00 172
1.59271 -0.00013 3.53 295
0.78728 -0.09030 2.88 149
0.68303 -0.10089 3.28 232
-1.16777 0.05011 2.87 146
-1.14536 0.04353 3.63 339
-1.20358 0.05650 3.70 361
-1.18783 0.06859 3.87 448
1.04226 0.08893 2.98 166
1.59148 0.35767 3.79 401
0.07343 0.19214 1.65 27
1.65574 0.63367 1.98 47
-1.00562 0.46842 2.85 141
1.65573 0.63369 2.88 150
-1.12515 0.51716 3.83 419
-0.25864 0.44342 2.69 113
1.07136 0.60373 3.60 325
0.43196 0.68119 2.62 104
-1.54170 1.05061 3.39 257
0.33530 0.78136 3.97 501
-1.46713 1.16503 2.12 62
-0.88616 0.92201 2.89 151
-0.14019 0.88802 3.17 205
-0.18254 0.88084 3.75 379
-1.00313 1.11249 3.77 391
-0.18252 1.04154 2.99 168
0.39684 1.12910 1.90 41
-1.38452 1.40177 3.80 404
-0.03267 1.16701 0.08 6
-0.96703 1.44415 3.01 175
-1.13565 1.65535 1.79 34
-1.40487 2.01627 3.95 488
-1.27695 2.00596 2.93 159
0.35235 1.73326 3.72 368
