-0.73941 -1.81824 2.69 114
0.41580 -1.71486 2.17 64
-0.85044 -1.76310 3.84 428
0.37885 -1.68006 3.86 443
1.81645 -2.13018 2.30 78
1.23063 -1.83032 2.55 95
-2.02051 -2.22656 3.75 380
1.54274 -1.87461 3.55 305
1.30154 -1.67252 3.87 454
1.83252 -1.70665 2.31 79
1.21950 -1.47486 3.04 184
1.33181 -1.48880 3.83 421
-1.17029 -1.43385 3.85 437
1.22724 -1.42295 3.41 263
-1.77404 -1.54967 3.60 327
1.02494 -1.20986 3.88 459
1.51775 -1.15906 2.06 58
0.92081 -1.01486 2.75 123
-0.31185 -0.64821 3.54 302
1.63795 -0.56568 3.27 229
0.42188 -0.19305 2.65 108
0.99551 -0.23668 3.00 174
0.12417 -0.14015 3.00 173
0.20037 0.12841 2.59 99
0.38235 0.17800 2.95 163
-0.92345 0.16231 3.11 193
-1.25451 0.09241 3.81 412
-0.52847 0.26577 3.56 309
-1.53571 0.32743 3.61 329
1.17095 0.42958 0.98 15
0.58911 1.01872 3.65 343
0.58911 1.01872 3.68 353
1.41248 1.06754 3.37 252
0.28051 1.06641 3.89 464
-0.13291 1.21383 3.61 330
0.81888 1.32181 3.38 256
-1.38257 1.75580 3.85 438
