0.17119 -0.50930 3.83 422
0.41439 -0.63953 3.89 466
0.65123 -1.51256 3.76 389
-0.65290 -0.50038 4.00 517
-0.27230 -0.15172 3.87 452
-1.01249 -1.09791 3.95 490
1.00063 -1.20240 3.96 500
-0.15797 -0.09457 3.62 333
-0.85055 -0.38819 3.32 238
-1.04262 -0.62863 1.68 28
0.83058 -0.28702 1.92 42
-0.29443 0.00792 2.69 115
0.46781 -0.02547 2.89 152
-0.26432 0.07153 3.05 186
-0.58552 0.03644 3.64 341
-1.25300 -0.60496 4.00 516
-1.17369 -0.33279 3.01 176
-0.96189 -0.05608 2.76 125
0.34961 0.22365 3.19 212
1.23973 -0.38816 3.62 336
-0.43967 0.30413 1.33 20
-0.43961 0.30413 1.73 30
0.78145 0.13644 2.85 142
-0.73322 0.18930 3.13 199
0.88040 0.05632 3.85 440
-1.30943 -0.25884 3.69 358
-1.12425 0.00942 3.32 239
-1.21615 -0.04828 3.40 259
0.38805 0.44557 -0.01 4
0.15831 0.50839 0.61 11
0.38807 0.44555 1.33 21
-0.51751 0.43504 3.59 320
1.38577 -0.17688 3.62 335
-0.35427 0.51748 1.25 18
1.24565 0.11050 3.76 388
-0.58908 0.50860 2.80 133
-1.11536 0.22916 3.78 399
-1.27220 0.11124 3.82 415
-1.01802 0.28754 3.91 474
-0.50528 0.62965 1.63 24
1.43549 0.19111 3.13 201
-1.08431 0.55697 3.89 463
-0.00093 0.90243 2.30 77
0.78287 0.84945 3.41 264
-0.74432 0.84546 3.96 498
-0.80834 0.92892 2.60 100
-0.64557 1.00917 3.91 475
-1.54915 0.64249 2.69 114
-0.54407 1.11299 2.17 64
-1.68466 0.64458 3.84 428
-0.58587 1.13045 3.86 443
0.85649 1.04249 3.87 455
0.60063 1.20106 2.30 78
0.15154 1.26829 2.55 95
0.39641 1.32291 3.55 305
1.06389 1.24912 3.37 253
0.19425 1.42411 3.87 454
0.84939 1.42738 2.68 112
0.61639 1.54874 2.31 79
0.10609 1.58259 3.04 184
0.87896 1.49299 3.13 200
0.20345 1.60339 3.83 421
1.30534 1.42184 2.78 129
0.10694 1.63603 3.41 263
1.16611 1.51369 3.22 217
