0.58203 -2.26094 3.83 422
0.34365 -2.54628 3.89 466
-0.65910 -2.38545 3.76 389
-0.79119 -1.73221 2.80 132
-0.54301 -0.95808 3.24 221
0.81434 -1.23604 4.00 517
1.14143 -1.82691 3.87 452
0.32861 -0.73784 3.95 490
0.97889 -1.06069 3.32 238
0.21872 -0.58575 3.78 398
0.77012 -0.81149 1.68 28
0.28439 -0.45810 3.98 511
0.66493 -0.49897 3.77 392
0.83797 -0.62669 4.00 516
1.09920 -0.75547 3.01 176
1.37713 -1.03846 2.76 125
-0.85705 -0.53086 3.85 433
-0.75821 -0.32048 3.35 246
1.20043 -0.64511 3.69 358
-0.28381 -0.15776 3.76 387
1.02417 -0.47890 3.97 504
0.17586 -0.11261 3.27 228
1.47671 -0.88654 3.32 239
1.42063 -0.78001 3.40 259
0.98635 -0.33665 3.84 427
0.81470 -0.16624 1.86 38
1.16914 -0.37042 2.25 72
1.14203 -0.32817 3.44 270
1.34772 -0.34432 3.13 198
1.36643 -0.20616 2.50 93
-0.80439 0.10773 3.27 227
1.10282 -0.01369 1.96 45
0.03203 0.38944 -0.72 2
0.77646 0.24034 3.47 279
1.12323 0.09212 3.62 332
-0.27601 0.46234 3.85 434
0.25536 0.48938 2.93 160
1.01051 0.49751 1.78 33
1.52479 0.26751 3.75 380
1.31996 0.40897 3.84 426
1.39121 0.41526 3.91 472
1.70724 0.43433 2.21 66
0.17944 0.91308 3.17 206
0.69919 0.83577 3.25 224
-1.30818 0.70989 3.86 442
-0.21243 0.93327 3.96 495
1.12846 0.92879 2.25 71
0.99065 0.93265 3.73 374
0.65834 1.23028 2.70 117
0.96786 1.10930 3.61 328
-0.34305 1.35430 3.12 196
-0.58084 1.34771 3.87 450
1.70587 1.05529 3.97 502
-0.49394 1.45068 2.64 107
-1.44187 1.24960 3.96 494
-1.52820 1.23744 3.56 308
1.83487 1.17198 3.68 352
0.02615 1.51983 3.85 435
0.37676 1.56706 3.96 496
0.00415 1.75067 3.02 179
-1.39324 1.52695 3.82 413
