0.76577 -1.75449 2.64 107
-0.20100 -1.69075 3.96 494
-0.27884 -1.67968 3.56 308
1.36971 -1.84065 3.85 435
1.82081 -1.90427 3.96 496
1.35245 -1.58802 3.02 179
-0.05635 -1.45437 3.82 413
1.99227 -1.68124 1.50 23
-1.17063 -1.47326 3.87 447
1.93131 -1.31007 3.87 451
0.32853 -0.95828 3.19 211
0.84974 -1.00365 3.60 324
-1.07790 -0.98942 3.69 356
0.63066 -0.88245 2.84 140
0.94831 -0.91989 3.81 411
1.64584 -0.91811 3.95 489
1.42226 -0.80190 1.98 46
0.69470 -0.71711 2.58 98
1.79915 -0.77844 -1.46 1
0.43047 -0.61106 3.31 236
0.89611 -0.56053 3.55 304
1.03265 -0.53369 3.71 363
-0.02371 -0.49805 3.87 449
-0.55334 -0.46680 2.95 162
0.91517 -0.27128 2.06 57
-0.75970 -0.26940 3.54 299
-0.90566 -0.25903 3.73 373
0.45756 -0.17499 0.12 7
-1.45910 -0.25915 3.89 462
0.49996 -0.10280 3.60 323
1.32650 -0.09809 3.98 510
0.74589 -0.05762 2.77 126
0.36976 -0.00658 2.79 130
-0.04878 0.08741 3.93 480
0.59753 0.13577 3.36 248
0.79655 0.12275 3.81 410
0.76243 0.19984 1.70 29
0.82597 0.15863 2.05 54
0.70428 0.24956 2.23 68
0.19072 0.39727 3.72 367
-1.71345 0.46544 3.47 276
-1.39579 0.50819 2.53 94
0.15063 0.56956 3.69 357
-0.49949 0.59460 3.91 471
0.61493 0.61705 1.64 26
0.13252 0.64438 3.19 210
1.05106 0.69173 0.50 10
0.76068 0.82724 3.54 300
-1.05414 0.78781 3.60 322
-1.01987 0.82796 3.74 376
-0.53936 0.96846 3.47 277
-0.15495 1.16021 3.40 258
-0.27655 1.14784 3.65 342
-0.15616 1.16579 3.84 425
-0.05578 1.19820 0.85 13
1.77390 1.33257 1.93 43
-0.23414 1.26470 3.76 386
-0.15646 1.36637 3.53 294
0.81254 1.53335 3.00 172
1.53298 1.73466 2.88 149
1.39606 1.70950 3.28 232
-0.74155 1.73228 2.87 146
-0.71695 1.72603 3.63 339
-0.77994 1.73704 3.70 361
-0.76630 1.75378 3.87 448
