1.97917 -1.64588 3.04 183
-1.92945 -1.52199 3.84 432
-0.91790 -1.20305 3.69 359
-1.40068 -0.70819 3.40 260
-1.00760 -0.48039 2.49 92
-0.08789 -0.52565 2.83 138
0.95333 -0.47690 3.62 331
1.23139 -0.13094 2.64 106
-1.18638 0.02199 3.95 493
1.38080 0.04939 2.00 49
-1.12853 0.07232 3.48 284
-1.73951 0.24063 3.76 390
-0.91721 0.23630 2.42 85
-0.13502 0.21907 2.06 55
1.11988 0.35766 3.41 262
-1.16414 0.40421 2.94 161
0.22159 0.31687 3.27 226
1.27062 0.71558 3.00 171
0.55100 0.60561 2.06 56
0.39439 0.75010 3.87 446
-0.81973 1.04783 3.62 337
1.10981 1.12915 2.26 73
1.87959 1.64427 3.80 404
-0.41907 1.22522 3.82 418
0.76054 1.43697 3.57 312
1.93813 2.10314 1.79 34
-1.05591 1.65298 3.77 397
1.49851 2.07194 3.95 488
1.59782 2.20044 2.93 159
0.15163 1.68314 3.66 346
