0.07821 -1.74178 2.62 105
-1.01415 -1.53284 2.75 124
1.03268 -1.51275 2.43 86
1.47893 -1.53738 3.54 303
-0.34715 -1.40921 3.91 476
0.52233 -1.14899 2.56 97
-0.60388 -1.07936 2.61 103
1.82877 -1.18053 3.34 245
-1.09739 -0.87116 3.88 460
0.25095 -0.79795 3.24 222
0.19570 -0.74117 2.74 121
-0.14140 -0.72613 3.53 296
-1.02286 -0.42751 3.72 369
0.41635 -0.42713 3.82 416
1.55648 -0.37127 3.75 382
1.77528 -0.35229 3.97 505
1.47374 -0.26205 2.77 128
-0.12207 -0.29372 3.71 365
-0.20808 -0.18910 2.65 109
0.77040 -0.01729 3.20 213
-0.32989 0.03184 3.80 407
-0.32989 0.03193 3.80 408
1.30138 0.19544 2.08 60
0.99506 0.27415 3.48 283
-0.17760 0.28997 3.67 351
-0.04552 0.30147 3.85 439
-1.75826 0.60609 2.68 111
-1.41461 0.60049 -0.04 3
0.27898 0.49425 3.75 381
0.38262 0.62737 2.77 127
0.96514 0.87470 3.14 203
-0.00616 0.86713 2.00 50
-0.31426 0.92105 2.23 69
-0.21416 0.89243 3.84 430
-0.95697 1.00897 2.70 118
1.40154 1.13327 3.42 266
1.72387 1.28294 3.83 423
-0.39685 1.06740 3.68 354
1.56488 1.27425 3.70 362
-1.12449 1.24696 3.58 318
0.74934 1.21701 3.92 478
0.50635 1.22958 2.81 135
-0.54286 1.34177 3.47 280
0.92031 1.63829 3.16 204
1.48739 1.82824 3.86 444
-1.08324 1.78556 3.03 181
0.51062 1.71411 3.53 297
