-0.78155 -1.63000 3.92 478
-1.01997 -1.53813 2.81 135
0.74402 -1.51129 3.24 223
0.62268 -1.48277 3.45 275
1.41340 -1.17990 3.89 467
-0.52039 -1.26900 3.16 204
-0.04290 -1.27451 3.86 444
0.41016 -1.15788 0.03 5
-0.85677 -1.07372 3.53 297
1.55059 -0.74971 2.20 65
1.56791 -0.37531 1.25 19
1.01958 -0.63285 2.87 147
1.25124 -0.43536 3.79 403
-0.19500 -0.75112 3.80 409
-0.94727 -0.58361 3.89 465
1.23895 -0.37641 3.98 512
-0.02834 -0.45477 2.23 70
0.74346 -0.32495 3.79 402
-0.24196 -0.39847 2.79 131
0.61314 -0.26931 3.77 394
-0.04698 -0.16553 3.75 383
-1.04062 0.25891 3.29 234
-0.60241 0.19295 2.74 122
1.00704 0.43257 3.43 268
1.16211 0.61492 2.44 88
-1.26131 0.87666 3.65 344
-0.27989 0.33299 3.17 208
1.37047 1.25376 3.52 293
0.36644 0.46354 3.07 188
-1.24020 1.54442 3.87 453
0.86973 0.97516 3.23 219
0.48332 0.66188 3.83 424
-0.64388 0.86335 3.05 187
0.08493 0.69074 3.57 315
-0.65922 1.05331 2.08 59
0.75794 1.67606 3.21 216
0.03571 1.78731 2.02 51
