0.83786 -1.64633 3.49 285
-0.41496 -1.27686 3.11 195
0.47433 -1.26532 1.74 31
0.82574 -1.33957 2.10 61
-1.89865 -1.74464 3.51 288
1.14512 -1.33413 3.90 470
1.85584 -1.70228 3.88 456
0.71466 -1.09590 3.97 507
-1.27729 -1.07322 3.97 506
0.36781 -0.68339 3.01 178
1.17914 -0.37227 1.16 17
-1.73058 -0.52698 2.60 101
-1.70254 -0.37824 3.32 240
0.08185 0.13699 3.74 377
-1.76621 0.02583 2.89 155
1.44249 0.07628 3.66 349
1.66450 0.10276 3.97 508
-1.62374 0.24907 3.93 482
0.35007 0.46876 2.87 148
0.25858 0.44225 3.68 355
1.28450 0.41693 3.27 231
-0.78326 0.52172 3.08 191
-0.83902 0.64609 3.57 316
-0.44146 0.83797 3.77 396
1.34375 0.91581 3.74 378
0.16193 1.07186 2.91 158
0.91411 1.32568 3.84 432
0.67733 1.39656 2.96 165
-1.02943 1.36242 3.23 218
-1.35915 1.48820 3.90 469
-1.88524 1.65384 3.36 251
1.94118 1.66864 3.69 359
