0.52974 -1.75238 3.91 476
-1.46631 -1.55968 0.98 15
1.50276 -1.52013 2.56 97
0.24484 -1.37955 2.61 103
-0.23943 -1.14713 3.88 460
1.14623 -1.10521 3.24 222
1.07800 -1.04065 2.74 121
0.70383 -1.01788 3.53 296
-1.23243 -0.85105 3.37 252
-0.18741 -0.70764 3.72 369
1.30521 -0.69342 3.82 416
0.69456 -0.55851 3.71 365
0.59722 -0.45182 2.65 109
1.68884 -0.22685 3.20 213
-1.67746 -0.13072 2.83 139
0.45850 -0.23085 3.80 407
0.45850 -0.23076 3.80 408
0.59790 0.03846 3.67 351
0.73442 0.05965 3.85 439
-0.84368 0.21876 2.68 111
-0.56310 0.24031 -0.04 3
1.06923 0.28428 3.75 381
1.17316 0.43207 2.77 127
1.83047 0.76403 3.14 203
0.73673 0.62935 2.00 50
0.42240 0.64507 2.23 69
0.52335 0.62932 3.84 430
-0.18155 0.65305 2.70 118
0.33387 0.77410 3.68 354
-0.33569 0.84655 3.58 318
1.53722 1.08818 3.92 478
1.25944 1.06115 2.81 135
0.18123 1.00980 3.47 280
1.69502 1.54842 3.16 204
-1.51603 1.59418 2.90 157
-0.31761 1.32283 3.03 181
1.22264 1.54043 3.53 297
0.02177 1.44295 3.50 287
