1.61372 -1.48633 2.77 127
1.05809 -1.26981 2.00 50
0.71136 -1.26657 2.23 69
0.82406 -1.27983 3.84 430
0.06395 -1.28542 2.70 118
0.59681 -1.12797 3.68 354
-0.09928 -1.08326 3.58 318
1.49559 -0.78729 2.81 135
0.41197 -0.89286 3.47 280
-1.12607 -0.46399 2.90 157
-0.08421 -0.62817 3.03 181
1.32615 -0.36195 3.53 297
0.22505 -0.50761 3.50 287
0.92546 -0.04761 3.89 465
-1.59633 0.35397 3.71 364
-0.45470 0.00320 1.86 39
1.40548 0.55619 2.79 131
-1.32309 0.60157 2.44 87
-0.58319 0.34222 2.27 75
-0.58313 0.34200 3.95 491
-0.79338 0.47296 1.77 32
-1.62355 1.04132 2.37 81
1.41971 0.90439 3.75 383
-1.05462 0.66592 3.31 237
0.31106 0.50618 3.29 234
-1.36529 1.25920 1.79 35
0.66981 0.75797 2.74 122
-0.21077 0.79445 3.65 344
0.83168 1.12035 3.17 208
1.34122 1.84841 3.07 188
-0.90313 1.45720 3.84 429
-0.60662 1.26513 3.87 453
1.29949 2.16058 3.83 424
0.18111 1.23452 3.05 187
0.88255 1.75206 3.57 315
0.04248 1.36444 2.08 59
0.70903 3.47117 3.21 216
