1.61371 -0.95978 2.79 131
-1.22310 -1.13979 2.44 87
-0.46874 -1.37033 2.27 75
-0.46867 -1.37059 3.95 491
-0.68779 -1.23761 1.77 32
-1.45110 -0.72069 2.37 81
1.51299 -0.60569 3.75 383
-0.94316 -1.04887 3.31 237
0.47118 -1.10732 3.29 234
-1.17981 -0.50289 1.79 35
0.79728 -0.81144 2.74 122
-0.09294 -0.84720 3.65 344
0.88346 -0.45343 3.17 208
1.18893 0.17013 3.07 188
-0.74474 -0.29946 3.84 429
-0.48144 -0.43898 3.87 453
1.08705 0.38175 3.83 424
0.25124 -0.40410 3.05 187
0.81112 0.06556 3.57 315
0.11149 -0.30394 2.08 59
0.44985 1.07727 3.21 216
-0.00205 0.57633 2.02 51
