-0.43438 -0.13937 3.83 422
-0.21641 0.01793 3.89 466
0.55576 -0.14627 3.76 389
0.69697 -0.61589 2.80 132
-0.82441 -0.90702 4.00 517
-0.97726 -0.39451 3.87 452
0.45529 0.25997 3.96 500
-0.97673 -0.25973 3.62 333
-0.34047 0.53858 1.92 42
-1.14866 -0.34512 2.69 115
-0.73996 0.35082 2.89 152
-1.19819 -0.28694 3.05 186
0.84780 0.44597 3.42 267
0.68090 0.56267 3.56 311
-1.03808 0.36829 3.19 212
-0.08372 0.82784 3.62 336
-0.74393 0.71058 2.85 142
-0.62375 0.75454 3.85 440
-1.24315 0.51942 -0.01 4
-1.43163 0.33592 0.61 11
-1.24312 0.51942 1.33 21
-0.19852 1.05397 3.62 335
-0.50733 1.09250 3.76 388
1.21429 0.75414 3.65 345
1.09966 0.97785 1.94 44
-0.27670 1.31054 3.34 244
-0.28547 1.36387 2.85 143
-0.49447 1.29366 3.13 201
-1.45700 1.11121 3.41 264
0.06510 1.74783 3.66 348
