-1.68345 -1.95032 2.45 89
-1.35654 -1.84182 3.96 497
-1.96682 -1.79684 1.84 36
-1.84814 -1.79500 3.85 436
-0.99446 -1.44447 2.81 134
-1.27018 -1.52653 3.34 242
1.25339 -0.95493 3.11 193
0.90179 -0.95956 3.81 412
1.74352 -0.92453 3.56 309
0.68214 -0.68240 3.61 329
-1.39749 -0.56297 3.93 481
0.10067 -0.46319 1.98 48
-0.73461 -0.21356 3.90 468
0.26405 -0.06087 3.91 473
-0.07476 0.12289 3.88 457
-1.42887 0.30718 0.38 8
-0.32766 0.31843 3.11 192
-0.44380 0.34563 3.38 255
-1.63089 0.50263 2.90 156
-0.86432 0.51107 3.52 290
0.28134 0.53241 3.52 291
0.99967 0.52443 3.85 438
1.82526 0.65906 3.94 485
0.65133 0.65898 1.35 22
1.65471 0.95528 3.34 243
0.63693 0.93556 3.52 292
-1.78903 1.04755 3.58 317
-0.47218 1.00876 3.94 484
0.81416 1.13562 2.61 102
0.81423 1.13556 3.80 406
1.65245 1.29530 2.56 96
-1.75296 1.41654 3.53 295
0.34437 1.34773 2.98 167
0.76769 1.35794 3.44 271
-1.34640 1.50807 3.57 313
0.43757 1.49845 3.88 458
-1.65528 1.82486 3.79 401
-1.33265 1.76683 1.14 16
