0.67190 -1.64741 2.65 109
1.84741 -1.37054 3.20 213
-1.81350 -1.25686 2.83 139
0.50179 -1.37534 3.80 407
0.50179 -1.37523 3.80 408
0.63335 -1.06311 3.67 351
0.77601 -1.03939 3.85 439
-0.87491 -0.86505 2.68 111
-0.58248 -0.84193 -0.04 3
1.10040 -0.79513 3.75 381
1.18704 -0.64123 2.77 127
1.78469 -0.31374 3.14 203
0.72907 -0.44369 2.00 50
0.41729 -0.42832 2.23 69
0.51792 -0.44372 3.84 430
-0.17919 -0.42053 2.70 118
0.32516 -0.30418 3.68 354
-0.32436 -0.23600 3.58 318
1.44731 -0.01618 3.92 478
1.18919 -0.04021 2.81 135
0.17206 -0.08624 3.47 280
1.52170 0.37283 3.16 204
-1.35475 0.40955 2.90 157
-0.29178 0.18678 3.03 181
1.09851 0.36639 3.53 297
0.01975 0.28691 3.50 287
1.59355 1.01481 3.80 409
0.75626 0.70620 3.89 465
-0.65381 0.85720 1.86 39
1.61825 1.43543 2.23 70
1.33362 1.32327 2.79 131
-1.64175 1.62937 2.44 87
-0.79061 1.24839 2.27 75
-0.79054 1.24813 3.95 491
-1.02617 1.42125 1.77 32
1.41630 1.72878 3.75 383
-1.33237 1.68283 3.31 237
0.18671 1.36087 3.29 234
-1.75177 2.51140 1.79 35
0.59795 1.62547 2.74 122
-0.36687 1.75755 3.65 344
