0.43716 -1.81661 3.24 221
-1.32069 -3.03518 3.96 500
1.31003 -2.89273 3.95 490
1.37651 -2.59727 3.78 398
1.58943 -2.61152 3.98 511
0.62431 -1.23378 3.85 433
0.86475 -1.19976 3.35 246
1.37177 -1.59957 3.76 387
-0.00810 -0.90453 2.86 144
-1.52586 -1.54996 2.86 145
-1.17960 -1.09658 3.99 513
-0.16373 -0.66616 0.46 9
1.20926 -0.88999 3.27 227
-0.39738 -0.58701 3.92 477
-1.66049 -0.91527 3.49 285
0.13722 -0.35092 3.56 307
-0.03352 -0.35245 3.70 360
-0.25070 -0.22838 3.95 487
0.46373 -0.30214 4.00 515
-0.49260 -0.13361 3.31 235
-1.65973 -0.47038 3.90 470
-1.04323 -0.22354 3.88 456
-0.30596 0.07474 3.41 261
-0.91371 -0.06095 3.94 483
-0.93530 0.01235 2.39 82
1.36090 -0.13228 3.86 442
0.59535 0.20030 3.24 220
1.70337 0.27449 3.96 494
1.62907 0.31541 3.56 308
0.88361 0.80183 3.87 447
1.09135 1.22844 3.69 356
0.00007 1.34855 4.00 514
-1.10819 1.48522 2.04 53
-0.23272 1.68690 3.50 286
