0.35432 -2.52348 3.83 422
-0.78545 -1.99192 3.76 389
-0.67192 -1.36936 2.80 132
-0.19512 -0.79383 3.24 221
0.99099 -1.67711 4.00 517
0.69548 -0.96473 3.95 490
1.23698 -1.59074 3.32 238
0.64613 -0.77175 3.78 398
1.11722 -1.24177 1.68 28
0.76066 -0.67848 3.98 511
1.13380 -0.88644 3.77 392
1.26522 -1.09279 4.00 516
-0.31505 -0.29065 3.85 433
-0.15683 -0.13912 3.35 246
0.32794 -0.16640 3.76 387
-0.99273 -0.40383 2.86 144
0.78743 -0.30273 3.27 228
1.43131 -0.62469 1.86 38
-1.28025 -0.30603 0.46 9
-0.04579 0.26307 3.27 227
-1.56462 -0.38896 3.92 477
0.83985 0.23424 -0.72 2
1.55978 -0.20020 3.47 279
-1.19206 0.14830 3.56 307
-1.35676 0.04642 3.70 360
0.56735 0.41182 3.85 434
1.10567 0.25013 2.93 160
-0.92030 0.37349 4.00 515
1.19674 0.69324 3.17 206
-0.26787 0.95977 3.86 442
0.80849 0.83984 3.96 495
-1.10076 0.91752 3.24 220
0.84200 1.28402 3.12 196
0.60985 1.34365 3.87 450
0.73185 1.41817 2.64 107
-0.19531 1.47736 3.96 494
-0.27173 1.48784 3.56 308
1.28064 1.34118 3.85 435
1.67555 1.28645 3.96 496
1.35045 1.57703 3.02 179
-0.05836 1.71526 3.82 413
