0.19937 -1.64632 2.65 108
0.83462 -1.67625 3.00 174
-0.13655 -1.59188 3.00 173
-0.05743 -1.26199 2.59 99
0.13494 -1.19933 2.95 163
-1.30581 -1.25677 3.11 193
-1.70674 -1.35329 3.81 412
-0.84734 -1.12376 3.56 309
0.90860 -0.90720 0.98 15
0.28991 -0.34400 3.65 343
0.28991 -0.34400 3.68 353
1.03232 -0.29962 3.37 252
-0.00124 -0.30166 3.89 464
-0.39128 -0.17107 3.61 330
0.47542 -0.08285 3.38 256
-1.51692 0.28754 3.85 438
0.55839 0.32718 2.83 139
-0.74935 0.31120 3.94 485
-0.40519 0.51964 2.14 63
-0.87834 0.59388 3.34 243
1.29654 0.81226 2.68 111
1.62901 0.91059 -0.04 3
-1.70036 0.96559 2.61 102
-1.70028 0.96550 3.80 406
-0.87256 0.89037 2.56 96
-1.74415 1.21371 3.44 271
1.86459 1.75028 3.58 318
-0.79256 1.68905 3.48 282
-1.13970 1.84059 3.83 420
