0.32115 -3.05068 3.83 422
-0.84055 -2.30276 3.76 389
-0.66158 -1.63491 2.80 132
-0.12481 -1.07006 3.24 221
1.06584 -2.15359 4.00 517
0.78663 -1.33576 3.95 490
1.33816 -2.08398 3.32 238
0.74561 -1.12434 3.78 398
1.22276 -1.68080 1.68 28
0.87076 -1.03581 3.98 511
1.25584 -1.29394 3.77 392
1.38865 -1.53203 4.00 516
-0.20492 -0.54021 3.85 433
-0.03447 -0.39919 3.35 246
0.45339 -0.46538 3.76 387
-0.88686 -0.59996 2.86 144
0.91824 -0.64362 3.27 228
-1.15724 -0.47870 0.46 9
0.10637 -0.00505 3.27 227
-1.44125 -0.53907 3.92 477
0.99893 -0.09812 -0.72 2
-1.02452 -0.03656 3.56 307
-1.19328 -0.12438 3.70 360
0.73071 0.09921 3.85 434
1.27328 -0.10176 2.93 160
-1.49044 -0.12110 3.95 487
-0.74079 0.16369 4.00 515
1.38409 0.33532 3.17 206
-0.06033 0.68486 3.86 442
0.99594 0.50426 3.96 495
-0.86131 0.69345 3.24 220
1.05006 0.92981 3.12 196
0.82270 0.99894 3.87 450
0.94695 1.06273 2.64 107
0.04754 1.16566 3.96 494
-0.02489 1.17917 3.56 308
1.49207 0.96014 3.85 435
1.56993 1.18045 3.02 179
0.19518 1.37772 3.82 413
-0.88579 1.41226 3.87 447
