1.87521 -2.70018 1.86 38
-1.56952 -2.18836 0.46 9
-0.05036 -1.42108 3.27 227
-1.95077 -2.31512 3.92 477
0.92847 -1.45612 -0.72 2
1.87226 -2.03263 3.47 279
-1.33877 -1.56283 3.56 307
-1.55296 -1.69379 3.70 360
0.60760 -1.24588 3.85 434
1.21882 -1.43676 2.93 160
-0.99229 -1.29014 4.00 515
1.22110 -0.93836 3.17 206
-0.26162 -0.67275 3.86 442
0.80515 -0.78940 3.96 495
-1.08243 -0.71332 3.24 220
0.78165 -0.37876 3.12 196
0.56103 -0.32783 3.87 450
0.66576 -0.26547 2.64 107
-0.17611 -0.21692 3.96 494
-0.24464 -0.20841 3.56 308
1.17856 -0.32992 3.85 435
1.55487 -0.37667 3.96 496
1.19997 -0.13706 3.02 179
-0.05083 -0.03008 3.82 413
1.74755 -0.20961 1.50 23
-1.05356 -0.04542 3.87 447
1.77440 0.08952 3.87 451
0.31603 0.40043 3.19 211
0.81250 0.35871 3.60 324
-1.03262 0.37174 3.69 356
0.61290 0.47133 2.84 140
0.91696 0.43614 3.81 411
1.59181 0.43781 3.95 489
1.39740 0.54824 1.98 46
0.69055 0.63105 2.58 98
1.77339 0.57096 -1.46 1
0.43427 0.73740 3.31 236
0.91047 0.78919 3.55 304
1.05319 0.81700 3.71 363
-0.02430 0.85426 3.87 449
-0.56975 0.88725 2.95 162
0.96944 1.10050 2.06 57
-0.80497 1.10261 3.54 299
-0.96110 1.11427 3.73 373
0.49167 1.21011 0.12 7
-1.54839 1.11414 3.89 462
0.54308 1.29437 3.60 323
1.44194 1.29993 3.98 510
0.81578 1.34804 2.77 126
0.40758 1.40958 2.79 130
-0.05455 1.52544 3.93 480
0.67333 1.58639 3.36 248
0.89576 1.56989 3.81 410
0.86785 1.66856 1.70 29
0.93408 1.61551 2.05 54
0.80802 1.73349 2.23 68
