0.61626 -1.66665 2.06 56
0.42653 -1.49188 3.87 446
-0.83003 -1.16585 3.62 337
1.10452 -1.08390 2.26 73
1.68768 -0.62358 3.80 404
-0.40880 -0.99063 3.82 418
0.71086 -0.79756 3.57 312
1.60078 -0.28328 1.79 34
-0.94653 -0.61657 3.77 397
1.24447 -0.30468 3.95 488
1.29765 -0.21801 2.93 159
0.13515 -0.59247 3.66 346
1.11063 -0.16944 3.76 385
0.15159 -0.44659 2.23 67
0.20705 -0.37196 3.44 269
-0.89266 -0.14128 3.35 247
-0.76476 -0.18919 3.75 384
-0.07398 -0.30998 2.27 74
0.23845 -0.21095 2.47 91
0.43268 -0.19890 2.68 110
-1.26036 0.39520 3.43 268
-1.05798 0.26460 2.44 88
0.54854 0.03215 3.38 254
-0.47738 0.15093 3.52 293
-1.28621 1.08631 3.07 188
-0.71818 0.56288 3.23 219
-1.04931 0.94878 3.83 424
-1.04193 1.41227 3.57 315
0.40910 0.48627 3.98 509
-0.11791 0.69183 3.21 216
0.02332 1.37789 2.02 51
