-0.51403 -1.69876 3.79 400
-1.82086 -1.47016 3.00 172
-0.27730 -1.61251 3.53 295
-1.08485 -1.50216 2.88 149
-1.20403 -1.48446 3.28 232
1.79141 -1.27080 2.98 167
0.05957 -1.45639 3.57 313
-0.74906 -1.36601 2.98 166
1.82545 -1.09195 3.88 458
-0.18099 -1.23788 3.79 401
0.06711 -1.22623 1.14 16
-1.75494 -0.91992 1.65 27
-0.06399 -0.99389 1.98 47
-0.06399 -0.99388 2.88 150
-0.54301 -0.84131 3.60 325
1.17342 -0.69498 3.13 197
1.09836 -0.56484 3.82 414
-1.10666 -0.53739 2.62 104
-1.15928 -0.40295 3.97 501
1.69622 -0.03419 3.05 185
-1.60551 -0.09617 3.17 205
-1.65626 -0.08315 3.75 379
0.81350 -0.34165 3.97 503
1.59068 0.01156 3.45 274
-1.57090 0.06391 2.99 168
-0.95825 -0.11737 1.90 41
-1.35385 0.10289 0.08 6
0.76047 -0.04799 3.60 326
0.70692 -0.01214 3.14 202
0.93593 0.27363 3.17 207
-0.78329 0.36984 3.72 368
1.50144 0.93289 2.37 81
0.90479 0.71442 3.80 405
0.33179 0.60784 3.36 250
1.28917 1.18478 1.79 35
0.68493 0.86090 3.67 350
1.08480 1.66084 3.84 429
1.28621 2.04939 3.87 453
-1.21762 2.38776 3.98 509
1.15675 3.03209 2.08 59
-0.82897 3.17976 3.21 216
