-0.80660 -1.74567 3.42 267
-1.02386 -1.90391 3.56 311
1.23451 -1.68164 2.86 144
-0.29141 -1.14659 2.86 145
-0.92807 -1.24803 3.65 345
0.12818 -1.00597 3.99 513
1.21392 -1.32616 0.46 9
-1.20110 -1.28120 1.94 44
1.02532 -1.07972 3.92 477
-0.09678 -0.61031 3.49 285
1.54974 -1.12539 3.70 360
1.38413 -0.84817 3.95 487
-1.34175 -0.70818 3.11 195
-0.47447 -0.41079 1.74 31
-0.15836 -0.37146 2.10 61
1.19001 -0.60431 3.31 235
0.09718 -0.28073 3.90 470
0.65185 -0.37759 3.88 456
-0.29685 -0.19944 3.97 507
1.50626 -0.52352 3.41 261
0.84193 -0.30641 3.94 483
0.86145 -0.23297 2.39 82
-0.70542 0.07770 3.01 178
-0.02753 0.55665 1.16 17
-1.24327 0.86101 3.74 377
0.12350 1.03556 3.66 349
0.30496 1.09484 3.97 508
1.47889 1.11580 2.04 53
-1.04171 1.29462 2.87 148
-1.13840 1.24900 3.68 355
-0.07485 1.36464 3.27 231
