-0.32182 -1.74085 3.89 466
-0.68310 -0.90666 3.76 389
-0.37859 -0.49921 2.80 132
0.24041 -0.25960 3.24 221
-0.99906 -1.29111 3.96 500
0.95365 -0.84316 3.95 490
1.00579 -0.65625 3.78 398
1.16369 -0.63624 3.98 511
0.36130 0.23001 3.85 433
0.57517 0.29412 3.35 246
1.01762 0.03844 3.76 387
-0.26249 0.42950 2.86 144
1.39624 -0.31801 3.27 228
-1.35510 0.07627 3.99 513
-0.45598 0.63487 0.46 9
0.88186 0.62202 3.27 227
-0.70871 0.67862 3.92 477
-0.20435 1.00780 3.56 307
-0.38155 0.98038 3.70 360
1.58661 0.47790 3.85 434
-0.63686 1.08467 3.95 487
0.12631 1.10995 4.00 515
-0.92349 1.15597 3.31 235
-1.50308 0.96705 3.88 456
-0.77159 1.43439 3.41 261
-1.41675 1.17577 3.94 483
-1.46821 1.26047 2.39 82
1.03738 1.43240 3.86 442
0.21264 1.72734 3.24 220
