-1.43770 -2.49132 3.62 336
0.42726 -1.48703 2.86 145
-1.74491 -2.38295 3.62 335
-0.19071 -1.32869 3.65 345
0.90859 -1.52541 3.99 513
-0.42752 -1.25776 1.94 44
0.77663 -1.01352 3.49 285
-0.39231 -0.68974 3.11 195
0.44871 -0.67942 1.74 31
0.77802 -0.74561 2.10 61
-1.75078 -1.09755 3.51 288
1.07927 -0.74077 3.90 470
1.71512 -1.06144 3.88 456
0.68231 -0.52640 3.97 507
-1.22099 -0.50570 3.97 506
0.35925 -0.14173 3.01 178
1.17203 0.16030 1.16 17
-1.70516 0.00878 2.60 101
-1.69169 0.15440 3.32 240
0.08378 0.67841 3.74 377
-1.79615 0.56271 2.89 155
1.47125 0.61503 3.66 349
1.70031 0.64262 3.97 508
-1.67296 0.79661 3.93 482
0.36540 1.03288 2.87 148
0.26949 1.00404 3.68 355
1.33664 0.97658 3.27 231
-0.82017 1.09077 3.08 191
-0.88513 1.22814 3.57 316
-0.47117 1.44419 3.77 396
1.44103 1.53329 3.74 378
0.17533 1.71448 2.91 158
