0.07417 -1.05410 3.83 422
0.34608 -1.14822 3.89 466
0.77084 -2.08561 3.76 389
-0.79247 -1.20317 4.00 517
-0.43882 -0.75566 3.87 452
-1.11795 -1.97221 3.95 490
1.05942 -1.65130 3.96 500
-0.32975 -0.67586 3.62 333
-1.01940 -1.11778 3.32 238
-1.20343 -1.42666 1.68 28
0.69101 -0.70265 1.92 42
-0.48428 -0.59343 2.69 115
0.28597 -0.49890 2.89 152
-0.46243 -0.52297 3.05 186
-0.78876 -0.61415 3.64 341
-1.37793 -1.11954 3.01 176
-1.17550 -0.77839 2.76 125
0.12669 -0.27031 3.19 212
1.10772 -0.73528 3.62 336
-0.67237 -0.31627 1.33 20
-0.67231 -0.31625 1.73 30
0.56004 -0.28791 2.85 142
-0.96076 -0.48140 3.13 199
0.67029 -0.35074 3.85 440
-1.35623 -0.73792 3.32 239
-1.45036 -0.81645 3.40 259
0.12666 -0.04905 -0.01 4
-0.10606 -0.02305 0.61 11
0.12668 -0.04907 1.33 21
-0.76790 -0.19807 3.59 320
1.19853 -0.49914 3.62 335
-0.61361 -0.09159 1.25 18
1.00420 -0.24104 3.76 388
-0.84941 -0.13650 2.80 133
-1.36706 -0.50520 3.78 399
-1.52481 -0.65624 3.82 415
-1.26952 -0.42838 3.91 474
-0.77913 -0.00525 1.63 24
1.33511 -0.28440 3.34 244
1.36842 -0.24648 2.85 143
1.16279 -0.13530 3.13 201
-1.36417 -0.16604 3.89 463
-0.31865 0.32556 2.30 77
0.42985 0.38265 3.41 264
-1.04394 0.16745 3.96 498
-1.11702 0.23782 2.60 100
-0.96265 0.33630 3.91 475
-0.87382 0.44659 2.17 64
-0.91687 0.45710 3.86 443
0.46328 0.56496 3.87 455
0.20182 0.67288 2.30 78
-0.22563 0.67667 2.55 95
-0.00566 0.75470 3.55 305
0.61364 0.77068 3.37 253
-0.20795 0.81868 3.87 454
0.39001 0.89818 2.68 112
0.16020 0.97469 2.31 79
-0.31188 0.94537 3.04 184
0.40533 0.95719 3.13 200
1.60858 0.56780 3.62 334
-0.22478 0.97433 3.83 421
0.79549 0.94534 2.78 129
-0.31836 0.99124 3.41 263
0.65625 1.00669 3.22 217
-0.53695 1.10317 3.88 459
1.74472 0.82648 3.08 189
1.12889 1.03641 3.41 265
1.75147 0.82565 3.57 314
0.24873 1.23310 4.00 518
-0.15528 1.32712 2.06 58
-0.69007 1.24993 2.75 123
0.72498 1.27336 3.56 310
1.13304 1.36644 3.95 492
