1.55453 -1.08993 2.23 70
1.31404 -1.19609 2.79 131
-1.51160 -0.91839 2.44 87
-0.79260 -1.27006 2.27 75
-0.79258 -1.27032 3.95 491
-0.98890 -1.10306 1.77 32
1.27684 -0.83588 3.75 383
-1.21286 -0.87359 3.31 237
0.18240 -1.15989 3.29 234
-1.35664 -0.28947 1.79 35
0.55101 -0.92170 2.74 122
-0.32876 -0.81264 3.65 344
0.69533 -0.58530 3.17 208
1.09571 -0.02748 3.07 188
-0.88346 -0.16110 3.84 429
-0.64448 -0.34421 3.87 453
1.03315 0.19604 3.83 424
0.08650 -0.43248 3.05 187
0.71290 -0.06572 3.57 315
-0.03383 -0.31051 2.08 59
0.53295 0.98750 3.21 216
0.00487 0.57608 2.02 51
