-0.10540 -1.71498 3.88 459
1.84846 -2.05540 3.41 265
0.74919 -1.67296 4.00 518
0.31929 -1.51940 2.06 58
-0.23143 -1.53633 2.75 123
1.28510 -1.69133 3.56 310
1.74191 -1.63915 3.95 492
-1.69215 -1.49314 3.54 302
1.57527 -1.31329 3.66 347
1.87584 -1.35796 3.88 461
1.56054 -1.19779 3.58 319
0.32756 -0.91988 3.27 229
1.08888 -0.92004 3.29 233
-0.84177 -0.77357 2.65 108
-0.26465 -0.71636 3.00 174
-1.18264 -0.77320 3.00 173
-1.12099 -0.46580 2.59 99
0.93647 -0.36232 2.75 124
-0.92460 -0.38800 2.95 163
1.61681 -0.36137 3.91 476
-0.19298 -0.06284 0.98 15
1.34759 -0.01447 2.61 103
0.85593 0.21908 3.88 460
-0.79953 0.45446 3.65 343
-0.79953 0.45446 3.68 353
-0.07136 0.50349 3.37 252
-1.12251 0.49728 3.89 464
-1.60487 0.64541 3.61 330
0.92363 0.64477 3.72 369
-0.61211 0.72771 3.38 256
-0.53256 1.17343 2.83 139
1.75571 1.22660 3.80 407
1.75572 1.22671 3.80 408
-1.71171 1.50692 2.14 63
2.00986 1.61208 3.67 351
0.21043 1.64599 2.68 111
0.51631 1.71293 -0.04 3
