0.64269 -1.58792 3.49 285
-0.61465 -1.31316 3.11 195
0.27629 -1.23927 1.74 31
0.62004 -1.28824 2.10 61
0.92456 -1.26109 3.90 470
1.59798 -1.56533 3.88 456
0.50412 -1.05639 3.97 507
1.86386 -1.54330 3.94 483
1.89820 -1.45517 2.39 82
-1.52772 -1.16570 3.97 506
0.15044 -0.66928 3.01 178
0.92269 -0.32404 1.16 17
-0.16381 0.13562 3.74 377
1.15444 0.12078 3.66 349
1.35976 0.15342 3.97 508
0.09082 0.47418 2.87 148
0.00118 0.44554 3.68 355
0.99425 0.44612 3.27 231
-1.06490 0.49995 3.08 191
-1.12822 0.62611 3.57 316
-0.72160 0.82914 3.77 396
1.03241 0.93106 3.74 378
-0.11822 1.07205 2.91 158
0.60948 1.32748 3.84 432
0.37797 1.39685 2.96 165
-1.35726 1.36069 3.23 218
-1.71612 1.49108 3.90 469
1.55965 1.65748 3.69 359
