-0.51250 -1.49352 2.90 157
0.60730 -1.48033 3.03 181
0.91174 -1.27500 3.50 287
-1.51301 -0.75145 3.01 177
1.53307 -0.60299 3.89 465
-1.05819 -0.73396 3.71 364
0.06772 -0.85286 1.86 39
-0.84291 -0.44436 2.44 87
-0.12442 -0.53649 2.27 75
-0.12432 -0.53670 3.95 491
-0.34498 -0.45455 1.77 32
-1.14575 -0.11385 2.37 81
-0.61208 -0.32871 3.31 237
0.71269 -0.17825 3.29 234
-1.47006 0.37435 3.80 405
-0.95088 0.12508 1.79 35
1.00260 0.14489 2.74 122
-1.35634 0.62579 3.67 350
0.13979 -0.02641 3.65 344
1.05922 0.51091 3.17 208
-0.58606 0.38870 3.84 429
-0.30348 0.29642 3.87 453
1.20958 1.46519 3.83 424
0.41135 0.45225 3.05 187
0.93560 1.04722 3.57 315
0.25669 0.52884 2.08 59
-0.00971 1.46417 2.02 51
