1.30629 -1.65726 3.91 471
0.66017 -1.46951 3.60 322
0.69012 -1.42155 3.74 376
1.16992 -1.21110 3.47 277
1.55623 -0.94560 3.40 258
-0.95229 -1.04543 3.62 331
1.41977 -0.97923 3.65 342
1.55311 -0.93993 3.84 425
1.66131 -0.88798 0.85 13
1.43592 -0.85239 3.76 386
1.49444 -0.73812 3.53 294
-0.58539 -0.74749 2.64 106
-0.40949 -0.60863 2.00 49
0.84791 -0.53284 2.87 146
0.87033 -0.53305 3.63 339
0.81386 -0.53643 3.70 361
0.82381 -0.52068 3.87 448
0.11884 -0.41196 3.63 338
-0.54807 -0.26058 3.41 262
-1.45365 -0.01850 3.27 226
0.85249 -0.09194 2.85 141
0.73246 -0.08866 3.83 419
1.62633 0.17693 2.69 113
-0.33197 0.01199 3.00 171
-0.99937 0.14906 2.06 56
0.26119 0.21309 3.39 257
-1.10891 0.34437 3.87 446
0.28433 0.32866 2.12 62
0.80789 0.35594 2.89 151
1.56341 0.67522 3.17 205
1.51866 0.64596 3.75 379
-0.35815 0.41023 2.26 73
0.64963 0.46796 3.77 391
1.44976 0.79700 2.99 168
0.28210 0.54124 3.80 404
1.56249 0.99820 0.08 6
0.58013 0.75084 3.01 175
-0.56400 0.79632 3.57 312
0.39369 0.83688 1.79 34
0.12022 0.97697 3.95 488
0.20650 1.02703 2.93 159
-1.04310 1.28565 3.66 346
1.75372 1.76523 3.72 368
0.08517 1.16236 3.76 385
-0.95947 1.42932 2.23 67
-0.86423 1.47471 3.44 269
-1.15601 1.73440 2.27 74
-0.75232 1.63110 2.47 91
-0.54334 1.51794 2.68 110
-0.30629 1.69352 3.38 254
