1.01340 -1.80684 3.97 507
-1.12106 -1.62982 3.97 506
0.62338 -1.29918 3.01 178
1.51019 -0.99560 1.16 17
-1.50393 -1.01076 2.60 101
-1.45934 -0.85835 3.32 240
-1.64952 -0.81522 2.02 52
-1.79572 -0.89710 3.17 209
0.33103 -0.40285 3.74 377
-1.47154 -0.45097 2.89 155
-1.65952 -0.48948 3.51 289
1.77612 -0.51600 3.66 349
-1.54397 -0.50738 3.77 393
-1.31495 -0.23910 3.93 482
0.60715 -0.07719 2.87 148
0.51435 -0.10116 3.68 355
1.58338 -0.15385 3.27 231
-0.50444 0.00063 3.08 191
-0.54922 0.11940 3.57 316
-0.16212 0.29222 3.77 396
1.61880 0.34193 3.74 378
0.42492 0.50196 2.91 158
-1.66116 0.50607 3.44 272
1.16328 0.73095 3.84 432
0.92757 0.79564 2.96 165
-0.67629 0.76696 3.23 218
-0.95982 0.87463 3.90 469
-1.39892 1.01122 3.36 251
0.22314 1.12213 3.92 479
1.02667 1.19735 3.53 298
-0.94219 1.20781 3.71 366
-1.02541 1.37144 0.77 12
0.64508 1.42130 2.39 83
-1.10771 1.49411 2.72 120
1.58184 1.54597 3.40 260
-1.85943 1.80553 2.99 170
-0.33260 1.73135 3.63 340
