0.99837 -1.79766 2.21 66
-0.69486 -1.70350 3.17 206
-0.11814 -1.63913 3.25 224
1.92307 -2.06581 3.85 437
-1.16280 -1.80368 3.96 495
0.26510 -1.42747 2.25 71
1.31196 -1.68014 3.60 327
0.13655 -1.45757 3.73 374
-0.26164 -1.24276 2.70 117
0.05969 -1.28890 3.61 328
-1.33233 -1.35482 3.12 196
-1.61690 -1.42387 3.87 450
0.70608 -1.18242 3.97 502
-1.50770 -1.29138 2.64 107
0.75823 -1.05970 3.68 352
-0.93692 -1.10679 3.85 435
-0.59579 -0.99590 3.96 496
-0.97911 -0.90737 3.02 179
-0.19011 -0.77839 2.45 89
-0.49916 -0.77894 1.50 23
0.04555 -0.75559 3.96 497
-0.46382 -0.71685 3.47 278
-0.38513 -0.62467 1.84 36
-0.30572 -0.64132 3.85 436
0.33878 -0.50655 2.81 134
0.11360 -0.52935 3.34 242
-0.56861 -0.51519 3.87 451
-0.45736 -0.48755 3.02 180
-1.54136 -0.55030 3.60 324
-1.81893 -0.49818 2.84 140
-1.44889 -0.43848 3.81 411
-0.81319 -0.26361 3.95 489
-1.01069 -0.21009 1.98 46
-1.77296 -0.30472 2.58 98
-0.70922 -0.11562 -1.46 1
-1.56582 -0.09139 3.55 304
-1.42126 -0.03584 3.71 363
-1.59518 0.21639 2.06 57
0.01638 0.28997 3.93 481
1.52661 0.28255 1.98 48
-1.18860 0.44186 3.98 510
0.62381 0.59174 3.90 468
-1.81451 0.64556 3.81 410
-1.87478 0.73538 1.70 29
-1.78451 0.68851 2.05 54
1.80331 0.74000 3.91 473
1.39086 0.95996 3.88 457
-0.00983 1.12001 0.38 8
1.10701 1.18401 3.11 192
0.97454 1.20969 3.38 255
-1.61169 1.30574 0.50 10
-0.18383 1.30938 2.90 156
0.52894 1.37270 3.52 290
1.94334 1.51023 3.52 291
-0.81752 1.63405 3.36 249
