0.16056 -2.18282 3.83 422
-0.74986 -1.41225 3.76 389
-0.53169 -0.89968 2.80 132
0.02642 -0.49490 3.24 221
0.96669 -1.62682 4.00 517
0.85272 -0.88428 3.95 490
0.85217 -0.68789 3.78 398
1.20690 -1.26114 1.68 28
0.99208 -0.62831 3.98 511
1.31991 -0.92842 3.77 392
0.02371 0.01005 3.85 433
0.21091 0.12003 3.35 246
0.68476 -0.02059 3.76 387
-0.63203 0.05721 2.86 144
1.11907 -0.26806 3.27 228
-0.87248 0.21208 0.46 9
0.41561 0.49264 3.27 227
-1.13898 0.19654 3.92 477
1.32177 0.26085 -0.72 2
-0.70572 0.62452 3.56 307
-0.87497 0.56091 3.70 360
1.08235 0.50694 3.85 434
1.61259 0.21375 2.93 160
-1.15427 0.60587 3.95 487
-0.40780 0.78819 4.00 515
-1.46269 0.61289 3.31 235
-1.36565 0.91085 3.41 261
0.36166 1.25240 3.86 442
1.46141 0.90365 3.96 495
-0.46488 1.36772 3.24 220
1.63047 1.38040 3.12 196
1.39071 1.49246 3.87 450
