0.47271 -0.71295 3.83 422
0.61298 -0.97212 3.89 466
-0.87468 -1.50523 3.24 221
-0.20198 -0.23800 4.00 517
0.29174 -0.15753 3.87 452
-0.77431 -0.51969 3.95 490
0.41984 -0.17260 3.62 333
-0.29735 -0.04271 3.32 238
-0.96242 -0.58040 3.78 398
-0.56373 -0.13513 1.68 28
1.20554 -0.92996 1.92 42
0.36029 -0.01137 2.69 115
1.01760 -0.47437 2.89 152
0.42071 0.02602 3.05 186
-1.06663 -0.47190 3.98 511
0.13425 0.16685 3.64 341
-0.88326 -0.11826 3.77 392
-0.70579 -0.00906 4.00 516
-0.51315 0.16614 3.01 176
-0.21286 0.28275 2.76 125
1.05387 -0.18613 3.19 212
0.39957 0.31540 1.33 20
0.39963 0.31537 1.73 30
1.41502 -0.52196 2.85 142
0.09563 0.36925 3.13 199
-0.57640 0.29165 3.69 358
-0.77817 0.20952 3.97 504
-0.30392 0.41588 3.32 239
-0.40242 0.41410 3.40 259
1.22122 -0.01209 -0.01 4
1.04292 0.17226 0.61 11
1.22122 -0.01212 1.33 21
0.40534 0.46598 3.59 320
-0.92319 0.23398 3.84 427
0.58991 0.45280 1.25 18
-1.15514 0.15007 1.86 38
-0.82840 0.37663 2.25 72
0.38520 0.56416 2.80 133
-0.87654 0.37144 3.44 270
-0.18516 0.58965 3.78 399
-0.36437 0.56901 3.82 415
-0.07946 0.59057 3.91 474
0.52215 0.62511 1.63 24
-0.79249 0.53489 3.13 198
-0.91181 0.61056 2.50 93
-1.19562 0.47465 1.96 45
-0.65758 0.73726 3.54 301
0.00805 0.84356 3.89 463
1.12515 0.60534 2.30 77
-1.29574 0.54112 3.62 332
0.43767 0.92502 3.96 498
0.42921 1.02598 2.60 100
0.61074 1.01804 3.91 475
-0.30597 1.12342 2.69 114
0.75612 1.05957 2.17 64
-0.40568 1.18389 3.84 428
0.72937 1.09444 3.86 443
1.48611 0.85454 2.55 95
-1.31156 0.96581 3.75 380
-1.54825 0.86802 3.84 426
-1.52324 0.93192 3.91 472
1.62187 0.97467 3.87 454
-1.40738 1.19971 2.21 66
1.63131 1.16379 3.04 184
1.74024 1.13467 3.83 421
-0.72500 1.52925 3.85 437
1.66454 1.21237 3.41 263
-1.26232 1.49340 3.60 327
