0.32169 -1.66639 3.97 507
1.76952 -2.12300 3.94 483
1.79102 -2.01777 2.39 82
-1.96879 -1.96130 3.97 506
-0.06923 -1.25143 3.01 178
0.69889 -0.83826 1.16 17
-0.41469 -0.40706 3.74 377
0.88747 -0.37800 3.66 349
1.07879 -0.33947 3.97 508
-0.16533 -0.06111 2.87 148
-0.25366 -0.09138 3.68 355
0.70959 -0.06673 3.27 231
-1.34592 -0.06373 3.08 191
-1.40728 0.06116 3.57 316
-0.98125 0.26707 3.77 396
0.70952 0.38504 3.74 378
-0.38252 0.50250 2.91 158
0.29636 0.73582 3.84 432
0.07932 0.79641 2.96 165
-1.60869 0.76228 3.23 218
1.11984 1.01581 3.69 359
-0.63008 1.12732 3.92 479
0.14437 1.17937 3.53 298
-0.22817 1.41100 2.39 83
0.60731 1.48315 3.40 260
-1.27910 1.79404 3.63 340
