0.50557 -0.75661 3.83 422
0.62545 -1.02902 3.89 466
-0.89618 -1.41985 3.24 221
-0.12987 -0.22401 4.00 517
0.36955 -0.18521 3.87 452
-0.71802 -0.45490 3.95 490
0.49696 -0.21107 3.62 333
-0.20858 -0.02187 3.32 238
-0.90731 -0.49874 3.78 398
-0.47957 -0.09175 1.68 28
1.23004 -1.04168 1.92 42
0.45039 -0.04473 2.69 115
1.07651 -0.56562 2.89 152
0.51421 -0.01230 3.05 186
-1.00039 -0.38277 3.98 511
0.23846 0.15186 3.64 341
-0.79241 -0.04883 3.77 392
-0.60928 0.04477 4.00 516
-0.40514 0.20297 3.01 176
-0.09812 0.29507 2.76 125
1.13741 -0.27851 3.19 212
0.51683 0.27915 1.33 20
0.51688 0.27912 1.73 30
0.21646 0.35700 3.13 199
-0.45737 0.33247 3.69 358
-0.66272 0.26694 3.97 504
-1.41128 -0.33967 3.27 228
-0.17766 0.43463 3.32 239
-0.27544 0.44048 3.40 259
1.32262 -0.11724 -0.01 4
1.15609 0.08344 0.61 11
1.32262 -0.11727 1.33 21
0.53504 0.42948 3.59 320
-0.80306 0.30251 3.84 427
0.71999 0.40182 1.25 18
-1.03662 0.23788 1.86 38
-0.69852 0.43621 2.25 72
0.52289 0.52936 2.80 133
-0.74619 0.43479 3.44 270
-0.04550 0.59843 3.78 399
-0.22511 0.59150 3.82 415
0.05983 0.59131 3.91 474
0.66585 0.57990 1.63 24
-0.65042 0.59008 3.13 198
-0.76143 0.67390 2.50 93
-1.04994 0.56104 1.96 45
-0.50122 0.78047 3.54 301
0.16787 0.83707 3.89 463
1.27602 0.51346 2.30 77
-1.46812 0.41255 3.47 279
-1.14212 0.63407 3.62 332
0.60547 0.88688 3.96 498
0.60529 0.98867 2.60 100
0.78780 0.96750 3.91 475
-0.12192 1.13859 2.69 114
0.93842 0.99864 2.17 64
-0.21590 1.20573 3.84 428
0.91419 1.03563 3.86 443
-1.61905 0.76614 1.78 33
1.66666 0.73757 2.55 95
-1.12334 1.05359 3.75 380
-1.36107 0.97417 3.84 426
-1.33170 1.03521 3.91 472
-1.19773 1.29061 2.21 66
-0.50333 1.57027 3.85 437
-1.03288 1.57026 3.60 327
