-0.79547 -1.59076 3.84 431
-1.74382 -1.20169 3.14 203
0.13556 -1.22912 3.08 190
-1.21571 -1.11904 3.42 266
-0.91638 -1.10602 3.83 423
-1.03563 -1.05375 3.70 362
1.42020 -0.90177 3.20 214
-1.76532 -0.74912 3.92 478
-0.24646 -0.94106 3.24 223
1.00252 -0.76248 2.46 90
-0.34663 -0.89541 3.45 275
0.40892 -0.79052 3.89 467
-1.40404 -0.47096 3.16 204
-0.91836 -0.58254 3.86 444
-0.45535 -0.57544 0.03 5
1.25485 -0.44143 3.72 371
0.64305 -0.46441 2.20 65
0.99599 -0.32959 3.94 486
1.02226 -0.15721 3.72 370
0.76846 -0.15261 1.25 19
0.23473 -0.24987 2.87 147
0.48975 -0.13109 3.79 403
-0.93880 -0.06131 3.80 409
0.49691 -0.07659 3.98 512
1.66421 0.58257 3.77 397
-0.69205 0.17867 2.23 70
0.07977 0.09313 3.79 402
-0.89545 0.29497 2.79 131
-0.02297 0.17905 3.77 394
-0.63224 0.46823 3.75 383
-1.61806 1.27001 3.29 234
1.20745 0.84356 3.35 247
1.32819 0.95054 3.75 384
-1.12687 1.02768 2.74 122
0.54459 0.72959 3.43 268
0.73868 0.85652 2.44 88
-0.73588 1.06045 3.17 208
1.13166 1.41403 3.52 293
-0.03939 0.96857 3.07 188
0.59615 1.31339 3.23 219
0.13440 1.13089 3.83 424
-0.98876 1.80018 3.05 187
-0.25056 1.30725 3.57 315
1.29982 2.87635 3.98 509
-0.95183 2.03171 2.08 59
0.73044 2.10292 3.21 216
