-0.31578 -1.73777 0.38 8
0.85096 -1.67663 3.11 192
0.71096 -1.64689 3.38 255
-0.48556 -1.52404 2.90 156
0.24058 -1.46900 3.52 290
1.54466 -1.35880 3.52 291
-1.07296 -1.19219 3.36 249
-1.14159 -0.96141 1.93 43
1.84579 -0.84185 3.52 292
-0.56647 -0.99921 3.58 317
0.59390 -0.90158 3.94 484
-0.72666 -0.74991 3.79 400
-0.50686 -0.68585 3.53 295
-1.26866 -0.56626 2.88 149
-1.38460 -0.54685 3.28 232
1.37393 -0.47059 2.98 167
-0.19133 -0.56630 3.57 313
-0.94928 -0.46032 2.98 166
1.43351 -0.32132 3.88 458
-0.40716 -0.36981 3.79 401
-0.17337 -0.36923 1.14 16
-0.28713 -0.15684 1.98 47
-0.28713 -0.15682 2.88 150
-0.75080 0.00683 3.60 325
0.90681 0.05931 3.13 197
0.85424 0.18462 3.82 414
-1.33091 0.33381 2.62 104
-1.39291 0.47439 3.97 501
1.50716 0.66887 3.05 185
0.61006 0.41604 3.97 503
1.41466 0.72249 3.45 274
-1.19072 0.76294 1.90 41
-1.63749 1.03738 0.08 6
0.59246 0.71695 3.60 326
0.54313 0.75802 3.14 202
0.81046 1.04706 3.17 207
-1.01269 1.29806 3.72 368
1.50757 1.75511 2.37 81
0.84197 1.55121 3.80 405
0.21815 1.47820 3.36 250
1.33413 2.09007 1.79 35
0.62762 1.74894 3.67 350
