1.48604 -2.92934 1.68 28
0.99205 -2.03628 3.98 511
1.46751 -2.37994 3.77 392
1.66208 -2.71294 4.00 516
-0.22276 -1.42250 3.85 433
-0.03699 -1.25802 3.35 246
0.48946 -1.33470 3.76 387
-0.96941 -1.49350 2.86 144
1.00781 -1.54588 3.27 228
-1.25084 -1.35024 0.46 9
0.11017 -0.81998 3.27 227
-1.56652 -1.42116 3.92 477
1.04319 -0.92065 -0.72 2
-1.06409 -0.85388 3.56 307
-1.24907 -0.94936 3.70 360
0.74993 -0.70915 3.85 434
1.33012 -0.92462 2.93 160
-1.55967 -0.94576 3.95 487
-0.75601 -0.64162 4.00 515
1.39178 -0.46548 3.17 206
-0.05891 -0.12232 3.86 442
0.98720 -0.29710 3.96 495
-0.84033 -0.11414 3.24 220
1.00475 0.10651 3.12 196
0.78280 0.16946 3.87 450
0.89639 0.22691 2.64 107
0.04463 0.31839 3.96 494
-0.02334 0.33028 3.56 308
1.42418 0.13422 3.85 435
1.47214 0.33140 3.02 179
0.18018 0.50218 3.82 413
-0.81552 0.53153 3.87 447
0.58989 0.94259 3.19 211
1.11732 0.87812 3.60 324
-0.79613 0.96074 3.69 356
0.91386 1.00959 2.84 140
1.24002 0.95949 3.81 411
1.78849 1.06782 1.98 46
1.01516 1.18554 2.58 98
0.74624 1.31405 3.31 236
1.27707 1.35978 3.55 304
1.44091 1.38805 3.71 363
0.25972 1.45997 3.87 449
-0.31733 1.51114 2.95 162
