0.07678 -1.36136 3.83 422
0.35928 -1.46252 3.89 466
0.82319 -2.50174 3.76 389
-0.82403 -1.52183 4.00 517
-0.45029 -1.04433 3.87 452
-1.18975 -2.37286 3.95 490
1.11653 -2.01293 3.96 500
-0.33758 -0.96051 3.62 333
-1.05731 -1.42974 3.32 238
-1.25975 -1.76509 1.68 28
0.70796 -0.98861 1.92 42
-0.49458 -0.87433 2.69 115
0.29125 -0.77600 2.89 152
-0.47129 -0.80099 3.05 186
-0.80602 -0.89596 3.64 341
-1.42924 -1.43164 3.01 176
-1.20702 -1.06828 2.76 125
0.12817 -0.54048 3.19 212
1.13599 -1.02289 3.62 336
-0.68114 -0.58758 1.33 20
-0.68108 -0.58757 1.73 30
0.56688 -0.55851 2.85 142
-0.97798 -0.75787 3.13 199
0.67971 -0.62299 3.85 440
-1.39095 -1.02566 3.32 239
-1.49093 -1.10846 3.40 259
0.12732 -0.31546 -0.01 4
-0.10653 -0.28921 0.61 11
0.12734 -0.31548 1.33 21
-0.77526 -0.46670 3.59 320
1.22064 -0.77626 3.62 335
-0.61758 -0.35850 1.25 18
1.01508 -0.51055 3.76 388
-0.85602 -0.40405 2.80 133
-1.39253 -0.78254 3.78 399
-1.56010 -0.93996 3.82 415
-1.29028 -0.70301 3.91 474
-0.78223 -0.27126 1.63 24
1.35127 -0.55490 3.34 244
1.38346 -0.51610 2.85 143
1.17179 -0.40283 3.13 201
-1.37595 -0.43408 3.89 463
-0.31690 0.05904 2.30 77
0.42679 0.11541 3.41 264
-1.04290 -0.09805 3.96 498
-1.11366 -0.02796 2.60 100
-0.95707 0.06966 3.91 475
-0.86603 0.17834 2.17 64
-0.90842 0.18866 3.86 443
0.45761 0.29421 3.87 455
0.19874 0.39919 2.30 78
-0.22216 0.40286 2.55 95
-0.00556 0.47834 3.55 305
0.60262 0.49376 3.37 253
-0.20394 0.53999 3.87 454
0.38163 0.61628 2.68 112
0.15642 0.68938 2.31 79
-0.30478 0.66141 3.04 184
0.39597 0.67269 3.13 200
1.58876 0.29698 3.62 334
-0.21948 0.68905 3.83 421
0.77738 0.66138 2.78 129
-0.31071 0.70516 3.41 263
0.64021 0.71987 3.22 217
-0.52241 0.81144 3.88 459
1.71069 0.54749 3.08 189
1.10038 0.74813 3.41 265
1.71735 0.54669 3.57 314
0.24112 0.93399 4.00 518
-0.15013 1.02212 2.06 58
-0.66866 0.94980 2.75 123
0.70202 0.97178 3.56 310
1.09433 1.05883 3.95 492
1.01402 1.33548 3.66 347
1.27115 1.32082 3.88 461
1.85605 1.23428 2.82 137
1.02354 1.44816 3.58 319
1.82423 1.38707 0.96 14
1.37757 1.52548 2.89 153
-0.18356 1.63528 3.27 229
1.72787 1.48150 2.89 154
0.61161 1.70625 3.29 233
