-1.04735 -1.81255 2.21 66
-0.28007 -1.56876 3.85 437
-1.98333 -1.91739 2.25 71
-0.79210 -1.53458 3.60 327
-1.48897 -1.37069 3.97 502
-1.45921 -1.21692 3.68 352
0.63284 -0.96172 3.54 302
1.51557 -0.60377 2.65 108
1.16485 -0.49673 3.00 173
1.27948 -0.21684 2.59 99
1.50154 -0.18478 2.95 163
0.12270 -0.06406 3.11 193
-0.17688 -0.09902 3.81 412
0.50910 0.00057 3.56 309
-0.38344 0.13521 3.61 329
-0.98653 0.31404 1.98 48
1.83317 0.71971 3.65 343
1.83317 0.71971 3.68 353
-0.84076 0.74764 3.91 473
1.46099 0.77287 3.89 464
1.01159 0.92085 3.61 330
-1.24846 0.95766 3.88 457
-1.59492 1.20472 3.11 192
-1.75512 1.24567 3.38 255
-0.86835 1.43185 3.52 291
-0.10328 1.37333 3.85 438
0.64333 1.46443 3.94 485
-0.46370 1.55422 1.35 22
1.05511 1.77133 2.14 63
