-0.13348 -1.59720 3.63 338
-0.86279 -1.37553 3.41 262
0.66658 -1.25228 2.85 141
0.54068 -1.24202 3.83 419
1.43400 -0.99748 2.69 113
-0.58594 -1.06772 3.00 171
-1.28439 -0.87479 2.06 56
0.05569 -0.88047 3.39 257
-1.36091 -0.65705 3.87 446
0.08435 -0.75945 2.12 62
0.61084 -0.76239 2.89 151
1.32151 -0.49074 3.17 205
1.28221 -0.51607 3.75 379
-0.56557 -0.63542 2.26 73
0.45287 -0.63854 3.77 391
1.20472 -0.36889 2.99 168
0.09072 -0.54250 3.80 404
1.29089 -0.19262 0.08 6
0.38598 -0.35765 3.01 175
-0.72562 -0.24038 3.57 312
0.20887 -0.26488 1.79 34
-0.04612 -0.11832 3.95 488
0.03785 -0.07895 2.93 159
-1.11818 0.23295 3.66 346
1.38778 0.42745 3.72 368
-0.06920 0.04868 3.76 385
-1.01650 0.34802 2.23 67
-0.92115 0.37870 3.44 269
-1.14999 0.60755 2.27 74
-0.79746 0.49702 2.47 91
-0.62018 0.39122 2.68 110
-0.38920 0.51441 3.38 254
-1.27199 1.32304 3.52 293
-1.26067 1.93517 3.23 219
-0.23639 0.98322 3.98 509
-0.56890 1.54924 3.21 216
