0.46926 -1.25145 3.83 422
-0.59976 -1.24341 3.76 389
-0.70264 -0.73248 2.80 132
-0.45732 -0.09079 3.24 221
0.79854 -0.44820 4.00 517
1.01676 -0.96469 3.87 452
0.39390 0.04212 3.95 490
0.97980 -0.30737 3.32 238
0.30197 0.19616 3.78 398
0.81476 -0.06303 1.68 28
0.38027 0.31548 3.98 511
0.75486 0.24410 3.77 392
0.90837 0.10599 4.00 516
1.14549 -0.03781 3.01 176
1.36599 -0.32041 2.76 125
-0.74855 0.33652 3.85 433
-0.64806 0.53736 3.35 246
1.26493 0.05841 3.69 358
-0.16530 0.66587 3.76 387
1.11801 0.23424 3.97 504
-1.38091 0.00063 2.86 144
0.30723 0.67575 3.27 228
1.10416 0.37905 3.84 427
0.95680 0.56758 1.86 38
1.28410 0.33001 2.25 72
1.26437 0.37476 3.44 270
1.47138 0.34144 3.13 198
1.51932 0.48074 2.50 93
-0.68668 0.99009 3.27 227
1.28343 0.70449 1.96 45
0.20793 1.23770 -0.72 2
0.98401 1.00863 3.47 279
1.32569 0.81682 3.62 332
-0.11593 1.34654 3.85 434
0.45979 1.33539 2.93 160
-1.66540 0.81990 4.00 515
1.28538 1.28367 1.78 33
1.60560 1.15545 3.84 426
1.68516 1.15686 3.91 472
