-1.04696 -1.54827 1.25 19
-1.62353 -1.27920 2.87 147
-1.27715 -1.33531 3.79 403
0.80073 -1.54058 3.82 418
-1.22444 -1.28416 3.98 512
0.10534 -1.39717 3.77 397
-1.45351 -0.82338 3.79 402
-1.47086 -0.67016 3.77 394
1.11193 -0.87658 3.66 346
1.04548 -0.72393 2.23 67
1.05767 -0.62411 3.44 269
-0.06676 -0.91658 3.35 247
0.06647 -0.90420 3.75 384
0.75471 -0.69958 2.27 74
0.99863 -0.45410 2.47 91
1.18001 -0.34659 2.68 110
-0.59803 -0.59735 3.43 268
-0.38117 -0.62249 2.44 88
1.16216 -0.07252 3.38 254
0.16045 -0.46095 3.52 293
-0.87760 -0.03681 3.07 188
-0.22591 -0.21197 3.23 219
-0.64542 -0.04201 3.83 424
-0.81091 0.32469 3.57 315
0.78770 0.26158 3.98 509
-0.85085 1.17626 2.08 59
0.22191 0.17772 3.21 216
0.03594 0.79557 2.02 51
