0.63390 -1.67521 2.83 139
-0.85361 -1.69588 3.94 485
-0.44177 -1.43700 2.14 63
-0.94323 -1.35007 3.34 243
1.33334 -1.10891 2.68 111
1.64387 -1.00686 -0.04 3
-1.69809 -0.95144 2.61 102
-1.69804 -0.95152 3.80 406
-0.88392 -1.02753 2.56 96
-1.66403 -0.71503 3.44 271
1.62225 -0.26965 3.58 318
-0.69655 -0.31646 3.48 282
-0.97709 -0.20228 3.83 420
0.37636 -0.07086 2.90 157
1.44036 0.17498 3.03 181
-1.20812 0.28979 3.05 185
-1.23652 0.38639 3.45 274
-0.67436 0.31251 3.01 177
-0.30605 0.43229 3.71 364
0.77692 0.61397 1.86 39
-1.46319 1.07574 3.17 207
-0.21173 0.75081 2.44 87
0.50668 0.87056 2.27 75
0.50684 0.87038 3.95 491
0.26312 0.88626 1.77 32
-0.60207 0.98370 2.37 81
-0.03453 0.93161 3.31 237
1.37360 1.57601 3.29 234
-1.09460 1.38372 3.80 405
-1.64377 1.98962 3.36 250
-0.51717 1.29527 1.79 35
1.70876 2.14925 2.74 122
-1.11219 1.70922 3.67 350
0.65937 1.52873 3.65 344
1.74488 2.75121 3.17 208
-0.26084 1.73793 3.84 429
0.07119 1.74247 3.87 453
