-0.04203 -1.53013 3.69 359
-1.03538 -1.32219 3.53 298
-1.40495 -1.05955 2.39 83
-0.53586 -1.04779 3.40 260
-0.20198 -0.80108 2.49 92
0.71523 -0.78153 2.83 138
-0.41154 -0.33073 3.95 493
-0.36482 -0.27728 3.48 284
-0.89858 -0.18555 3.76 390
-0.19019 -0.09859 2.42 85
0.56631 -0.01908 2.06 55
-0.42637 0.02911 2.94 161
-1.55739 0.23513 3.20 214
0.92628 0.12875 3.27 226
1.24287 0.47671 2.06 56
-1.39618 0.67317 3.72 371
1.04875 0.59574 3.87 446
-1.55576 0.93635 3.94 486
-0.18166 0.66922 3.62 337
1.79703 1.12730 2.26 73
-1.40625 1.05896 3.72 370
-1.65514 1.26996 1.25 19
0.16750 0.90292 3.82 418
1.34365 1.35513 3.57 312
-0.44272 1.16220 3.77 397
0.66650 1.44680 3.66 346
1.91329 2.34764 3.76 385
0.66645 1.62844 2.23 67
0.72206 1.73991 3.44 269
-0.55305 1.71118 3.35 247
-0.40331 1.68826 3.75 384
0.38457 1.73622 2.27 74
