-0.49657 -3.53535 3.89 466
-0.78123 -2.17223 3.76 389
-0.36786 -1.66872 2.80 132
0.34112 -1.43807 3.24 221
-1.24280 -2.68858 3.96 500
1.17475 -2.29300 3.95 490
1.22652 -2.03641 3.78 398
1.41529 -2.02833 3.98 511
0.49001 -0.88881 3.85 433
0.71551 -0.83818 3.35 246
1.19809 -1.16259 3.76 387
-0.13684 -0.62804 2.86 144
-1.59329 -1.36810 2.86 145
-1.28871 -0.90588 3.99 513
-0.30606 -0.41002 0.46 9
1.02818 -0.52297 3.27 227
-0.54470 -0.34991 3.92 477
-0.02882 -0.08043 3.56 307
-0.19820 -0.09355 3.70 360
-0.42450 0.01496 3.95 487
0.28980 -0.01059 4.00 515
-0.67709 0.09398 3.31 235
-1.23535 -0.03381 3.88 456
-0.50348 0.31679 3.41 261
-1.11683 0.13997 3.94 483
-1.14637 0.21346 2.39 82
1.14961 0.21306 3.86 442
0.39355 0.49777 3.24 220
1.46648 0.63399 3.96 494
1.39479 0.67078 3.56 308
1.71914 0.79040 3.82 413
0.65176 1.12914 3.87 447
0.84211 1.58665 3.69 356
-0.28312 1.67463 4.00 514
