1.75983 -1.63390 3.31 236
-1.45337 -1.57286 3.50 286
1.15076 -1.42659 3.87 449
0.54019 -1.33382 2.95 162
-1.30081 -1.17532 3.73 372
0.32410 -1.09523 3.54 299
0.17963 -1.07492 3.73 373
1.73571 -1.06612 0.12 7
-1.76176 -1.06677 3.60 321
-0.32771 -1.04347 3.89 462
1.78281 -0.97864 3.60 323
1.59845 -0.85467 2.79 130
1.07950 -0.73247 3.93 480
-0.84462 -0.70657 3.04 183
1.33531 -0.39147 3.72 367
-0.49360 -0.35832 3.47 276
-0.23616 -0.31405 2.53 94
1.27381 -0.20849 3.69 357
0.57738 -0.20745 3.91 471
1.24706 -0.13132 3.19 210
0.06307 -0.05143 3.60 322
0.09377 -0.01393 3.74 376
0.53262 0.14247 3.47 277
0.90598 0.35018 3.40 258
-1.50007 0.38066 3.62 331
0.78412 0.32739 3.65 342
0.90449 0.35519 3.84 425
1.00610 0.39496 0.85 13
0.82205 0.43705 3.76 386
0.89537 0.53624 3.53 294
-1.12507 0.65702 2.64 106
-0.93962 0.78937 2.00 49
0.34460 0.77259 2.87 146
0.36589 0.77076 3.63 339
0.31163 0.77148 3.70 361
0.32335 0.78649 3.87 448
-0.37249 0.95628 3.63 338
1.70465 1.26700 1.65 27
-1.11062 1.19291 3.41 262
0.41691 1.23877 2.85 141
0.29565 1.25514 3.83 419
1.23442 1.45861 2.69 113
-0.86771 1.50180 3.00 171
-1.71463 1.78138 2.06 56
-0.17503 1.67809 3.39 257
-1.89888 2.08514 3.87 446
2.03132 2.19921 3.97 501
