1.05942 -2.54768 3.24 221
-0.76538 -1.95199 3.96 500
-0.77095 -1.40892 3.42 267
-0.97439 -1.55286 3.56 311
1.18202 -1.35033 2.86 144
-0.28318 -0.85249 2.86 145
-0.89931 -0.94802 3.65 345
0.12505 -0.71919 3.99 513
1.17376 -1.02122 0.46 9
-1.16281 -0.97913 1.94 44
0.99822 -0.78923 3.92 477
-0.09548 -0.33840 3.49 285
1.50686 -0.83246 3.70 360
1.35631 -0.56833 3.95 487
-1.31998 -0.43338 3.11 195
-0.47071 -0.14314 1.74 31
-0.15728 -0.10438 2.10 61
1.17413 -0.33256 3.31 235
0.09677 -0.01464 3.90 470
0.64731 -0.11042 3.88 456
-0.29628 0.06614 3.97 507
1.48957 -0.25373 3.41 261
0.83776 -0.04009 3.94 483
0.85899 0.03278 2.39 82
-0.70970 0.34443 3.01 178
-0.02808 0.83601 1.16 17
-1.27973 1.15561 3.74 377
0.12778 1.34150 3.66 349
0.31608 1.40508 3.97 508
1.53380 1.42761 2.04 53
-1.08616 1.62098 2.87 148
-1.18535 1.57145 3.68 355
-0.07821 1.69726 3.27 231
