1.26436 -1.51877 3.65 343
1.26436 -1.51877 3.68 353
-1.58293 -1.49990 3.91 473
0.90238 -1.46243 3.89 464
0.44549 -1.30416 3.61 330
1.44278 -1.18431 3.38 256
-1.41685 -0.76547 3.52 291
-0.64983 -0.84285 3.85 438
1.45724 -0.69553 2.83 139
0.05287 -0.78446 3.94 485
-0.98187 -0.67075 1.35 22
0.38105 -0.55330 2.14 63
-0.07470 -0.51232 3.34 243
-0.95891 -0.39541 3.52 292
-0.76581 -0.24006 2.61 102
-0.76575 -0.24012 3.80 406
-0.07343 -0.23766 2.56 96
-1.19362 0.03522 2.98 167
-0.78592 -0.04057 3.44 271
-1.07806 0.14451 3.88 458
-0.01708 0.43237 3.48 282
-1.40103 0.71581 3.13 197
-0.29743 0.50307 3.83 420
-1.39541 0.86636 3.82 414
1.06449 0.86386 2.90 157
-0.60475 0.95332 3.05 185
-1.54858 1.25499 3.97 503
-0.65118 1.04709 3.45 274
-0.10378 1.07818 3.01 177
-1.41273 1.58086 3.60 326
0.25238 1.28815 3.71 364
-1.44739 1.66402 3.14 202
1.49994 1.78967 1.86 39
-1.01953 1.74058 3.17 207
0.30381 1.68462 2.44 87
1.13486 2.04687 2.27 75
1.13508 2.04668 3.95 491
