1.26395 -1.89084 3.97 507
-0.87318 -1.56323 3.97 506
0.86529 -1.34321 3.01 178
-1.80767 -1.58748 3.11 194
-1.73571 -1.38691 1.85 37
1.81991 -1.08101 1.16 17
-1.21828 -0.94323 2.60 101
-1.83947 -1.10096 2.70 119
-1.17364 -0.79845 3.32 240
-1.34855 -0.74895 2.02 52
-1.48424 -0.82111 3.17 209
-1.77488 -0.78866 2.81 136
0.58396 -0.41838 3.74 377
-1.17627 -0.40542 2.89 155
-1.35083 -0.43624 3.51 289
-1.24462 -0.45731 3.77 393
-1.02563 -0.20550 3.93 482
0.87686 -0.09570 2.87 148
0.77989 -0.11772 3.68 355
-0.24404 0.00902 3.08 191
-0.28520 0.12738 3.57 316
0.10093 0.29266 3.77 396
0.70141 0.49705 2.91 158
-1.33120 0.51859 3.44 272
1.48471 0.72783 3.84 432
1.23431 0.79506 2.96 165
-0.39460 0.76767 3.23 218
-0.66537 0.87329 3.90 469
-1.07729 1.00459 3.36 251
0.50866 1.12526 3.92 479
1.34936 1.21015 3.53 298
-0.64122 1.19929 3.71 366
-0.71714 1.35816 0.77 12
0.95141 1.43486 2.39 83
-0.79273 1.47646 2.72 120
1.96040 1.58272 3.40 260
-1.48533 1.76071 2.99 170
-0.03617 1.72669 3.63 340
