-1.69867 -1.56737 3.72 367
0.88101 -1.39157 0.38 8
-1.69588 -1.33469 3.69 357
-1.11378 -1.30916 1.64 26
-1.69565 -1.23809 3.19 210
-0.64607 -1.25615 0.50 10
0.67457 -1.19961 2.90 156
1.42642 -1.10360 3.52 290
-0.92360 -1.08626 3.54 300
0.07158 -0.93529 3.36 249
-1.75953 -0.58663 0.85 13
-0.02996 -0.73546 1.93 43
0.50167 -0.71535 3.58 317
1.73878 -0.48322 3.94 484
0.30432 -0.49918 3.79 400
-0.79505 -0.43401 3.00 172
0.50208 -0.41155 3.53 295
-0.21087 -0.39646 2.88 149
-0.31141 -0.39327 3.28 232
0.79678 -0.25137 3.57 313
0.04739 -0.25878 2.98 166
0.54162 -0.09159 3.79 401
0.77895 -0.05223 1.14 16
-0.87812 -0.00568 1.65 27
0.62240 0.13960 1.98 47
0.62240 0.13962 2.88 150
-1.19336 0.31762 2.69 113
0.14112 0.21271 3.60 325
-0.43130 0.40788 2.62 104
-0.50941 0.52418 3.97 501
-0.97787 0.73975 3.17 205
-1.02473 0.74331 3.75 379
1.51595 0.96106 3.97 503
-0.99462 0.90205 2.99 168
-0.39511 0.83716 1.90 41
-0.81443 0.98360 0.08 6
-1.81163 1.54849 3.01 175
1.43709 1.29583 3.60 326
1.36915 1.32578 3.14 202
1.64714 1.75913 3.17 207
-0.34501 1.39884 3.72 368
1.58941 2.37774 3.80 405
