-0.00332 -1.60196 2.62 104
-0.09728 -1.47169 3.97 501
-1.37326 -1.15101 2.89 151
-0.58317 -1.28939 3.17 205
-0.62953 -1.29159 3.75 379
-1.42423 -0.93858 3.77 391
-0.59545 -1.12143 2.99 168
-0.00471 -1.10962 1.90 41
-1.69754 -0.61749 3.80 404
-0.42191 -1.01645 0.08 6
-1.26953 -0.63828 3.01 175
1.63786 -0.40215 3.14 202
-1.36064 -0.44173 1.79 34
-1.48470 -0.14052 3.95 488
-1.37516 -0.16462 2.93 159
-0.00373 -0.57525 3.72 368
-1.37555 0.01830 3.76 385
1.48080 0.38657 3.80 405
0.94989 0.05495 3.36 250
-1.31246 0.62806 3.38 254
1.18913 0.42462 3.67 350
1.22865 1.24754 3.84 429
-0.84797 0.85853 3.98 509
-0.73931 1.49129 3.21 216
-0.03384 1.38845 2.02 51
