-0.23109 -1.75172 2.60 101
-0.80044 -1.80241 2.70 119
-0.17342 -1.59664 3.32 240
-0.32938 -1.51103 2.02 52
-0.45899 -1.56589 3.17 209
-0.70226 -1.48296 2.81 136
-1.71977 -1.62865 3.27 230
1.87510 -1.47301 3.74 377
-0.13587 -1.16955 2.89 155
-0.29633 -1.17901 3.51 289
-0.20347 -1.21504 3.77 393
-0.90390 -1.22118 3.86 445
0.02220 -0.97883 3.93 482
-1.45674 -0.92844 3.54 303
0.82897 -0.83143 3.08 191
0.78698 -0.69874 3.57 316
-1.12111 -0.55813 3.34 245
1.22325 -0.54812 3.77 396
-0.60184 -0.44901 3.85 441
-0.18263 -0.26015 3.44 272
-0.79597 -0.15913 3.26 225
0.69214 -0.04470 3.23 218
0.43365 0.05390 3.90 469
-1.29207 0.15619 3.75 382
-1.09679 0.16551 3.97 505
0.07295 0.16547 3.36 251
-1.36188 0.26610 2.77 128
1.68204 0.31911 3.92 479
0.47216 0.34544 3.71 366
0.41080 0.47864 0.77 12
-0.99730 0.53907 3.73 375
0.34986 0.57341 2.72 120
-1.50023 0.75528 2.08 60
-0.19379 0.75178 2.99 170
-1.85111 0.91321 3.48 283
1.06981 0.83918 3.63 340
1.10104 0.92174 3.77 395
0.36503 1.02651 3.82 417
0.51905 1.09163 3.47 281
-0.76221 1.25163 3.84 431
-1.84414 1.64588 3.14 203
0.14232 1.61542 3.08 190
-1.31461 1.74039 3.42 266
-0.99446 1.75568 3.83 423
-1.14016 1.81812 3.70 362
