-1.70180 -3.47028 1.68 28
0.58851 -1.83887 1.92 42
-0.76853 -1.95931 2.69 115
0.10395 -1.66749 2.89 152
-0.74802 -1.86006 3.05 186
-1.13946 -2.06001 3.64 341
-1.63588 -2.39597 2.76 125
-0.10829 -1.42011 3.19 212
1.03931 -1.79109 3.62 336
-1.00991 -1.63711 1.33 20
-1.00984 -1.63708 1.73 30
0.35696 -1.35951 2.85 142
-1.35561 -1.91848 3.13 199
0.48535 -1.41245 3.85 440
-0.14114 -1.16280 -0.01 4
-0.39378 -1.17392 0.61 11
-0.14112 -1.16282 1.33 21
-1.12718 -1.50772 3.59 320
1.06399 -1.48701 3.62 335
-0.95255 -1.34709 1.25 18
0.80006 -1.22645 3.76 388
-1.22468 -1.44761 2.80 133
-1.74345 -1.91836 3.91 474
-1.14595 -1.27494 1.63 24
1.13775 -1.21760 3.34 244
1.15919 -1.17017 2.85 143
0.92943 -1.08331 3.13 201
-0.65592 -0.82365 2.30 77
0.10240 -0.65389 3.41 264
-1.45310 -1.11991 3.96 498
-1.53657 -1.05142 2.60 100
1.70816 -1.11501 3.66 348
-1.35981 -0.91425 3.91 475
1.36826 -0.89452 2.95 164
-1.26181 -0.77958 2.17 64
-1.30939 -0.77491 3.86 443
0.10566 -0.46933 3.87 455
-0.16373 -0.39899 2.30 78
-0.58915 -0.45058 2.55 95
-0.37697 -0.34686 3.55 305
0.21483 -0.25688 3.37 253
-0.58359 -0.31101 3.87 454
-0.01423 -0.16648 2.68 112
1.32952 -0.44260 3.33 241
1.61650 -0.55370 1.87 40
-0.24134 -0.12321 2.31 79
-0.69691 -0.20424 3.04 184
-0.00826 -0.11170 3.13 200
1.15807 -0.32476 3.62 334
-0.61318 -0.16725 3.83 421
0.35199 -0.07973 2.78 129
-0.70662 -0.16246 3.41 263
0.21534 -0.04090 3.22 217
-0.92996 -0.08460 3.88 459
1.20856 -0.08196 3.08 189
0.63108 0.03335 3.41 265
1.21449 -0.08196 3.57 314
1.73798 -0.21181 1.63 25
1.69619 -0.20760 2.69 116
-0.18939 0.11255 4.00 518
-0.57504 0.15293 2.06 58
-1.08782 0.03112 2.75 123
0.23403 0.19204 3.56 310
1.25772 0.12925 2.29 76
0.57069 0.30403 3.95 492
0.45445 0.52881 3.66 347
0.67769 0.53713 3.88 461
1.18203 0.51300 2.82 137
0.44462 0.62135 3.58 319
1.12457 0.63192 0.96 14
0.73113 0.70873 2.89 153
-0.65987 0.68382 3.27 229
1.02746 0.69892 2.89 154
0.05047 0.79836 3.29 233
-1.34080 0.79591 3.00 174
0.78519 0.90952 2.32 80
0.89494 1.01729 3.96 499
0.88590 1.07220 2.62 105
-0.12729 1.35008 2.75 124
0.50656 1.42010 3.91 476
-1.47540 1.60551 0.98 15
1.52845 1.64598 2.56 97
