1.10937 -2.33650 1.68 28
0.54523 -1.73618 3.98 511
0.99229 -1.87402 3.77 392
1.20049 -2.08948 4.00 516
1.53474 -2.34138 3.01 176
-0.72248 -1.59105 3.85 433
-0.56965 -1.36085 3.35 246
1.66372 -2.20657 3.69 358
-0.04228 -1.25913 3.76 387
1.43473 -1.92990 3.97 504
-1.53977 -1.96470 2.86 144
0.45979 -1.29018 3.27 228
1.38729 -1.73098 3.84 427
1.18317 -1.47752 1.86 38
1.61423 -1.81656 2.25 72
1.57920 -1.75417 3.44 270
-0.52203 -0.88137 3.27 227
1.52462 -1.34646 1.96 45
0.36313 -0.71334 -0.72 2
1.14967 -0.99060 3.47 279
1.54670 -1.22284 3.62 332
0.06188 -0.59535 3.85 434
0.60342 -0.64269 2.93 160
-1.50802 -0.97394 4.00 515
1.41308 -0.74586 1.78 33
0.56348 -0.21870 3.17 206
1.08412 -0.35628 3.25 224
-0.85867 -0.23159 3.86 442
0.18667 -0.15480 3.96 495
1.53658 -0.32013 2.25 71
1.39042 -0.29893 3.73 374
1.05570 0.01695 2.70 117
1.36664 -0.12798 3.61 328
0.11832 0.22327 3.12 196
-0.09526 0.23976 3.87 450
-0.00388 0.31554 2.64 107
-0.85415 0.23825 3.96 494
-0.92876 0.23624 3.56 308
0.47171 0.32568 3.85 435
0.79985 0.33318 3.96 496
0.47233 0.51139 3.02 179
-0.75630 0.45015 3.82 413
1.27131 0.42792 2.45 89
0.94921 0.51130 1.50 23
1.54408 0.38253 3.96 497
1.00230 0.56327 3.47 278
1.11165 0.63655 1.84 36
1.19140 0.59886 3.85 436
1.71981 0.60548 3.34 242
0.95200 0.79502 3.87 451
1.07706 0.79830 3.02 180
-0.44661 0.95257 3.19 211
0.05739 0.96130 3.60 324
-0.15451 1.05957 2.84 140
0.14859 1.05255 3.81 411
0.76941 1.11767 3.95 489
0.58592 1.21276 1.98 46
-0.09916 1.23871 2.58 98
0.91838 1.26707 -1.46 1
-0.37805 1.33363 3.31 236
0.09857 1.42867 3.55 304
0.23470 1.46942 3.71 363
-0.89789 1.42939 3.87 449
-1.54678 1.42380 2.95 162
