0.62491 -2.70277 3.83 422
0.37224 -3.03462 3.89 466
-0.71039 -2.84686 3.76 389
-0.83588 -2.10302 2.80 132
-0.56054 -1.25876 3.24 221
0.84760 -1.55740 4.00 517
1.20938 -2.20902 3.87 452
0.33702 -1.02558 3.95 490
1.01357 -1.36843 3.32 238
0.22332 -0.86632 3.78 398
0.79155 -1.10322 1.68 28
0.28929 -0.73374 3.98 511
0.67720 -0.77608 3.77 392
0.85662 -0.90905 4.00 516
1.12792 -1.04413 3.01 176
1.42498 -1.34461 2.76 125
-0.87367 -0.80919 3.85 433
-0.76820 -0.59190 3.35 246
1.22781 -0.92831 3.69 358
-0.28619 -0.42566 3.76 387
1.04245 -0.75528 3.97 504
0.17710 -0.37980 3.27 228
1.52116 -1.18268 3.32 239
1.45881 -1.07000 3.40 259
0.99980 -0.60851 3.84 427
0.82175 -0.43428 1.86 38
1.18625 -0.64324 2.25 72
1.15732 -0.59980 3.44 270
1.36641 -0.61640 3.13 198
1.37984 -0.47494 2.50 93
-0.80497 -0.15774 3.27 227
1.10746 -0.27977 1.96 45
0.03179 0.12210 -0.72 2
0.77407 -0.02545 3.47 279
1.12454 -0.17339 3.62 332
-0.27342 0.19380 3.85 434
0.25278 0.22031 2.93 160
1.00005 0.22827 1.78 33
1.51892 0.00154 3.75 380
1.30959 0.14134 3.84 426
1.38003 0.14753 3.91 472
1.69261 0.16628 2.21 66
0.17552 0.63055 3.17 206
0.68537 0.55642 3.25 224
-1.28688 0.43504 3.86 442
-0.20767 0.64985 3.96 495
1.10328 0.64557 2.25 71
0.96844 0.64926 3.73 374
0.63826 0.93134 2.70 117
0.94150 0.81725 3.61 328
-0.33144 1.04751 3.12 196
-0.56129 1.04135 3.87 450
1.66192 0.76605 3.97 502
-0.47595 1.13724 2.64 107
-1.39714 0.94949 3.96 494
-1.48129 0.93807 3.56 308
1.78178 0.87646 3.68 352
0.02515 1.20132 3.85 435
0.36188 1.24495 3.96 496
0.00397 1.41349 3.02 179
-1.33969 1.20791 3.82 413
0.82999 1.39940 2.45 89
0.50041 1.46175 1.50 23
1.09930 1.37615 3.96 497
0.55117 1.52686 3.47 278
0.65864 1.62258 1.84 36
0.74199 1.58631 3.85 436
