13.50122 -10.82645 5.43 2650
2.34238 -12.66059 5.71 3638
-4.43526 -12.52579 5.98 4976
11.06926 -10.10853 5.21 2069
6.01248 -10.89765 5.24 2141
10.19012 -10.53910 5.71 3666
-10.60176 -10.65246 5.78 3983
2.83437 -11.49231 5.80 4076
-7.18573 -10.98625 5.83 4211
-13.58529 -10.56117 5.91 4591
6.58009 -10.53901 4.19 627
-10.08451 -9.19005 4.51 906
-0.19302 -10.34417 5.62 3303
6.80835 -10.25910 5.88 4424
5.59998 -9.03111 3.35 247
8.85265 -8.23942 3.75 383
0.62593 -8.54708 4.08 571
4.03305 -9.46680 5.56 3086
-3.71752 -8.62338 5.66 3445
5.50922 -7.34498 5.04 1697
-7.08347 -7.09577 5.51 2904
-4.84259 -6.62387 5.64 3383
5.36468 -5.48903 5.35 2427
1.24713 -5.89172 5.52 2950
-1.52573 -6.20464 5.53 2978
-8.81914 -3.39929 3.43 268
0.90287 -5.31079 4.29 709
11.53019 -2.93172 5.60 3249
-3.37727 -3.16793 2.44 87
-10.87976 -1.24594 4.22 641
-0.33383 -3.99807 4.73 1157
4.00591 -3.53255 5.11 1837
3.91502 -2.84364 5.27 2221
-12.71663 -1.76176 5.72 3691
5.97140 -2.56391 5.75 3801
-14.04766 -1.57634 5.75 3830
2.96721 -3.04476 5.93 4672
0.77449 -3.47242 5.95 4768
2.53219 -1.80002 4.91 1456
8.89253 -0.91389 5.19 2036
3.69565 -2.40376 5.29 2269
-11.73306 0.43470 5.69 3569
4.97607 -2.02584 5.79 3999
3.48707 -0.34604 4.29 701
-2.99722 -0.05315 5.18 2008
6.75678 0.81306 5.46 2732
2.21746 0.50759 5.86 4311
9.55546 2.98398 3.52 291
-1.64943 2.51876 5.44 2682
-7.67077 3.14826 5.58 3164
-10.98359 4.37770 5.93 4651
-12.34854 6.40378 4.51 910
10.96198 4.89085 5.24 2160
12.39861 6.78336 4.75 1185
-9.76940 6.93028 5.55 3022
-13.68371 9.26180 5.92 4614
-1.29782 7.66935 3.23 219
-12.68339 10.21846 3.83 420
5.19410 8.42582 5.47 2775
3.57403 7.27361 5.50 2866
10.59238 10.22170 5.56 3079
12.13669 10.09815 5.60 3248
0.21208 8.67870 4.56 967
12.16532 12.11546 5.84 4249
-3.67949 9.10284 5.87 4391
3.11563 10.30311 4.79 1239
0.32145 10.08125 5.17 1997
-13.70961 15.85187 4.45 854
1.92514 11.35654 5.03 1682
5.40413 12.56759 5.08 1777
-6.11846 14.67385 5.20 2059
8.75301 14.53865 5.84 4240
11.06558 15.30017 5.98 4931
