-7.76009 -12.81678 4.78 1234
1.53139 -13.44586 4.91 1444
-8.73211 -11.04873 5.49 2838
-9.10922 -10.89289 5.52 2924
-0.90549 -11.77661 5.59 3189
13.96540 -11.57405 5.68 3515
-8.69878 -11.51571 5.92 4625
-7.41174 -9.70764 4.52 920
3.73388 -10.84605 4.59 986
-11.94811 -9.49923 4.64 1051
14.70919 -9.46075 5.41 2598
4.43479 -9.48699 5.01 1644
-7.80159 -8.45738 5.18 2016
3.48483 -9.24400 5.77 3914
-10.89133 -6.57351 5.71 3670
9.81482 -6.19442 3.20 213
-3.14396 -6.31911 4.01 520
1.67111 -5.86171 4.22 642
-12.24501 -4.93717 5.49 2824
8.53091 -6.31089 5.59 3196
-0.29893 -6.40277 5.68 3501
7.79924 -4.99802 5.82 4165
-4.68546 -3.76304 4.43 834
0.30222 -3.68980 5.51 2895
-10.30896 -3.38598 5.64 3381
11.87592 -2.92063 5.68 3509
1.76411 -1.39687 2.46 90
3.97455 -2.07336 5.47 2762
-7.02132 -1.53064 5.66 3438
10.69660 0.36627 4.43 832
2.02927 -0.83909 4.92 1469
-5.99683 0.13667 5.17 1980
-12.31618 0.79096 3.89 465
-1.70468 0.35657 4.61 1013
-9.35400 1.73585 5.36 2463
2.04003 2.06160 4.53 930
-8.40512 2.85696 4.93 1480
-6.99796 2.70776 4.97 1552
-5.89663 2.90674 5.58 3171
-12.44277 3.47568 5.76 3878
-2.93731 2.03311 5.88 4427
12.65947 3.04204 5.94 4767
5.88308 1.56558 5.97 4897
-11.01318 3.38052 5.19 2035
13.02598 3.71542 5.31 2337
-5.89663 2.90674 5.58 3171
-4.42530 3.48889 5.90 4517
9.42727 4.61694 3.72 370
-6.00709 4.33707 4.81 1280
-11.91822 5.49827 4.94 1487
-13.32665 6.00919 5.12 1871
7.21581 5.40281 5.21 2080
-3.34014 4.77316 5.62 3292
10.65235 5.00670 5.83 4215
9.96834 6.54901 4.23 653
-4.66685 7.33615 2.20 65
-6.05539 7.56680 5.24 2146
-11.26220 8.05813 5.45 2699
-12.98475 8.61090 5.69 3549
-5.71305 8.05492 5.84 4248
4.45518 8.58864 3.94 484
0.49960 9.24187 5.67 3482
-4.48227 8.39399 5.93 4656
6.23234 12.56378 3.72 371
9.63080 12.91975 5.00 1620
0.01297 11.66799 5.95 4812
3.28623 13.03834 4.78 1236
2.51223 12.54921 5.04 1709
4.54238 13.21887 5.55 3034
4.08225 13.83464 5.96 4838
