-4.71539 -13.57934 5.11 1840
-12.00394 -11.73611 5.66 3452
14.00119 -12.59009 5.68 3500
-7.01886 -10.58481 4.21 632
-0.34257 -10.37443 4.41 814
-7.99936 -11.11617 4.46 862
6.04331 -9.88093 5.31 2320
-12.83739 -9.81128 5.82 4179
-11.80697 -8.29887 5.87 4394
-6.68715 -6.50518 1.16 17
-6.11129 -6.25718 5.51 2912
11.87777 -6.66042 5.62 3285
-8.59168 -6.49062 5.97 4900
12.72788 -7.06495 5.01 1640
8.77892 -4.55278 4.57 975
-5.62144 -5.39589 5.55 3036
-3.50412 -5.28644 5.60 3219
-3.10374 -4.26635 5.87 4388
-12.08862 -3.27291 4.17 619
0.38411 -2.72209 5.64 3385
-6.17853 -0.33896 5.65 3391
-4.17809 1.67261 4.47 872
-3.19597 3.45705 4.69 1112
-3.37839 5.22097 3.66 349
0.95837 6.72348 3.97 506
1.94312 5.97034 4.39 795
4.26027 5.56003 4.71 1145
-5.54424 5.58999 5.97 4879
-10.56605 7.14562 5.26 2206
-11.94692 8.17278 4.69 1117
10.26352 8.14347 5.18 2018
7.94549 9.11635 5.24 2157
8.51784 8.53654 5.29 2283
7.09268 9.49168 5.34 2400
-0.19614 9.52897 5.93 4700
7.16674 9.78398 4.82 1300
14.56631 10.13867 4.55 961
-8.42038 11.91381 5.56 3089
-8.48660 12.54872 3.27 227
0.89070 13.77796 5.20 2050
7.53720 13.10337 5.28 2254
4.97371 13.44484 5.96 4874
