-12.06573 -13.98197 5.38 2506
-6.41552 -10.02369 4.60 1002
1.51683 -10.68619 5.89 4459
6.45924 -10.09982 5.98 4941
0.89285 -8.47832 5.00 1617
1.52802 -8.34463 5.22 2090
-4.21658 -8.05790 5.43 2656
5.71414 -6.65644 4.70 1123
-8.57279 -5.88235 5.61 3281
9.40993 -5.73839 4.28 699
-5.93466 -5.27473 5.71 3658
4.74438 -4.99018 5.74 3786
6.29236 -3.58583 5.22 2106
-10.80682 -4.19844 5.64 3360
-2.92701 -3.27846 5.81 4115
4.17712 -3.95214 5.98 4946
3.78502 -2.60162 3.54 302
3.78564 -1.54404 5.04 1700
-9.29304 -2.65161 5.88 4438
9.35412 -1.47560 5.85 4290
3.66763 0.96387 5.64 3349
3.66654 0.96085 5.81 4137
-3.40726 2.58998 5.44 2679
10.79335 1.68473 5.93 4687
-13.11164 2.98019 4.89 1421
-4.47157 3.64314 4.94 1492
-4.27994 3.65666 5.71 3628
8.83452 4.20551 5.11 1838
10.79127 5.52410 5.30 2303
3.02029 7.57908 5.76 3881
-2.65370 9.85698 4.48 874
-8.67653 13.46304 5.24 2162
