-9.94328 -13.66531 4.42 818
6.62573 -13.65801 5.37 2485
6.86027 -12.29347 4.60 1007
0.33124 -11.10885 5.89 4458
-3.50886 -11.49518 5.94 4718
-7.79626 -12.55579 5.97 4889
2.73473 -12.17404 5.98 4960
-4.93131 -10.85888 4.00 517
-10.81630 -11.44513 4.05 550
-1.95199 -10.77116 5.03 1685
11.76376 -10.89758 5.24 2139
-11.24809 -10.24445 5.94 4717
6.06586 -8.78039 3.56 310
6.40066 -9.63273 4.54 951
7.55990 -9.58280 5.45 2715
-5.28377 -8.56325 5.67 3460
-4.59659 -7.19882 4.05 547
-4.22106 -7.20933 4.92 1460
11.33033 -6.61219 4.67 1089
12.13307 -7.11256 4.75 1193
-10.68390 -7.07431 5.56 3064
13.30697 -7.20381 5.61 3268
14.69700 -5.88412 3.95 489
-1.21252 -5.29439 5.32 2367
-1.53830 -4.53465 5.82 4175
0.86240 -3.62534 5.44 2673
4.27220 -2.15211 4.91 1453
5.28547 -0.30721 4.34 742
1.92576 -1.27258 5.96 4829
11.55550 -0.18084 3.66 348
-9.52298 0.37006 4.97 1559
11.24689 2.12525 3.58 319
10.51861 2.30103 5.15 1944
0.63681 2.65548 5.85 4299
-2.93967 2.76512 4.41 809
-11.25223 2.65426 4.77 1211
-14.52581 3.06461 5.08 1789
-0.40870 3.20940 5.65 3410
-3.77872 5.32153 5.24 2151
3.17125 4.99699 5.76 3880
-3.69316 4.55404 5.77 3942
4.27929 5.16272 5.84 4251
1.26426 6.47067 3.29 234
-4.34485 6.19619 4.94 1499
-3.91109 5.95677 5.63 3313
-12.75668 5.24092 5.87 4390
-1.77074 7.34916 5.30 2307
-11.04010 6.77382 5.32 2362
-3.35472 7.86590 5.68 3526
-5.23065 6.78658 5.73 3722
12.78128 8.04103 4.96 1547
12.06276 9.04213 5.78 3996
-4.40633 9.36811 5.81 4136
5.23790 10.39758 5.50 2878
-0.81657 11.84250 5.74 3753
12.46698 12.02540 5.84 4256
