-7.35642 -12.94153 3.87 452
-6.96657 -13.01055 5.45 2704
6.60760 -11.33867 4.29 708
7.93244 -12.42389 5.25 2165
5.95871 -11.80786 5.50 2854
-10.46436 -11.25535 5.60 3242
4.46232 -10.97414 4.36 765
-0.02360 -10.38170 4.79 1242
-7.13924 -9.87441 5.01 1638
6.75585 -10.13600 5.30 2302
2.50116 -10.32513 5.97 4882
4.15394 -9.47496 4.45 847
3.84337 -9.44382 5.68 3520
-0.05413 -7.22787 5.38 2528
8.49854 -7.40245 5.61 3266
4.94044 -4.41129 0.12 7
3.10312 -5.15772 4.27 684
-8.79423 -4.50079 5.11 1844
-8.78358 -5.52293 5.26 2196
2.82846 -5.03342 5.78 3988
-5.40603 -4.83159 5.90 4503
7.93449 -4.74234 5.90 4539
8.16101 -3.90644 4.14 604
10.92081 -3.25010 4.62 1026
13.34282 -3.17461 4.80 1259
0.48891 -2.97851 4.81 1282
-13.47536 -3.70569 5.85 4283
5.99935 -2.55411 3.60 325
12.02618 -1.46853 4.78 1226
12.01559 -1.47838 5.67 3475
-8.91099 -2.44154 5.72 3673
12.56569 -1.56480 5.72 3679
4.36392 -1.46077 5.91 4545
-14.69073 -2.17078 5.94 4750
13.26684 -2.28416 5.96 4847
12.16328 -1.34327 2.77 127
2.67787 -0.12237 2.79 131
-2.42221 -0.62361 4.39 793
12.15455 -0.65856 5.08 1787
12.11782 -0.62146 5.13 1896
-1.22640 -0.23557 5.51 2901
-3.88535 -0.93241 5.78 3951
12.16716 0.14200 4.59 994
2.30791 0.46968 5.12 1876
2.98008 0.74041 5.12 1878
12.26173 0.11652 5.26 2197
0.94189 1.08185 5.85 4288
-8.12553 2.23210 3.93 480
-4.96432 2.38178 4.02 530
-12.51448 1.65316 5.17 1998
10.10321 2.08900 5.79 4023
-9.40664 2.42163 5.81 4107
13.64197 1.89253 6.00 5059
8.41265 3.54822 3.36 249
13.38982 3.23694 3.81 412
-7.69266 3.44598 5.23 2127
3.87855 3.43405 5.90 4542
12.52619 5.18779 1.70 29
14.11376 4.14777 2.05 54
14.11436 4.14777 4.21 635
10.25844 5.34684 4.71 1133
14.16167 5.28414 4.95 1527
11.58263 5.25452 5.34 2409
11.28256 4.65003 5.35 2428
11.76742 4.81676 5.93 4682
11.06619 6.44768 2.23 68
7.49665 6.33448 4.73 1159
-9.71227 6.80334 4.91 1448
8.43383 5.62890 5.08 1769
7.41598 6.28761 5.68 3510
8.17349 6.64284 5.70 3572
-13.37161 6.72713 5.86 4318
-7.86348 8.25102 5.31 2345
0.63246 7.86211 5.92 4620
14.28268 7.33830 5.93 4680
-1.77310 7.51009 5.99 5009
-0.50019 9.23665 4.47 873
14.80067 8.93995 4.91 1441
8.56179 9.43524 4.95 1530
-10.90474 8.79230 5.55 3046
10.36718 9.36205 5.78 3961
4.04962 8.29952 5.89 4451
-1.98325 10.24773 3.72 368
4.59298 10.83966 4.46 857
-2.28438 10.34214 5.33 2385
6.63544 10.47569 5.34 2405
9.30927 11.19007 4.59 989
7.91594 11.81282 5.00 1623
11.93806 12.15935 5.36 2468
10.85849 11.47821 5.46 2743
13.68641 12.68268 4.57 973
