-1.08614 -12.78884 3.95 487
13.98258 -12.87642 4.96 1545
-10.64665 -12.90969 5.31 2324
-7.13230 -13.90548 5.52 2933
4.36720 -12.51476 5.64 3357
-0.69324 -11.35969 4.43 828
-1.18778 -11.95305 5.70 3575
-8.14031 -11.83400 5.99 5014
-5.69883 -11.03214 1.98 48
5.32983 -9.76445 4.37 777
-3.75034 -10.31043 5.77 3915
3.42009 -9.77321 5.79 4007
1.69996 -9.24483 -1.46 1
-11.65260 -9.17251 4.93 1474
-7.38310 -9.48253 5.14 1904
13.16433 -9.11652 5.70 3607
-7.91006 -9.22152 5.92 4612
7.89700 -7.85009 4.12 591
2.97538 -7.07936 5.39 2560
12.10194 -7.93234 5.46 2726
-14.67508 -6.06095 3.71 366
-11.31376 -6.99156 4.67 1092
-0.24020 -5.68726 4.82 1309
5.37200 -5.59242 5.00 1629
2.27912 -6.08126 5.29 2276
1.98949 -6.58977 5.32 2360
13.76456 -6.28891 5.45 2689
-10.16962 -6.46171 5.56 3063
-8.11107 -5.20107 5.01 1641
-1.07513 -4.55434 5.97 4887
4.75982 -2.82358 4.07 558
-2.88496 -3.28867 5.15 1953
-5.31933 -2.13279 5.22 2105
8.99724 -1.87522 5.39 2534
-6.24573 -2.48088 5.64 3375
11.19733 -1.87208 5.78 3979
-12.95599 -1.01785 4.95 1520
2.24188 -0.15253 5.66 3449
-11.72450 -0.48991 5.87 4344
-3.30906 -0.12386 5.93 4649
12.11416 -0.97335 5.95 4778
-13.95983 0.39729 5.03 1679
0.65575 1.14003 5.19 2027
-7.16576 0.78097 5.36 2466
11.63478 -0.07860 5.90 4535
2.57731 1.36511 5.07 1753
-2.76953 2.51619 5.43 2663
6.92740 2.13696 5.96 4865
-3.80779 4.05551 4.60 1009
-6.90280 2.94086 5.27 2217
-3.80493 4.05325 5.40 2573
-3.80493 4.05325 5.60 3246
-8.60843 5.05677 3.98 512
-9.63399 4.66204 5.05 1715
-12.28052 4.39898 5.21 2070
7.51691 5.83284 5.20 2063
-1.16731 6.57236 5.52 2940
-2.60099 5.66247 5.60 3218
8.26756 6.37756 5.62 3289
14.64300 5.36814 5.82 4156
10.43208 7.86702 4.92 1466
7.88833 7.88617 4.99 1592
-4.12856 7.18354 5.06 1739
-11.52705 7.91636 5.38 2510
-8.73809 7.42165 5.83 4183
-8.42277 6.94251 5.99 5003
-13.89412 9.46502 4.53 933
11.82814 8.32256 5.75 3848
-9.00622 8.57101 5.83 4187
-6.90969 9.69530 4.90 1429
3.20300 10.64475 5.74 3784
-2.20608 12.11715 5.10 1814
4.99855 12.24559 5.45 2710
2.88067 11.97799 5.75 3815
-4.62112 11.71224 5.87 4337
11.13204 13.13311 4.15 608
10.97166 13.40466 5.45 2711
-4.42957 13.44448 5.55 3035
-8.51077 13.10838 5.65 3397
3.76193 13.07138 5.77 3896
-5.11154 12.49976 5.87 4362
