-5.07712 -13.79396 3.62 337
3.75323 -13.84478 4.79 1247
3.52198 -13.36799 5.78 3984
-1.75404 -12.00131 4.35 755
-0.67656 -11.11017 5.60 3243
5.18351 -10.21974 4.22 639
1.82578 -10.06123 4.64 1045
-1.54865 -9.66552 5.49 2828
-8.80578 -11.80824 5.70 3600
0.53059 -8.93422 4.36 769
-8.22781 -8.58116 3.62 333
6.59103 -7.62607 5.14 1907
-9.36919 -8.79709 5.77 3905
-4.85652 -7.35382 5.78 3966
-10.52123 -7.65886 5.91 4572
-10.35756 -5.22726 5.88 4430
-13.81739 -5.66296 5.73 3729
1.82988 -3.49081 5.76 3883
-10.34962 -2.91859 3.34 243
-0.55014 -1.40434 5.33 2378
-10.73943 -3.20706 5.80 4091
-9.08506 -3.44189 5.95 4770
-10.59625 -1.77332 2.85 141
-10.03991 -1.15964 5.94 4720
12.51877 -0.61573 5.05 1731
-8.33129 0.06246 5.25 2172
13.53770 -0.71480 5.69 3553
-5.99953 1.58910 5.92 4609
7.94200 2.29067 4.87 1382
9.70461 2.86398 5.16 1955
6.87730 3.57645 5.17 1996
-10.91249 2.71833 5.75 3816
-7.59869 3.87066 5.15 1934
9.49427 4.74919 5.93 4683
-2.94714 6.67169 3.66 347
-11.76997 4.91075 5.23 2126
-11.50740 4.96329 5.92 4617
-9.39164 6.10876 5.93 4652
-10.67626 6.17101 2.95 163
1.99149 8.11928 4.13 595
-8.86873 7.08533 4.77 1215
1.58813 9.45324 5.46 2721
10.77213 8.38611 5.97 4878
-13.26673 9.14677 5.25 2190
2.33047 10.68199 5.70 3586
4.44957 9.61945 5.86 4324
-10.57677 10.96533 4.59 992
7.72192 11.19040 5.54 2990
-9.15435 10.56388 5.79 4018
1.68018 12.45269 3.51 289
-2.11374 12.46137 4.53 936
2.83604 12.49326 4.96 1538
2.91232 12.71237 5.07 1751
-12.86167 11.55797 5.29 2278
13.75267 11.94849 5.40 2576
7.12479 12.36026 5.81 4147
13.41229 12.40469 5.92 4642
