-7.73800 -13.25741 5.75 3849
-1.30776 -13.38460 5.77 3944
3.72784 -12.72618 5.89 4464
14.32495 -13.89349 5.98 4928
7.91515 -11.91921 5.25 2174
9.31820 -12.93126 5.84 4246
-9.29218 -10.74011 5.15 1935
3.88117 -10.99855 5.47 2759
7.97886 -10.32571 5.79 4021
-1.10170 -8.28358 5.13 1888
-8.07383 -8.93065 5.48 2802
6.86548 -9.32869 5.59 3191
12.18516 -9.77169 5.69 3533
3.53076 -7.17834 4.27 686
-14.09930 -8.63387 4.91 1449
13.64443 -7.01900 3.88 460
-0.03291 -6.84712 4.64 1050
12.25717 -7.32109 5.09 1800
-3.09998 -5.59307 5.44 2674
-1.04959 -6.69088 5.80 4063
3.15945 -6.47693 5.98 4961
-7.10960 -5.64894 5.76 3872
-4.34269 -5.46113 5.79 4019
8.70750 -4.21582 4.85 1360
11.20335 -2.94038 2.75 124
-4.58262 -0.66038 5.32 2361
-4.09807 -0.33067 5.73 3712
-13.48073 0.71999 4.28 699
3.03471 1.33071 4.91 1439
1.93698 2.29160 5.86 4325
-3.78439 2.91412 5.55 3020
10.83750 4.33283 5.10 1832
-0.27887 6.28183 5.89 4466
1.21627 9.17869 5.48 2794
-13.52671 8.34156 5.93 4687
-0.70635 10.83132 5.45 2690
2.58288 10.17144 5.66 3430
-14.27124 12.20680 5.30 2303
