-11.56811 -14.21751 5.05 1731
9.08780 -14.19511 5.16 1956
-10.58416 -13.88042 5.69 3553
-5.46450 -14.06547 5.74 3751
12.37829 -12.97608 4.39 797
-9.78184 -12.10237 5.75 3821
11.57103 -12.54006 5.75 3842
-2.63111 -10.91877 4.94 1497
-1.19604 -10.26548 5.65 3392
5.11571 -9.73697 4.51 908
6.74926 -9.45626 5.05 1718
8.71224 -9.21747 5.76 3877
-10.28138 -4.99925 4.90 1434
4.08406 -3.25463 3.11 192
-6.89312 -3.83532 5.94 4733
6.99334 -2.00575 4.89 1415
-11.27519 -1.19032 5.61 3257
-4.64016 -0.29258 5.81 4116
-14.09274 -0.50077 4.01 521
-13.86484 -0.94218 4.29 705
3.39881 0.59026 5.11 1856
7.02719 1.08137 5.11 1842
-12.63735 1.16514 5.71 3646
0.62579 4.04139 5.59 3198
0.98326 3.52596 5.64 3365
-6.32333 4.06440 4.13 596
11.99700 4.14768 5.53 2977
13.76348 5.47116 5.83 4207
-12.11664 6.03112 5.89 4488
14.17798 6.60633 5.26 2201
-7.43931 6.74313 5.33 2396
8.91143 6.70502 5.35 2439
7.03279 7.71385 5.50 2881
11.60747 8.07127 5.30 2317
11.48634 8.22813 5.94 4726
-4.47562 9.61643 4.77 1218
8.45820 9.39929 5.52 2953
-5.39378 9.90460 5.95 4799
-2.46472 12.25672 5.32 2348
-5.75148 13.29561 4.37 784
