6.81820 -13.89876 5.97 4884
3.13270 -11.94637 4.82 1291
14.55862 -12.69805 3.97 508
5.54503 -11.29356 5.16 1969
9.01735 -11.84060 5.47 2766
-8.39124 -10.39901 3.27 229
4.79605 -8.93378 4.76 1200
12.62069 -9.58104 3.84 429
3.31491 -7.79933 5.17 2003
3.02832 -7.38565 5.60 3241
2.75977 -7.67724 5.74 3764
12.52140 -9.12880 5.78 3982
1.57043 -7.28342 5.78 3997
13.44626 -10.30097 5.79 4056
-12.87972 -9.12648 5.80 4101
3.16024 -8.11757 5.81 4145
7.40232 -6.78350 1.86 38
10.47067 -7.74232 4.33 735
13.48731 -7.77221 4.92 1465
13.96853 -7.70381 5.16 1973
-6.45844 -6.17824 5.50 2887
10.03970 -5.15875 4.86 1375
9.96800 -5.44910 5.26 2207
-12.08668 -6.69656 5.70 3584
-13.22828 -5.91770 5.82 4157
13.12029 -5.35636 5.59 3209
2.75514 -3.23087 5.63 3319
7.48651 -4.64774 5.97 4906
12.51039 -3.95875 4.49 892
-6.70180 -2.83433 5.17 2002
-13.19567 -4.25241 5.22 2089
1.72624 -1.96059 5.59 3187
5.64674 -1.78941 5.66 3433
-10.20418 -1.71094 5.61 3272
12.79617 -1.08483 1.96 45
2.49224 0.81132 5.70 3611
4.17712 1.00816 5.87 4395
-1.89037 0.79062 5.96 4855
-10.18635 0.98600 4.40 805
12.83931 1.17570 4.86 1378
9.79631 1.80145 5.09 1802
12.34950 1.36521 5.19 2039
12.12010 0.86805 5.48 2821
12.82097 1.19950 5.52 2936
5.15468 2.36594 5.53 2972
12.42938 1.40464 5.61 3283
10.68508 1.47199 5.69 3547
3.46051 2.66301 3.47 279
12.45799 1.53106 3.62 336
-13.41884 1.24238 4.39 799
-0.90428 3.37234 4.94 1505
-4.07715 3.85760 5.39 2537
-11.31566 2.48470 5.80 4092
9.03554 3.27118 5.85 4282
-2.08007 3.18220 5.87 4352
-5.14264 3.20619 5.97 4893
-2.94369 5.39298 5.10 1812
-8.37909 4.37116 5.14 1920
9.67168 3.72770 5.17 1990
-11.41090 4.08237 5.40 2577
-6.92477 3.76489 5.96 4862
-10.91532 5.08906 2.93 159
7.38544 6.17610 5.51 2902
12.08436 4.37501 5.80 4090
2.27091 6.12166 5.91 4599
5.38672 5.82495 5.95 4808
4.09771 7.78321 4.41 811
2.91041 7.33514 4.63 1034
-8.05361 6.95276 4.93 1478
12.11671 5.82446 5.01 1648
14.14105 5.59220 5.16 1964
3.06380 9.42376 4.24 655
-5.82132 9.01395 4.76 1207
9.71965 8.27124 4.82 1306
-14.12334 7.89896 4.93 1470
-9.94550 7.91320 4.95 1528
-6.60855 8.02062 5.14 1927
14.36773 8.02347 5.51 2889
-0.38652 8.79808 5.68 3522
6.63351 8.36430 5.70 3610
-0.74086 8.47753 5.72 3706
7.12909 8.62619 5.82 4155
13.84161 6.94700 5.90 4502
6.91698 10.22594 1.78 33
6.90508 10.21421 4.27 680
1.96280 10.89184 4.71 1137
6.87155 9.38679 5.23 2115
11.35826 8.81896 5.33 2373
2.20722 11.87074 4.11 578
-6.50558 11.07595 4.49 891
7.92940 10.60804 5.13 1884
-11.92475 10.60425 5.14 1908
1.78898 11.55234 5.23 2112
-5.62634 11.12724 5.66 3429
-5.97097 10.99425 5.72 3687
7.60644 11.13328 5.76 3874
2.17931 11.19321 5.84 4228
11.91715 11.01095 5.99 5006
-6.56069 13.30006 4.89 1420
6.52410 13.18484 5.05 1726
0.72338 13.58665 5.06 1747
4.33995 12.89772 5.17 1993
8.31763 12.20495 5.83 4185
4.65825 13.39030 5.99 4982
