-11.46612 -13.97463 5.11 1856
3.30042 -13.69000 5.57 3118
-7.87820 -12.79231 5.11 1842
1.78794 -10.41472 5.51 2919
14.50387 -9.90225 4.79 1244
3.13682 -8.54947 5.29 2288
-3.51029 -8.85062 5.53 2977
1.14652 -8.26300 5.77 3904
0.19795 -7.98334 4.82 1307
-2.03947 -7.25876 5.83 4207
12.28750 -7.02685 4.46 860
-1.84322 -6.08979 5.26 2201
-6.96245 -6.85951 5.35 2439
-8.98488 -6.17955 5.50 2881
-4.56832 -5.08607 5.30 2317
10.61115 -5.22231 5.50 2880
-4.71235 -4.95347 5.94 4726
9.27187 -3.65807 3.01 178
9.96116 -3.56762 5.46 2735
-7.85935 -4.29914 5.52 2953
1.72793 -3.89252 5.63 3330
-1.84234 -1.96622 5.96 4822
13.84816 0.48705 4.99 1584
14.28772 0.47516 5.37 2484
7.17979 2.49116 4.34 748
-8.57313 1.35846 4.90 1433
-11.39800 1.60276 5.47 2781
3.47943 1.39333 5.97 4926
-5.42893 3.63956 4.67 1087
-0.59816 3.87365 4.71 1136
-3.93701 3.58037 5.18 2022
-11.33562 4.16137 5.76 3888
8.19116 5.37088 5.01 1635
-4.15752 6.62802 5.68 3524
12.44971 8.47040 5.42 2621
-2.05325 10.14905 5.42 2606
-8.71442 10.89445 4.11 585
-7.22227 11.84707 5.70 3587
5.03709 12.10696 5.73 3720
13.87670 10.65715 5.96 4832
-10.69864 13.10914 4.14 601
-4.05776 13.77746 4.50 896
-9.62558 12.44934 5.86 4322
