-5.92463 -12.83612 4.73 1156
-6.98786 -13.35647 4.92 1459
-5.23085 -13.47503 5.60 3238
-6.42275 -12.40271 5.79 4001
1.62591 -12.28780 5.87 4382
6.94169 -8.15295 5.27 2236
14.52036 -6.36927 5.39 2556
-13.26733 -5.11656 4.99 1586
-8.26196 -6.05454 5.63 3338
8.67120 -4.86687 4.18 621
-3.27046 -5.37719 5.88 4399
-10.51509 -3.08016 5.84 4241
1.68299 -0.91936 1.86 39
-1.24522 -1.33608 4.70 1121
-4.82152 -0.26091 5.15 1942
6.29924 -0.44633 5.25 2171
10.75549 0.66279 5.59 3213
12.21584 0.24583 5.74 3768
9.57463 3.28063 4.05 549
7.09861 2.86076 4.54 940
7.73850 2.35069 4.75 1183
-0.10196 4.00407 5.46 2742
2.81131 5.18178 5.70 3606
-3.17440 6.85275 2.27 74
-3.17171 6.84761 3.95 490
-2.91337 6.92512 4.01 527
0.14662 6.42551 4.66 1079
1.31721 6.09779 5.70 3613
-8.80350 6.30711 5.82 4173
11.76145 6.73776 5.85 4265
-8.86276 8.93378 1.77 32
-1.14923 7.35784 5.60 3245
10.26378 8.39009 5.76 3879
-7.49525 9.29338 4.93 1481
-14.17197 11.29425 5.81 4109
-12.70295 13.27868 5.35 2424
-2.01019 13.80266 5.40 2575
12.65370 14.57201 5.46 2751
-11.20894 14.47883 5.50 2863
