7.20240 -13.53482 5.75 3844
1.25696 -11.64603 5.33 2395
13.46802 -15.20112 5.41 2593
0.43866 -12.08671 5.88 4440
3.96130 -11.88713 5.96 4837
-0.40730 -9.96109 4.44 841
-12.64184 -13.27124 4.78 1227
-14.05293 -13.00309 5.89 4472
9.50062 -9.81918 3.56 311
13.67964 -12.16415 5.15 1939
8.31507 -10.60285 5.31 2343
2.34772 -9.24481 5.53 2957
8.11511 -10.56016 5.76 3889
-1.64646 -7.00889 5.73 3737
-10.82400 -8.08885 3.62 337
-2.12264 -6.74818 4.79 1247
-2.41653 -6.32362 5.78 3984
-7.80232 -5.81961 4.35 755
-6.87095 -4.78313 5.60 3243
-1.24408 -3.01569 4.22 639
-4.55887 -3.37412 4.64 1045
-7.95198 -3.50561 5.49 2828
-6.00293 -2.47044 4.36 769
-0.23705 -0.27527 5.14 1907
-11.60688 -1.73910 5.78 3966
10.73729 -0.39794 5.13 1893
8.88138 0.25700 5.42 2619
10.07541 0.42401 5.26 2203
-5.52699 3.08755 5.76 3883
-8.21500 4.81372 5.33 2378
9.11350 4.18842 5.35 2431
4.57214 7.47400 5.05 1731
5.57629 7.51994 5.69 3553
10.36870 5.92131 5.74 3751
6.79425 8.98163 5.75 3821
-14.18588 7.02714 5.92 4609
-0.31981 9.71816 4.87 1382
14.01165 8.13203 4.94 1497
1.33625 10.53653 5.16 1955
-1.55806 10.85688 5.17 1996
0.86268 12.39486 5.93 4683
-11.89640 12.62175 3.66 347
