-0.43810 -5.49524 5.47 2756
-2.56424 -4.80250 5.28 2257
1.00972 -3.55228 5.49 2841
-4.23017 -12.15627 5.46 2747
-4.47880 -10.60606 5.58 3131
0.27977 -1.33170 5.77 3911
-7.54432 -8.08823 5.57 3105
-6.87937 -9.00405 5.91 4544
5.44297 -2.17583 5.69 3538
3.25190 -0.80966 5.77 3918
4.27115 3.22322 5.11 1841
-1.26005 3.04548 5.29 2296
4.42340 2.93045 5.73 3718
4.91561 2.61097 5.28 2251
7.32668 -0.57881 5.87 4342
1.33655 4.88614 4.15 607
-5.11851 3.94542 5.91 4550
0.00143 6.25800 5.10 1826
1.78540 6.57587 5.35 2447
-5.55360 4.23097 5.77 3936
-11.36437 0.35605 5.95 4779
5.54653 7.51270 5.75 3812
-2.89202 10.24286 3.76 388
-5.74526 10.05653 5.15 1954
-0.16115 10.31245 5.51 2892
5.44244 9.62476 5.81 4139
9.13781 8.14061 2.80 132
7.61984 9.24519 4.78 1235
8.73380 8.09734 5.97 4905
-1.40674 12.20930 5.95 4803
6.04661 10.18095 6.00 5028
-7.87612 10.49392 6.00 5079
