-5.45567 -12.85700 5.37 2479
5.72472 -13.66610 5.81 4125
-9.06772 -11.49225 5.41 2580
-6.03608 -10.41734 4.95 1523
-10.25971 -9.84036 5.20 2056
3.90056 -9.72487 5.97 4925
14.11276 -8.10125 1.65 27
0.40220 -8.77934 5.78 3954
-1.61665 -8.29111 5.88 4419
-9.97276 -7.89402 5.23 2133
12.40318 -6.90381 5.76 3856
14.10781 -5.84145 5.74 3772
-13.45147 -3.55732 2.85 142
-4.06917 -4.81834 5.28 2267
2.69717 -4.85678 5.58 3168
13.20271 -4.62099 5.94 4736
10.25365 -2.73908 5.02 1661
2.69056 -3.27497 5.86 4319
4.87707 -2.41315 2.69 115
10.97312 -1.72629 4.54 943
11.42485 -0.86834 5.03 1668
-14.60530 -1.73275 5.11 1855
11.16055 -1.18535 5.41 2604
-8.30109 -1.64460 5.72 3701
-4.37037 -1.34276 5.76 3875
-5.52969 -0.45924 4.93 1475
13.54815 0.08232 5.07 1757
-4.40016 -1.10709 5.73 3744
-13.69964 -0.06309 5.77 3940
13.32155 -0.06182 5.94 4742
10.31075 -0.48093 5.96 4854
-11.45725 1.68493 4.04 543
-12.26753 0.78254 5.49 2843
3.47076 2.39004 4.78 1230
2.69533 3.44513 4.88 1405
5.21510 4.09608 4.94 1500
12.23100 3.99503 4.99 1600
9.00438 5.18757 4.86 1379
-8.50045 4.52624 5.51 2911
0.49484 4.49811 5.99 5020
5.39417 6.18210 5.95 4801
-11.14978 7.54208 2.89 153
10.33545 7.57336 4.71 1135
-6.58035 7.76755 4.71 1139
1.76727 7.31305 5.97 4899
6.88012 8.83539 3.17 209
5.84194 8.54094 3.75 381
-0.85691 8.61727 4.25 662
10.79512 10.02478 5.23 2121
10.49047 8.97607 5.52 2944
11.18117 8.97904 5.54 3009
-5.08346 9.51420 5.92 4635
13.21136 9.86648 6.00 5033
-14.04859 11.59104 3.77 397
9.73973 11.29564 5.48 2789
3.25534 10.51228 5.71 3656
5.49775 12.36374 2.99 170
0.73080 11.54021 5.29 2292
-12.35265 14.75837 5.66 3450
