6.83681 -13.45970 5.26 2212
-13.33875 -11.81690 4.08 570
1.56457 -11.52235 4.73 1158
-5.46446 -12.18284 5.09 1794
11.87939 -10.67061 2.59 99
-4.98248 -10.63614 4.08 567
5.28788 -9.89833 5.18 2020
-13.51177 -9.07576 5.89 4478
-6.87959 -6.63839 3.56 307
-13.37794 -5.88528 5.88 4416
13.78506 -5.17899 5.14 1910
-0.44455 -4.38956 5.48 2790
-4.30235 -3.25483 5.94 4761
-12.44233 -1.98147 5.50 2877
-5.18235 -1.20979 4.83 1329
7.00158 -0.66839 5.55 3029
-1.11950 0.26946 4.70 1129
-2.44729 2.97117 5.95 4810
3.77737 6.39615 5.64 3359
-8.05014 8.70277 4.47 871
-3.33787 9.62493 4.77 1214
-13.29049 10.30223 4.74 1175
13.98544 12.88041 3.89 462
-1.05823 12.67407 4.30 714
-9.15984 13.73555 5.42 2630
13.53912 12.70977 5.90 4510
-12.75753 13.83343 5.95 4807
