1.18156 -13.60751 5.69 3538
-1.40672 -13.97179 5.77 3918
-3.20929 -10.13775 5.11 1841
-7.45058 -13.89902 5.29 2296
-2.90342 -10.26754 5.73 3718
-2.31641 -10.19823 5.28 2251
9.10813 -15.51585 5.85 4285
1.59688 -11.12465 5.87 4342
-6.56997 -10.74163 4.15 607
-11.12810 -15.75419 5.91 4550
9.01444 -13.25918 5.79 4046
-8.49882 -10.53517 5.10 1826
-7.29104 -9.13127 5.35 2447
10.34239 -11.87724 5.69 3570
5.81010 -6.79664 5.28 2248
-4.94674 -6.00586 5.75 3812
7.99397 -7.71877 5.57 3120
9.76443 -7.84676 5.70 3577
-11.18867 -7.47987 5.51 2892
-6.35790 -4.45670 5.81 4139
-2.58082 -3.27700 2.80 132
-4.43835 -3.38469 4.78 1235
9.67898 -6.16181 5.52 2939
-2.86223 -3.56096 5.97 4905
-13.36906 -6.80758 5.95 4803
-6.23883 -3.65541 6.00 5028
9.44475 -2.33476 4.75 1187
-1.01571 0.08057 5.07 1766
7.85475 0.47663 5.01 1650
12.55200 0.98108 5.53 2982
-5.99572 4.19495 5.59 3214
-0.60081 7.51145 5.45 2685
-4.69407 7.00175 5.51 2920
10.09145 7.01348 4.09 576
12.42734 6.69672 4.11 577
1.95550 8.35491 4.86 1374
7.16315 9.32000 4.69 1105
13.52913 7.20993 4.84 1344
9.54268 8.39830 5.55 3044
9.73857 8.47663 5.69 3537
-8.55434 11.98011 4.50 897
-2.52450 13.08558 5.39 2559
