13.12654 -13.37183 5.44 2674
9.04359 -12.74761 5.76 3872
11.87194 -13.02471 5.79 4019
-11.98201 -10.51571 4.60 1002
-3.94997 -10.75179 5.89 4459
0.94931 -9.90264 5.98 4941
-4.67165 -8.57621 5.00 1617
-4.04112 -8.40955 5.22 2090
12.30034 -8.11723 5.32 2361
-9.83780 -8.42003 5.43 2656
12.83966 -7.85928 5.73 3712
0.06021 -6.51226 4.70 1123
-14.36359 -6.45043 5.61 3281
3.67885 -5.41791 4.28 699
-11.70323 -5.70584 5.71 3658
-0.97653 -4.89907 5.74 3786
0.50095 -3.42627 5.22 2106
13.60977 -4.63643 5.55 3020
-8.74406 -3.55207 5.81 4115
-1.58666 -3.89077 5.98 4946
-2.03638 -2.56133 3.54 302
-2.08186 -1.50565 5.04 1700
3.43950 -1.18851 5.85 4290
-2.30891 0.99285 5.64 3349
-2.30987 0.98979 5.81 4137
-9.48794 2.32413 5.44 2679
4.72139 2.00914 5.93 4687
-10.61215 3.33968 4.94 1492
-10.41852 3.36108 5.71 3628
2.68065 4.43259 5.11 1838
4.55364 5.81671 5.30 2303
8.90398 7.00644 4.02 532
13.63703 6.53866 5.68 3527
-3.24392 7.57502 5.76 3881
9.84852 8.52790 5.46 2728
9.63880 9.91668 3.00 171
-9.04602 9.65690 4.48 874
13.07250 10.28299 5.21 2081
12.95214 10.34812 5.97 4920
11.40503 12.33125 5.83 4222
