12.63394 -11.28880 5.31 2333
2.76684 -11.19561 5.88 4407
11.68873 -8.67073 4.36 762
-4.84714 -10.33389 5.30 2318
4.65499 -10.56933 5.47 2777
-11.75164 -8.80037 5.82 4171
-14.14214 -7.30794 3.57 315
13.00379 -8.15663 4.23 647
12.04475 -8.57018 5.47 2784
11.67086 -8.51943 5.82 4148
7.68341 -8.96688 5.90 4494
-14.46440 -7.10457 5.92 4639
9.82815 -6.32430 1.79 34
6.47827 -7.08352 4.05 551
0.94378 -7.92390 4.12 593
11.03532 -6.63095 4.67 1094
10.84744 -7.29271 4.98 1579
9.72248 -7.25149 5.29 2297
10.84180 -6.18315 5.58 3156
-9.32338 -7.32076 5.69 3539
9.44958 -7.49083 5.93 4697
-12.26549 -4.73943 4.07 565
-3.15623 -6.40365 4.71 1140
7.83278 -5.08950 5.03 1683
8.62911 -6.16479 5.03 1688
8.49510 -6.00437 5.15 1931
-3.44245 -6.76511 5.19 2031
-4.18997 -6.52140 5.59 3180
-10.38833 -4.92614 5.79 4038
-5.69308 -5.13998 5.31 2341
-10.37297 -3.32498 5.90 4515
2.95610 -2.99227 3.95 493
4.36910 -3.47138 5.28 2265
5.05067 -1.82585 2.93 160
0.60971 -2.01556 5.84 4244
-7.49703 -0.19877 5.04 1704
10.54007 0.98028 5.98 4951
2.05350 1.26616 3.76 389
9.70614 1.49452 5.09 1804
-3.39134 1.26607 5.17 1978
-9.39175 1.01224 5.52 2954
0.59667 0.14818 5.77 3941
4.80123 2.56057 4.76 1198
-11.23485 5.37643 5.56 3078
-4.00724 4.13750 5.75 3797
6.65265 3.37064 5.79 4047
13.38080 5.92056 5.80 4068
-4.03453 3.61158 5.98 4975
8.84464 6.14915 4.54 953
-14.39896 6.58984 4.98 1576
-5.62378 5.02236 5.67 3474
-11.96982 6.05427 5.70 3596
8.43689 7.56959 4.21 633
-11.58291 7.25423 4.71 1144
10.76634 8.11032 5.76 3882
-12.62818 8.98643 2.68 110
-9.56865 8.66584 5.78 3990
12.79093 10.31080 5.00 1608
2.62003 9.04936 5.59 3215
-6.99429 12.59703 3.38 256
10.21917 12.84821 4.80 1255
12.07363 12.98187 5.03 1674
9.66184 12.51859 5.10 1822
-7.96215 13.04768 5.63 3346
10.78512 12.93238 5.85 4268
6.64592 13.84619 5.23 2122
-5.99959 13.78609 5.26 2208
-13.28563 15.08280 5.55 3031
-5.54279 13.38468 5.58 3141
4.14039 12.73292 5.89 4489
-5.46593 14.10325 6.00 5034
