13.91524 -9.65215 4.05 549
11.43594 -10.25567 4.54 940
12.13534 -10.73108 4.75 1183
-12.03607 -10.46912 4.80 1258
4.05674 -9.60409 5.46 2742
6.89439 -8.20870 5.70 3606
-12.89686 -7.94114 5.81 4122
0.77519 -6.96202 2.27 74
0.77822 -6.96696 3.95 490
1.03021 -6.87118 4.01 527
4.12149 -7.15092 4.66 1079
5.31943 -7.39522 5.70 3613
-4.78336 -7.90718 5.82 4173
-4.98784 -5.30686 1.77 32
2.75765 -6.31343 5.60 3245
-10.12333 -4.91850 5.70 3616
-3.66059 -4.85403 4.93 1481
-10.30486 -3.37750 5.81 4109
-12.01601 -2.63569 3.31 236
-10.75514 -1.74380 5.55 3026
-8.96389 -1.34632 5.35 2424
1.44899 -0.05105 5.40 2575
-7.56996 -0.08019 5.50 2863
-5.30896 0.75411 5.85 4269
4.86057 2.31748 5.96 4830
-5.11865 4.13654 5.89 4474
-2.77697 5.04955 6.00 5063
6.57658 6.58160 3.65 344
4.60512 6.76973 4.65 1068
3.14052 6.75337 5.85 4257
13.53488 10.83889 4.60 1008
-3.50325 7.64142 5.24 2156
-13.10962 11.89965 5.30 2314
-2.74745 9.18555 5.32 2354
-4.39989 9.63087 5.43 2644
-13.06380 15.88295 3.84 431
-5.56490 14.07559 3.87 453
-6.12122 13.34274 4.95 1515
-12.52892 15.62151 5.20 2064
6.32234 13.71925 5.24 2134
