-5.44664 -13.67716 5.45 2685
-9.50200 -14.88558 5.51 2920
12.71334 -15.72710 5.96 4856
5.24806 -12.40084 4.09 576
7.59529 -12.33197 4.11 577
-3.02331 -12.40403 4.86 1374
1.96135 -10.59428 4.69 1105
8.57051 -11.64317 4.84 1344
4.45638 -11.11766 5.55 3044
4.63373 -11.00854 5.69 3537
-8.18184 -8.45408 5.39 2559
-11.57407 -8.54426 4.23 644
11.74406 -7.42312 4.99 1598
-2.21413 -6.06023 5.93 4674
-10.41029 -5.52809 5.09 1807
9.90253 -6.35907 5.74 3779
-10.61799 -5.47921 4.37 781
-10.61291 -5.48899 4.54 942
10.76004 -5.30048 5.26 2204
-7.23182 -4.58947 5.70 3608
3.05944 -2.26037 2.86 144
-5.28976 -2.76493 5.37 2470
7.60031 -1.07601 5.35 2429
0.30076 -1.08215 5.71 3639
-9.70472 -1.41847 5.98 4959
-10.33515 -0.41608 5.89 4467
-0.42383 3.78522 0.46 9
-10.41977 2.38409 4.36 773
-11.00164 3.62261 5.70 3592
-0.03881 5.21856 5.76 3853
-0.04008 5.21396 5.87 4346
-6.18838 6.17282 3.92 479
7.66328 5.00700 5.81 4111
12.08102 6.16972 5.21 2079
1.25052 8.89548 5.04 1699
0.50685 8.60362 5.52 2932
12.04380 9.05553 5.31 2344
-13.80506 8.91828 5.57 3104
7.86301 11.21210 3.56 308
3.42939 11.47889 3.70 362
9.33642 11.60697 5.92 4634
-10.75639 11.53124 5.22 2107
13.70502 11.22976 5.41 2582
1.33581 12.67076 5.49 2830
2.42546 13.49876 5.94 4732
