0.64486 -12.84339 4.25 665
9.62202 -10.29382 4.95 1535
-10.31906 -10.86768 5.38 2499
9.03708 -10.40992 5.48 2818
7.92106 -9.52498 5.56 3076
-9.99185 -8.18237 5.80 4060
6.00331 -8.82261 4.32 729
-0.82992 -10.24340 4.82 1288
5.32038 -9.71653 4.96 1537
-9.00434 -7.62854 5.14 1930
10.03782 -7.11944 5.98 4966
7.89497 -6.10403 5.56 3068
-3.56816 -8.33059 5.77 3943
-2.65242 -9.33065 5.91 4596
11.27678 -1.05061 5.68 3512
9.56403 -2.76837 5.72 3693
-11.29181 2.90121 4.29 712
-6.05832 -2.77417 6.00 5051
6.48798 -1.93968 4.23 645
-8.59670 1.30957 5.26 2199
1.35106 -3.32038 5.64 3378
-1.61875 -2.94710 5.98 4936
-3.47644 -1.48081 5.28 2249
-3.47789 -1.47236 5.85 4302
-6.66035 2.61768 5.50 2868
5.06067 10.79902 5.90 4533
3.48207 3.72305 4.36 764
4.73135 9.42104 5.27 2215
3.07589 4.05483 5.79 4049
-2.15428 11.01740 5.86 4323
1.58494 11.81565 4.25 658
-4.04249 7.57061 5.07 1759
2.54531 9.58075 5.58 3165
-0.05217 7.87955 2.02 52
