0.59069 -13.47061 2.20 65
-0.81448 -13.31623 5.24 2146
-6.02852 -13.11862 5.45 2699
-7.75066 -12.66123 5.69 3549
-0.49503 -12.80167 5.84 4248
9.71510 -11.66620 3.94 484
5.67004 -11.23973 5.67 3482
-9.36923 -10.84412 5.84 4229
0.72036 -12.38732 5.93 4656
-11.58733 -9.66901 5.35 2448
-10.28822 -9.26103 5.40 2561
11.16937 -7.58016 3.72 371
5.01809 -8.84473 5.95 4812
8.18405 -7.29277 4.78 1236
7.44896 -7.82191 5.04 1709
-10.62341 -6.57331 5.17 1979
9.42323 -7.03815 5.55 3034
8.91523 -6.46240 5.96 4838
5.18293 -6.30487 1.25 18
-8.50205 -6.22087 2.87 146
-9.43824 -5.56190 5.06 1746
8.07675 -6.19481 5.45 2714
0.50021 -5.76699 5.58 3172
-0.95893 -6.05951 5.91 4568
-4.94882 -5.63962 5.92 4641
-1.49653 -4.45194 3.79 400
-1.57219 -4.34807 4.83 1321
6.88977 -5.01473 4.84 1346
9.80583 -4.63351 5.37 2472
3.27355 -4.45991 5.78 3957
-1.04390 -3.12384 3.98 509
10.77915 -2.40876 4.55 955
9.23035 -2.80312 4.74 1182
6.40318 -2.68170 5.57 3127
-6.55153 -3.78041 5.62 3291
8.31874 -3.05819 5.67 3483
-6.40381 -2.54350 5.91 4554
2.26187 -1.39828 4.95 1534
2.53022 -1.02050 5.44 2669
13.86142 0.59546 5.69 3546
1.56875 -0.82620 5.69 3552
13.25967 0.64540 5.76 3861
8.16004 -0.60927 5.90 4504
-10.36458 -0.21382 5.96 4824
-9.55462 1.00269 4.48 875
-4.09398 0.27120 5.05 1725
4.85462 0.64683 5.39 2549
-10.66215 1.29455 5.53 2984
8.40005 1.17842 5.61 3250
7.90140 1.48496 5.81 4138
-8.31972 1.25559 5.96 4835
-10.68605 3.29407 3.79 401
-9.80484 2.45819 5.73 3732
-5.09225 3.55681 4.92 1468
-6.06404 4.40665 5.03 1676
-11.02659 4.18557 5.75 3820
-12.89434 6.04959 3.77 394
10.25126 5.79559 5.73 3723
-2.83070 4.40785 5.85 4297
8.98598 5.19636 5.90 4498
-8.15319 7.43402 5.82 4162
-0.30984 7.41370 5.76 3863
11.08152 9.12338 5.98 4976
-1.25342 9.04859 4.30 717
-12.89123 11.07069 5.12 1868
4.63593 9.12982 5.78 3983
7.98603 9.79443 5.83 4211
1.81644 8.37198 5.91 4591
4.69449 10.66187 4.51 906
-12.20297 12.12630 4.99 1582
-4.95305 10.60823 5.14 1914
-11.04648 11.76585 5.91 4597
-4.31560 12.40742 4.96 1546
10.68579 13.09877 5.66 3445
6.95635 13.56685 5.51 2904
9.00575 14.71411 5.64 3383
