11.12351 -12.61293 3.50 286
6.27602 -12.97311 5.73 3716
-8.83634 -11.86855 5.87 4382
-2.99746 -8.39305 5.27 2236
4.54086 -8.61722 5.70 3581
4.63111 -7.55305 5.39 2556
-0.86074 -5.36002 4.18 621
6.97856 -5.00388 5.74 3762
-12.84061 -4.35712 5.88 4399
10.12510 -2.49606 4.76 1201
10.40128 -1.76187 5.57 3115
6.71209 -1.42509 5.69 3543
-7.25128 -0.55029 1.86 39
-10.24541 -0.57630 4.70 1121
-13.72118 0.98266 5.15 1942
-2.60657 -0.69152 5.25 2171
1.90533 -0.18522 5.59 3213
8.07666 -0.01912 5.63 3326
3.26897 -0.78566 5.74 3768
1.09953 2.54519 4.05 549
-1.38065 2.46781 4.54 940
-0.81993 1.87797 4.75 1183
12.71090 4.00376 5.66 3431
-8.37600 4.59664 5.46 2742
-5.30920 5.35811 5.70 3606
-11.08462 7.88077 2.27 74
-11.08260 7.87523 3.95 490
-10.81107 7.91512 4.01 527
-7.80105 6.97371 4.66 1079
9.22421 7.01637 5.25 2175
-6.67479 6.47991 5.70 3613
3.68057 5.63753 5.85 4265
-8.97535 8.09039 5.60 3245
2.44400 7.46877 5.76 3879
11.60217 13.81457 3.29 233
-8.97138 14.64850 5.40 2575
5.56921 13.17306 5.46 2751
