10.63715 -13.80850 4.12 592
6.84324 -12.96973 5.06 1734
-0.96608 -13.23489 5.84 4254
-11.39614 -11.99122 4.32 723
4.35640 -11.77869 5.94 4705
-13.61107 -10.55430 4.98 1578
-3.64711 -10.14995 5.77 3894
-0.07648 -9.59894 4.79 1243
0.16368 -6.25190 4.80 1261
2.57384 -5.02329 1.98 47
11.10677 -4.36751 5.05 1712
-3.53151 -5.20678 5.46 2722
-1.12305 -5.13651 5.47 2786
-3.83456 -4.93591 5.60 3228
-12.44942 -3.18481 4.62 1019
-9.71095 -3.05828 5.54 3016
-1.12490 -1.85410 5.24 2143
2.65000 -1.47169 5.38 2516
4.96012 -1.26932 5.56 3066
1.84166 -0.16284 5.59 3216
-8.79603 -0.64169 6.00 5068
-10.53620 2.09020 5.31 2322
3.13226 3.05377 4.60 1010
-11.71899 4.01365 5.70 3605
6.82899 5.28410 3.91 473
4.11385 5.22971 4.57 976
-11.29883 4.22625 5.29 2281
-6.20546 6.19660 5.67 3491
9.13556 9.35226 5.65 3396
-1.94376 10.07165 3.88 459
-12.81493 11.64576 4.30 715
-14.40324 11.58052 4.44 840
6.40157 13.36099 4.68 1102
