-8.90376 -11.73158 1.77 32
-1.16061 -13.33049 5.60 3245
10.32987 -12.28131 5.76 3879
-7.52095 -11.36908 4.93 1481
-14.12701 -9.36772 5.81 4109
-12.58056 -7.40864 5.35 2424
-1.98742 -6.89560 5.40 2575
12.47905 -6.14546 5.46 2751
-11.05759 -6.23611 5.50 2863
-8.70537 -5.56942 5.85 4269
13.79557 -4.42472 5.93 4654
1.59742 -4.78376 5.96 4830
-8.22535 -2.19533 5.89 4474
-5.80563 -1.46866 6.00 5063
3.60790 -0.68150 3.65 344
1.67077 -0.34118 4.65 1068
0.21821 -0.24242 5.85 4257
10.73235 2.95195 4.60 1008
-6.31730 1.16054 5.24 2156
-5.43850 2.62551 5.32 2354
-7.04578 3.19665 5.43 2644
12.30571 5.59592 5.13 1889
-7.83257 7.65034 3.87 453
-8.44597 6.97981 4.95 1515
3.86123 6.33602 5.24 2134
13.93800 9.30777 5.62 3288
-7.60464 7.92318 4.94 1495
-9.75208 8.86589 5.71 3659
10.61674 11.67217 3.05 186
10.25396 11.49912 5.02 1665
-0.31192 8.58381 5.50 2850
-1.44741 10.22028 5.79 4027
6.62492 13.64906 2.08 60
