-13.66658 -13.09343 4.28 699
3.07233 -12.46662 4.91 1439
1.95678 -11.48387 5.86 4325
-3.81777 -10.84944 5.55 3020
10.89857 -9.41015 5.10 1832
-0.27923 -7.44765 5.89 4466
1.21007 -4.56183 5.48 2794
-13.48263 -5.39197 5.93 4687
-0.70020 -2.93193 5.45 2690
2.56411 -3.58131 5.66 3430
-14.10447 -1.58435 5.30 2303
-9.86802 0.08633 4.02 532
-5.17629 0.13936 5.68 3527
-1.76466 2.18756 2.65 109
12.34525 2.09085 3.00 172
9.19006 2.34888 4.95 1519
-9.11600 1.68331 5.46 2728
-3.04553 1.75913 5.63 3315
-9.48970 3.02297 3.00 171
-6.17917 3.71635 5.21 2081
-6.30353 3.76781 5.97 4920
7.66159 5.92029 5.58 3138
-8.04645 5.54416 5.83 4222
11.69957 6.62782 5.22 2088
-12.77339 6.96580 5.26 2212
11.10888 6.67578 5.33 2390
12.66252 8.86472 4.74 1178
-0.41142 9.28561 6.00 5025
-7.98867 10.14274 2.59 99
-14.67105 10.39591 5.18 2020
14.27608 9.58920 5.37 2496
-3.36513 11.68275 2.95 162
-2.63901 12.13882 4.31 719
10.72243 11.93615 5.04 1702
