4.33222 -13.34288 4.65 1056
6.32207 -12.56317 4.66 1076
-6.47635 -12.71915 5.61 3259
13.71999 -14.23526 5.83 4203
-12.02203 -12.30090 4.09 575
2.17718 -11.38874 4.23 646
2.42780 -12.26767 5.24 2153
-13.63245 -12.75341 5.45 2706
-5.91132 -12.01271 5.52 2934
-13.42157 -12.37286 5.84 4250
-6.91794 -10.47150 4.88 1395
-6.57336 -9.40688 3.69 359
-1.99050 -9.13364 4.27 678
13.20619 -8.16392 5.38 2502
10.24428 -7.60318 5.79 4006
2.76512 -8.13089 5.81 4121
12.41378 -8.22213 6.00 5042
-6.94799 -4.98401 5.71 3625
-1.21276 -3.38323 5.23 2116
9.67202 -2.07279 5.37 2495
6.01506 1.98743 2.95 164
2.05894 3.96653 4.42 821
-3.47869 3.16862 5.59 3190
6.53649 3.26325 5.60 3239
8.17291 2.92801 5.61 3253
5.12559 3.93990 6.00 5046
-1.35933 5.21777 5.57 3113
-4.03497 5.07142 5.73 3708
11.70860 6.35344 4.87 1393
1.20334 6.19312 5.60 3217
1.10061 7.18973 3.54 301
-2.39941 7.60632 3.73 372
-12.99640 6.72978 5.83 4216
-14.99117 8.16530 3.89 466
-8.25212 8.42900 4.80 1254
10.53850 8.38680 5.70 3594
12.15778 9.99082 4.43 829
-12.32001 10.06068 5.26 2198
-12.86474 9.93000 5.32 2356
-13.40634 9.94970 5.75 3843
-0.51834 10.48019 5.85 4273
14.07280 10.03363 5.85 4283
11.00985 11.16164 4.04 546
-11.60217 12.21145 5.27 2230
10.48490 11.04841 5.44 2671
12.94644 11.64480 5.94 4750
-3.55635 11.28966 5.99 4979
-3.24955 13.72237 4.73 1162
4.39278 13.31337 5.48 2813
0.22084 13.53748 5.53 2967
6.53545 13.14591 5.83 4217
-0.33898 12.95216 5.96 4868
