-0.22817 -13.69435 4.71 1135
-8.82326 -12.97247 5.97 4899
-3.51370 -12.02900 3.17 209
-4.57941 -12.20393 3.75 381
-11.30723 -11.34047 4.25 662
0.46581 -11.29882 5.23 2121
0.06443 -12.30597 5.52 2944
0.74210 -12.38247 5.54 3009
2.80490 -11.73492 6.00 5033
-0.43934 -9.92149 5.48 2789
-6.92152 -9.92809 5.71 3656
11.40063 -8.88687 5.87 4375
-4.48160 -8.36831 2.99 170
-9.31132 -8.60465 5.29 2292
9.63263 -6.34621 1.90 41
-0.78912 -5.48502 0.08 6
9.54850 -4.97242 4.26 675
-13.84879 -3.51005 4.85 1351
-2.17263 -4.13158 5.68 3516
9.42558 -2.24702 5.73 3748
-6.51847 -1.41572 5.66 3436
-8.80586 -1.77228 5.67 3465
9.39288 -0.77839 5.96 4851
5.72300 0.00962 5.47 2758
-8.07548 0.45961 5.87 4377
8.68604 0.46872 5.89 4444
-13.54422 1.81726 4.61 1011
-13.39830 1.43690 5.45 2691
-12.94062 2.57949 5.55 3051
-2.83473 2.25316 5.00 1612
-4.94286 4.13842 5.75 3811
-4.60863 5.33031 4.47 865
-8.26275 4.80145 5.05 1729
-12.90164 6.39864 5.19 2037
-8.17826 5.33827 5.35 2418
12.63806 6.11218 5.36 2469
-9.70581 6.18953 5.77 3916
7.92648 6.43631 3.72 367
3.31345 6.17483 5.73 3738
6.75732 8.26830 4.99 1580
-4.88877 7.44192 5.52 2922
-6.04776 9.65249 5.30 2315
12.71286 10.19399 5.64 3377
-11.06263 10.13272 5.88 4437
5.08907 8.65249 5.94 4748
0.64183 10.39550 5.28 2244
-11.56221 12.19620 5.71 3631
-2.47577 12.45320 5.08 1773
12.11330 13.14150 5.21 2076
8.93874 13.18539 5.36 2456
12.91929 12.98032 5.88 4434
10.64125 13.65031 4.48 879
-13.43084 14.58799 5.06 1749
6.09508 14.08603 5.20 2065
9.67540 14.87204 5.35 2421
10.96950 14.25316 5.94 4759
