-0.62544 -13.79678 4.94 1495
-2.92069 -13.40101 5.71 3659
6.31461 -11.32838 5.50 2850
4.79302 -10.01532 5.79 4027
11.71416 -4.71045 2.08 60
8.83050 -3.85409 4.25 665
-10.12920 -3.13060 4.84 1343
-1.86036 -6.55946 5.38 2499
-2.68987 -4.04195 5.80 4060
12.07978 1.99539 4.32 729
6.41946 -2.12884 4.82 1288
11.81933 0.89836 4.96 1537
-2.03847 -3.14495 5.14 1930
3.14562 -1.54033 5.77 3943
4.38936 -2.06050 5.91 4596
-8.54214 5.37847 4.29 712
-1.42857 2.43194 6.00 5051
9.67901 8.49651 4.23 645
-10.29824 11.46490 4.96 1540
-5.44374 5.06721 5.26 2199
5.53163 5.04655 5.64 3378
2.66642 4.13480 5.98 4936
0.36291 4.68622 5.28 2249
0.35803 4.69328 5.85 4302
-4.25422 7.07390 5.50 2868
-0.65957 19.14642 4.25 658
4.53204 12.43238 4.36 764
3.27110 18.28989 5.27 2215
4.01782 12.56390 5.79 4049
-3.75031 16.75606 5.86 4323
-3.99418 12.73822 5.07 1759
1.18244 17.47650 5.58 3165
-0.48060 14.75426 2.02 52
