-11.86284 -13.62495 4.97 1560
4.73411 -12.47045 5.95 4820
-0.95753 -11.25548 5.00 1626
2.11932 -11.43067 5.79 4025
-12.87329 -10.47650 5.85 4276
6.91964 -9.52924 4.70 1126
-3.93222 -9.35783 5.71 3653
5.59798 -8.30782 5.85 4293
0.38941 -7.01294 3.52 293
9.48786 -6.76703 4.37 780
-2.72560 -7.24855 5.07 1755
-3.92620 -8.15238 5.41 2602
-10.94920 -5.80015 5.24 2159
9.56013 -4.03390 1.35 22
-14.07151 -4.04424 4.25 667
-2.71083 -5.06481 4.97 1563
2.14456 -4.36673 5.63 3316
6.10997 -3.44906 5.26 2202
12.29645 -1.50762 5.41 2589
-8.22205 0.03441 5.34 2406
1.23974 -1.33740 5.35 2433
-14.26466 0.79463 5.20 2047
-14.13198 1.14844 5.67 3486
9.00201 2.56977 3.52 292
-0.97119 1.97106 5.69 3564
13.03278 7.03406 2.61 102
13.03451 7.03261 3.80 404
12.97771 6.51183 4.79 1238
7.31875 9.70032 5.66 3432
-2.63633 11.00100 4.31 722
-9.84719 9.94635 5.14 1912
1.85535 12.11970 2.98 166
11.73640 11.98829 3.44 271
11.93470 11.56029 5.82 4170
11.68213 12.10651 5.97 4901
3.75819 13.02313 5.32 2358
-11.85964 13.46871 5.45 2687
