2.33672 -13.59254 3.55 305
5.52496 -12.71152 3.71 366
8.82031 -13.87508 4.67 1092
3.23080 -13.12380 5.49 2826
9.98989 -13.41303 5.56 3063
-6.89597 -11.34446 4.29 708
12.12356 -12.25907 5.01 1641
-5.55806 -12.37346 5.25 2165
-7.53883 -11.84042 5.50 2854
-9.05775 -11.06475 4.36 765
-13.64273 -10.64352 4.79 1242
-6.76605 -10.13619 5.30 2302
-11.05697 -10.48805 5.97 4882
-9.39245 -9.56961 4.45 847
14.12637 -9.58171 5.64 3375
4.97691 -9.35240 5.66 3448
-9.70724 -9.54960 5.68 3520
7.40641 -7.75565 4.95 1520
-13.72338 -7.44356 5.38 2528
-5.07193 -7.34865 5.61 3266
8.64461 -7.28529 5.87 4344
2.62744 -6.41634 2.06 58
6.47353 -6.30021 5.03 1679
13.28299 -6.20842 5.36 2466
4.11392 -5.56057 5.97 4919
-8.67610 -4.45782 0.12 7
-10.52431 -5.25649 4.27 684
-10.80554 -5.13852 5.78 3988
-5.67270 -4.71344 5.90 4539
-5.46016 -3.87442 4.14 604
-2.74366 -3.15933 4.62 1026
-0.37898 -3.03216 4.80 1259
-13.23058 -3.11775 4.81 1282
13.61970 -4.03021 5.27 2217
3.86473 -3.46297 5.35 2430
-7.63953 -2.57116 3.60 325
11.95493 -1.84545 3.98 512
-1.68754 -1.37409 4.78 1226
10.91039 -2.21014 5.05 1715
8.27057 -2.39234 5.21 2070
-1.69775 -1.38402 5.67 3475
-1.15945 -1.45947 5.72 3679
-9.30339 -1.50623 5.91 4545
-0.46611 -2.15596 5.96 4847
-1.55548 -1.24784 2.77 127
-11.03474 -0.18703 2.79 131
-1.57426 -0.57132 5.08 1787
-1.61070 -0.53524 5.13 1896
-15.04424 -0.36407 5.51 2901
-1.57394 0.22005 4.59 994
-11.42102 0.40511 5.12 1876
-10.74049 0.68779 5.12 1878
-1.48120 0.19624 5.26 2197
9.13911 1.06505 5.38 2510
11.90155 0.51942 5.83 4183
-12.82839 1.00558 5.85 4288
5.29898 0.51089 5.87 4360
2.93213 1.23586 5.97 4915
12.20354 0.03488 5.99 5003
6.87777 2.62204 4.53 933
-3.62849 2.12296 5.79 4023
11.66984 1.66736 5.83 4187
-0.16406 1.96585 6.00 5059
-5.32329 3.55950 3.36 249
-0.42901 3.28840 3.81 412
13.82194 2.75392 4.90 1429
-9.86991 3.41132 5.90 4542
-1.29904 5.20841 1.70 29
0.25983 4.19048 2.05 54
0.26041 4.19048 4.21 635
-3.52466 5.35806 4.71 1133
0.28931 5.30911 4.95 1527
-2.22240 5.27104 5.34 2409
-2.50744 4.67135 5.35 2428
-2.03489 4.83861 5.93 4682
-2.74680 6.45148 2.23 68
-6.27726 6.33519 4.73 1159
-5.33382 5.63312 5.08 1769
12.31372 6.14951 5.65 3397
-6.35701 6.28828 5.68 3510
-5.60793 6.64346 5.70 3572
6.48996 7.63077 5.22 2091
-13.25180 7.87609 5.92 4620
0.37592 7.33070 5.93 4680
5.07826 8.20541 6.00 5078
-14.44087 9.27605 4.47 873
4.29144 9.43598 4.78 1231
0.85308 8.90444 4.91 1441
-5.26450 9.42591 4.95 1530
-3.47808 9.34315 5.78 3961
-9.77154 8.30860 5.89 4451
6.35706 9.41534 5.90 4525
2.26705 8.47990 5.95 4774
-9.26097 10.86017 4.46 857
-7.20099 10.47794 5.34 2405
10.04595 10.35664 5.73 3724
3.62211 9.67060 5.98 4938
-4.55017 11.16744 4.59 989
-5.94275 11.80207 5.00 1623
-1.97808 12.10154 5.36 2468
-3.02654 11.43855 5.46 2743
15.33651 13.37963 4.44 837
-0.28186 12.59734 4.57 973
8.67180 12.68433 5.63 3328
3.53786 13.02796 5.97 4917
