-9.82158 -12.29903 5.09 1804
6.93106 -13.02619 5.52 2922
-14.06599 -9.49065 4.76 1198
5.30662 -11.09173 5.30 2315
0.35592 -11.71537 5.88 4437
11.71114 -8.87879 5.28 2244
-0.52554 -9.82476 5.71 3631
-11.98951 -9.39687 5.79 4047
-4.80332 -9.43294 5.80 4068
-8.88866 -7.57501 4.54 953
8.16847 -7.57360 5.08 1773
-8.74173 -6.09929 4.21 633
-2.74234 -7.95086 5.06 1749
-6.40306 -6.45282 5.76 3882
7.33928 -5.64608 4.03 540
0.30095 -5.84944 5.39 2552
-3.78771 -5.17071 5.00 1608
-13.62297 -2.54497 5.59 3215
-0.50252 -4.31452 5.70 3590
9.45685 -2.10107 5.61 3264
-5.20985 -1.92120 4.80 1255
-3.49954 -2.48699 5.03 1674
-5.82968 -2.01198 5.10 1822
10.81406 -1.15930 5.42 2627
4.89517 -1.74002 5.44 2681
-4.67103 -2.05527 5.85 4268
-8.09237 0.31978 5.23 2122
-10.80490 0.26357 5.89 4489
2.43791 -0.93249 5.94 4745
-4.31700 0.98214 4.47 866
-8.42397 1.90381 4.84 1338
0.09667 0.19261 5.27 2234
11.49512 2.86057 5.60 3236
4.67031 2.15757 4.29 711
-4.50320 3.32501 5.80 4103
-12.12639 6.23984 5.95 4776
-10.73255 7.28436 5.80 4096
-1.73914 5.09570 5.87 4366
14.04883 9.42292 4.80 1257
-3.46406 8.28926 5.44 2668
-3.26263 8.90812 4.63 1040
-13.71564 14.26899 3.98 511
-10.19368 12.99684 5.16 1975
1.40034 10.40904 5.94 4752
4.99101 12.90921 5.43 2634
5.75913 12.11315 5.74 3758
-6.29248 13.89888 4.87 1386
4.23308 12.92375 5.96 4872
