-10.21133 -13.37303 5.68 3519
-13.91126 -13.97966 5.94 4749
5.16123 -13.29194 5.99 5023
14.10272 -11.14015 4.26 669
7.03654 -10.88499 4.33 741
11.83436 -8.75801 5.55 3041
-7.74863 -7.71896 2.56 96
-3.43876 -7.96059 4.65 1061
3.31594 -7.60009 5.56 3070
13.01293 -8.35150 5.75 3802
12.96109 -4.42689 4.62 1027
-10.99549 -4.73529 4.63 1031
-11.03528 -3.66320 5.23 2109
-1.84044 -1.58266 5.25 2170
9.12199 -0.16573 4.54 947
11.49227 -1.10409 5.62 3299
-14.37796 0.31384 3.24 220
0.36194 1.06470 4.82 1293
-8.12449 3.64912 5.75 3851
10.49047 5.38751 5.31 2332
5.71479 6.24872 4.73 1164
1.90105 5.63482 5.64 3379
-10.88160 7.79166 5.39 2557
9.96464 7.32436 5.44 2666
-10.08057 9.63362 3.82 416
-13.17495 8.30660 4.82 1287
-2.95716 8.54699 5.51 2909
-6.31081 8.50254 5.74 3771
5.70046 8.54249 5.88 4439
10.88877 10.67807 5.59 3206
15.22995 13.34134 2.77 126
9.21159 12.66285 4.34 743
-6.71076 12.75660 5.77 3948
