-10.33498 -16.18578 3.89 463
-11.20658 -16.59517 4.68 1097
-11.22911 -16.56067 5.27 2224
10.13875 -13.35734 3.76 388
-11.00322 -14.21574 4.24 657
7.89404 -11.46903 5.15 1954
12.24786 -15.27537 5.51 2892
12.61418 -12.98681 5.95 4803
6.63999 -9.67002 6.00 5079
-4.96513 -7.52084 5.47 2763
-5.70197 -8.93614 5.86 4313
10.56538 -6.81332 5.68 3513
-6.43609 -5.95187 5.85 4287
-4.43999 -5.87996 5.89 4446
4.07400 -4.33531 3.96 500
3.02540 -3.61585 5.41 2584
-4.01998 -2.26404 4.01 524
12.83837 -3.22098 5.02 1666
-13.32661 -3.46561 5.41 2592
4.69741 0.77356 5.75 3844
-1.27443 2.13152 5.33 2395
10.89301 -0.32832 5.41 2593
-2.04682 1.63603 5.88 4440
1.40725 2.11320 5.96 4837
-3.05411 3.64930 4.44 841
11.60306 3.21208 3.42 267
6.72170 4.57852 3.56 311
10.94653 2.61974 5.15 1939
5.60333 3.71560 5.31 2343
-0.38040 4.57489 5.53 2957
5.40401 3.74149 5.76 3889
-4.53417 6.47415 5.73 3737
-13.61777 4.66579 3.62 337
-5.03248 6.69638 4.79 1247
-5.36350 7.09726 5.78 3984
-10.81569 7.17389 4.35 755
-9.98074 8.29043 5.60 3243
-4.47378 10.52273 4.22 639
-7.78427 9.89794 4.64 1045
-11.20006 9.49638 5.49 2828
-9.33049 10.70233 4.36 769
12.67721 9.75832 4.88 1400
12.76769 11.13887 4.76 1196
13.52188 10.95499 5.12 1864
-3.69104 13.39979 5.14 1907
