8.50203 -13.13019 3.76 385
1.45300 -12.91921 4.13 598
4.07586 -12.48070 5.08 1778
-4.80304 -12.10987 5.68 3515
7.80719 -11.28774 5.78 3981
-14.86067 -10.17516 4.59 986
-3.77452 -10.13072 5.41 2598
1.25121 -8.59730 4.73 1165
12.61743 -8.62956 4.81 1271
-13.93779 -8.89691 5.01 1644
3.77402 -8.48286 5.53 2973
7.72278 -8.08640 5.70 3612
10.21778 -8.42715 5.89 4475
-8.05439 -6.31080 3.20 213
2.92509 -6.59240 5.04 1695
-9.34139 -6.25734 5.59 3196
-9.87069 -4.85734 5.82 4165
14.02517 -3.55617 5.98 4974
-5.54890 -3.36573 5.68 3509
-3.44096 -3.75508 5.80 4102
8.62260 -2.18611 4.29 707
-13.26965 -1.40162 5.47 2762
8.40341 -2.21006 5.58 3149
-6.21001 0.03016 4.43 832
9.27412 -0.16379 5.33 2379
-3.90800 2.35653 5.94 4767
-10.79118 1.94371 5.97 4897
9.78609 4.23883 4.13 597
-3.45554 2.95743 5.31 2337
-6.81882 4.40615 3.72 370
-1.40155 4.85576 4.90 1436
-8.88258 5.53970 5.21 2080
0.92283 4.50612 5.65 3424
-5.56322 4.59343 5.83 4215
-6.00112 6.21825 4.23 653
8.98129 6.89764 4.49 890
14.91214 7.52891 5.73 3734
13.95418 7.59003 5.88 4442
-0.79860 7.43892 5.01 1649
-11.15732 9.17029 3.94 484
0.80545 8.46475 5.49 2832
0.61813 8.35553 5.69 3545
8.81673 11.42309 5.71 3619
-8.77974 12.79813 3.72 371
12.82794 12.17873 4.51 915
-5.38266 12.52870 5.00 1620
0.04661 11.40958 5.11 1836
-11.65664 13.81691 4.78 1236
-12.51401 13.47380 5.04 1709
-10.36631 13.76108 5.55 3034
5.67578 13.54366 5.60 3229
-10.73426 14.45994 5.96 4838
