0.46369 -13.68129 5.05 1723
12.55296 -15.15888 5.49 2837
9.16255 -13.11990 5.60 3220
13.28465 -15.72125 5.65 3408
-4.81237 -11.51592 5.88 4433
-5.00961 -10.31879 3.87 454
-11.86132 -12.93097 5.59 3205
-2.47553 -10.01309 5.93 4659
-1.93253 -9.07862 3.62 334
-3.22098 -9.81873 5.55 3023
-10.31940 -9.11702 4.97 1561
0.66579 -7.73913 5.67 3472
13.06895 -10.11591 5.81 4113
-5.21754 -6.13097 2.69 114
3.83342 -6.28909 5.75 3846
-9.33578 -7.24226 5.89 4452
-0.95921 -6.80032 5.91 4564
-4.30216 -4.55493 3.05 187
-9.45058 -6.02352 5.35 2443
8.23261 -5.47485 5.61 3262
-7.28506 -5.39388 5.74 3789
-7.97860 -5.07308 4.11 586
-0.61292 -3.97287 4.80 1265
-7.54132 -4.34121 5.15 1936
4.52762 -3.95391 5.71 3623
9.18474 -5.05752 5.83 4224
-13.10330 -6.34058 5.96 4873
-12.59093 -4.78516 3.64 341
-12.20692 -4.76390 4.72 1154
-0.37580 -2.44534 4.87 1391
7.66901 -3.04931 5.75 3829
-0.99171 -1.69464 5.90 4497
11.92173 -4.32904 5.91 4557
5.61768 -2.19737 5.97 4924
-12.50708 -2.49306 4.90 1437
-1.69923 -0.45960 5.51 2891
9.34707 -2.38301 5.85 4291
11.82738 -1.91635 3.19 210
-9.19008 0.24898 4.04 542
-10.64812 -1.01862 4.15 611
0.58999 0.63098 4.53 937
0.77148 0.69692 5.31 2335
-11.92473 -1.01958 5.61 3256
2.96442 0.46138 5.79 4013
-8.24408 1.74301 1.33 20
-8.24247 1.74297 1.73 30
-13.50204 -0.75925 4.32 728
-11.74362 0.53154 4.33 732
5.70355 1.37779 4.71 1141
-11.60980 0.78586 4.72 1149
-8.25007 1.70888 4.86 1369
-5.75668 2.24231 5.31 2321
-12.96038 0.18483 5.91 4586
-7.32035 1.35633 5.95 4798
-7.92286 0.83901 6.00 5060
13.18991 0.69873 5.36 2460
-12.93271 1.41172 5.57 3096
-13.94454 0.76763 5.70 3591
-10.47093 1.42032 5.92 4608
9.82620 3.97672 5.23 2119
2.79648 4.44245 5.63 3335
13.21160 3.68401 -0.01 4
7.42397 5.72897 0.61 11
13.21203 3.68347 1.33 21
-9.90702 5.19954 3.59 320
0.43801 5.50031 4.53 929
-5.71343 5.13621 4.69 1113
-4.87566 6.14310 5.72 3699
-4.52537 6.18163 5.76 3886
-4.44131 6.12304 5.90 4522
-12.41241 3.73144 5.96 4857
-5.59482 6.95207 1.25 19
-1.32803 6.95421 4.60 1001
-4.47027 7.82992 4.62 1022
-1.01672 8.09243 4.92 1462
-6.59357 6.82236 4.93 1477
-8.43400 6.88794 5.48 2809
-2.17364 7.00493 5.99 5011
-11.53467 7.18127 2.80 133
11.23986 7.67020 4.92 1458
3.92729 8.37877 5.38 2518
-9.28586 7.33660 5.50 2855
-1.03800 8.67311 5.89 4491
-9.14319 10.03965 1.63 25
-4.75584 10.55485 4.03 539
10.29001 9.85643 5.07 1762
-4.75342 10.56834 5.17 1976
-10.51789 8.96053 5.39 2546
11.52394 10.59974 4.33 739
-6.41881 11.34383 4.65 1057
-4.54759 11.05382 5.32 2351
-9.54270 10.80815 5.80 4062
8.35317 11.45946 5.92 4622
-11.09444 10.71183 5.92 4643
4.34560 11.16698 6.00 5031
-7.09730 11.69905 6.00 5038
-12.07685 12.28604 5.00 1618
