4.03950 -13.14674 4.05 553
2.33242 -13.19731 5.37 2477
10.80991 -13.41004 5.77 3903
-8.96987 -14.37440 6.00 5030
11.91802 -13.09043 3.87 447
14.31434 -12.93661 5.65 3414
11.92260 -13.09960 5.69 3565
12.98511 -12.32630 5.95 4795
5.12989 -10.35621 2.30 78
-5.73252 -10.26154 2.55 95
13.65157 -12.16476 4.27 687
10.64449 -10.48003 4.72 1148
10.64449 -10.48003 4.82 1296
8.48838 -11.36583 5.64 3373
6.19238 -10.51351 5.74 3756
-0.14255 -8.32662 3.55 304
4.13858 -8.54544 5.41 2600
3.88811 -8.68684 5.55 3042
-6.65758 -9.79532 5.77 3898
-14.00559 -10.80138 5.77 3925
-5.61261 -9.27992 5.83 4192
1.71889 -8.45225 5.83 4210
-10.15171 -9.52995 5.90 4540
11.87219 -8.15668 4.05 548
-4.40137 -7.82413 4.34 746
1.49277 -7.40264 4.35 749
1.48606 -7.18414 4.56 964
0.17161 -7.12296 4.77 1221
2.45269 -7.34721 5.50 2851
-5.20174 -6.76467 3.87 446
13.01286 -7.23480 4.82 1308
-10.60729 -6.37899 5.98 4928
9.67178 -4.85382 2.68 112
7.87934 -5.27893 4.32 727
0.04050 -4.19279 5.56 3088
3.94020 -3.04579 2.31 79
-7.69495 -3.73507 3.04 183
9.98798 -3.45665 3.13 201
-5.52876 -3.05410 3.83 421
12.28616 -4.82201 5.85 4266
-9.26734 -3.32597 5.98 4942
-7.81620 -2.65840 3.41 263
-3.59769 -1.68787 4.36 775
11.75529 -2.22776 5.15 1946
-1.35005 -2.52751 5.61 3260
-13.69958 -3.10784 5.69 3533
3.98319 -2.16764 5.87 4381
-9.55583 -2.43158 5.98 4930
-10.57310 -0.66921 5.60 3237
4.37857 -0.39313 5.74 3770
12.60229 -1.66499 5.79 4008
-13.02697 -0.07529 3.88 460
0.80208 0.66459 4.42 818
-14.27922 -0.74307 5.09 1800
11.16552 2.03895 5.89 4458
7.29464 2.07368 5.94 4718
2.98146 1.50234 5.97 4889
13.46304 0.72750 5.98 4960
5.95271 2.84786 4.00 517
0.15053 2.89707 4.05 550
8.91771 2.61684 5.03 1685
-0.16472 4.10683 5.94 4717
-3.68000 4.91399 2.06 57
-9.17395 4.74708 5.15 1938
5.83301 5.14248 5.67 3460
6.65405 6.42615 4.05 547
7.02764 6.37780 4.92 1460
-7.39314 5.69903 5.54 2994
-8.68967 7.29308 4.19 626
0.65736 7.15654 5.56 3064
-9.95502 9.16253 4.23 651
10.25926 7.99694 5.32 2367
10.01353 8.79710 5.82 4175
-8.16976 9.36555 4.56 963
12.56536 9.48701 5.44 2673
-7.87977 10.88141 4.73 1167
13.94239 11.80132 5.96 4829
