10.23368 -13.74226 5.86 4331
-9.45766 -11.25438 5.05 1712
-0.81139 -11.12365 5.24 2145
-3.10670 -11.62071 5.65 3416
10.43454 -12.39154 5.79 4042
-3.38276 -11.60839 5.91 4574
1.96492 -9.71975 5.57 3101
1.17832 -5.58916 5.97 4916
10.70933 -4.27825 5.95 4775
14.48092 -3.46218 4.74 1175
3.24672 -3.75705 5.21 2075
11.63086 -2.94887 5.45 2709
-13.88521 -1.58943 3.91 473
9.86891 -2.70467 5.93 4679
-4.13310 -0.50967 4.49 887
3.52569 -0.87313 5.09 1796
15.11256 -0.00116 5.95 4807
12.32393 1.02158 5.91 4582
-11.58830 2.47245 5.65 3396
14.03238 5.03905 4.84 1348
-14.38064 6.48680 4.68 1102
-2.46399 6.33615 5.77 3899
8.02098 6.55043 5.79 4033
-9.03822 8.24294 5.95 4820
14.09835 8.52120 4.99 1602
-14.82103 9.57189 5.00 1626
5.07378 9.58919 5.08 1792
-11.66760 9.33037 5.79 4025
12.43563 8.60923 5.81 4141
-6.79078 11.12998 4.70 1126
1.79876 12.12801 5.61 3279
5.15515 11.96213 5.67 3466
-8.09651 12.39839 5.85 4293
-13.42902 13.88145 3.52 293
4.39062 12.87781 3.85 434
-4.14451 13.85037 4.37 780
