9.50613 -12.53671 5.04 1699
8.71747 -12.72405 5.52 2932
-12.81748 -12.05209 5.13 1894
-5.38529 -10.39252 5.57 3104
12.01556 -10.25367 3.70 362
-2.01828 -8.26044 5.22 2107
10.04568 -8.78215 5.49 2830
-12.92577 -8.61607 5.53 2976
11.23434 -8.11551 5.94 4732
7.03516 -5.95050 3.95 491
-12.11313 -6.66924 5.70 3578
-6.46601 -5.52074 4.77 1217
-5.58192 -4.33361 5.51 2897
-6.76274 -4.73342 5.69 3561
-13.37331 -6.52887 5.71 3621
13.32274 -4.49811 4.83 1317
-3.29445 -3.57215 5.80 4088
1.42851 -2.36795 3.31 237
12.74553 -2.86768 4.41 813
-4.43706 -1.61627 4.59 988
0.66601 -1.91706 5.36 2459
-12.13378 -1.98687 3.88 458
3.64312 -0.81386 4.96 1542
7.07790 2.00251 3.41 262
-8.38612 1.37998 3.94 485
-8.56365 3.26646 2.39 83
13.80951 2.31704 5.11 1853
-3.79215 3.09879 5.94 4729
2.00390 4.79414 5.21 2071
6.34788 4.58204 5.42 2612
-8.33643 6.61132 5.43 2643
0.34958 8.36124 5.59 3176
-4.26769 8.95601 5.90 4506
3.47634 9.77351 5.92 4613
9.13438 10.81660 5.51 2908
11.68719 10.60968 5.72 3697
10.73249 11.14311 5.94 4713
-13.79417 12.79521 5.25 2183
