6.84850 -12.99781 5.46 2732
2.24910 -13.31184 5.86 4311
9.63823 -10.77836 3.52 291
-1.66545 -11.25216 5.44 2682
-7.73438 -10.61128 5.58 3164
-11.04437 -9.36478 5.93 4651
-12.36114 -7.32541 4.51 910
11.01007 -8.84653 5.24 2160
12.40083 -6.94538 4.75 1185
-9.76797 -6.79846 5.55 3022
-13.61148 -4.47957 5.92 4614
-1.29551 -6.06081 3.23 219
-12.58993 -3.53498 3.83 420
5.17622 -5.30828 5.47 2775
3.57080 -6.45548 5.50 2866
10.51425 -3.53178 5.56 3079
12.05045 -3.65355 5.60 3248
0.21123 -5.05728 4.56 967
12.02556 -1.67358 5.84 4249
-3.66135 -4.63691 5.87 4391
3.09210 -3.45159 4.79 1239
0.31918 -3.67021 5.17 1997
-13.44222 1.94786 4.45 854
1.90619 -2.41641 5.03 1682
5.33677 -1.23222 5.08 1777
-6.01451 0.81245 5.20 2059
8.60683 0.68176 5.84 4240
10.86277 1.41684 5.98 4931
7.44227 1.92886 4.41 817
4.90570 1.10459 5.79 4028
9.98426 2.96993 5.95 4783
-11.29997 5.89210 5.13 1902
4.23130 2.15045 5.68 3506
8.43167 5.80402 3.21 216
-6.50044 4.99656 4.39 796
-12.73025 8.97327 5.64 3370
-1.86765 2.85325 5.95 4769
3.29500 5.59852 5.50 2861
3.09828 5.50327 5.83 4206
-2.42687 4.46491 5.91 4546
11.49333 12.07956 5.64 3363
-2.93848 7.96168 5.39 2551
-11.41250 12.73849 5.68 3512
-0.85848 7.61717 5.97 4886
-3.63384 9.40302 5.46 2731
-3.70895 8.94467 5.96 4833
-10.77987 17.71919 4.23 645
-2.55301 10.69431 5.75 3808
2.74569 11.65022 4.74 1169
6.60276 15.02249 5.62 3284
2.50247 13.32652 4.71 1130
7.22370 20.77308 5.61 3273
