-0.41354 -13.76523 5.56 3091
-4.97997 -11.24336 5.13 1895
1.82278 -10.28882 5.18 2009
0.06577 -9.15522 5.73 3727
-11.16249 -8.94017 6.00 5071
-7.55653 -7.50497 4.90 1428
-4.13145 -5.84423 5.19 2029
-5.70476 -5.46751 5.78 3975
-12.64573 -3.50219 5.02 1660
10.73156 -1.79336 4.25 663
-13.27780 -0.87966 5.25 2181
-13.96614 0.57115 5.02 1662
-10.27184 0.80356 4.90 1424
-4.51327 0.44315 5.77 3907
-0.82350 1.62099 5.65 3402
-10.14225 3.03142 5.86 4314
-10.31586 2.45427 5.87 4378
3.40283 3.59515 5.45 2702
-5.62554 3.28710 5.58 3142
-11.87236 6.22336 5.22 2095
0.27613 4.29328 5.56 3084
-2.54713 4.41068 5.72 3674
-0.47521 5.17665 5.92 4606
-2.98019 5.84302 4.64 1052
-4.79382 6.29800 5.05 1721
-2.23800 6.45028 5.36 2450
0.89154 7.46961 5.27 2240
6.10815 9.24775 4.84 1342
-5.72005 9.10232 5.47 2773
-3.20321 9.56031 5.80 4095
12.45097 11.92485 5.91 4570
-4.75461 10.00090 5.92 4631
9.08866 12.03893 5.51 2913
12.07934 12.84304 5.66 3447
