0.05957 -13.09292 5.47 2779
-3.94508 -12.03733 5.18 2024
10.69043 -9.13596 3.71 364
-9.28684 -8.46226 6.00 5055
3.73217 -7.48359 5.88 4429
10.91586 -0.74961 2.44 88
-4.24135 -1.66791 5.52 2925
-11.17934 -0.42084 5.74 3755
-13.64399 0.36736 4.59 998
-1.27467 -0.55374 5.10 1825
6.92534 0.13986 5.63 3341
-7.90389 -0.51868 6.00 5053
-5.62622 1.64218 4.84 1349
9.06838 1.62949 5.27 2223
4.98751 1.39880 5.75 3825
0.34917 1.89471 2.37 81
-11.26756 3.72702 5.48 2814
-1.66263 2.19392 5.67 3461
10.54722 3.27072 5.84 4253
14.04320 4.74215 3.31 236
-4.62339 3.06404 5.16 1957
-13.64518 4.76964 5.20 2045
-3.02097 3.10328 5.80 4057
-11.57189 4.65857 5.93 4692
-12.16314 7.12582 3.80 408
-1.50736 5.95139 5.58 3137
0.60833 9.29189 1.79 35
5.38210 8.69561 5.48 2807
4.73806 9.59275 5.83 4223
-13.78277 13.53885 3.67 351
