-0.23777 -12.43188 4.04 542
-1.95255 -13.34091 4.15 611
9.52198 -14.40546 4.53 937
-13.87645 -15.57879 4.85 1358
-8.31125 -14.72054 5.11 1846
-10.12492 -14.02932 5.23 2110
-13.98624 -15.43756 5.23 2123
9.71942 -14.38320 5.31 2335
-13.89841 -15.78884 5.34 2401
-3.18477 -13.03808 5.61 3256
11.88830 -15.16248 5.79 4013
-9.02221 -14.34717 5.99 5004
1.03231 -11.17874 1.33 20
1.03386 -11.17916 1.73 30
-6.92677 -11.65764 3.13 198
-4.63527 -12.40860 4.32 728
-2.63716 -11.55218 4.33 732
-2.44759 -11.33363 4.72 1149
1.01851 -11.21099 4.86 1369
-8.23665 -13.28014 5.17 1985
3.57652 -11.26927 5.31 2321
-3.88773 -11.60816 5.91 4586
1.84205 -11.77787 5.95 4798
1.13370 -12.14770 6.00 5060
-11.69990 -11.91446 4.61 1017
-6.30920 -10.23931 4.94 1502
-5.81346 -10.72951 5.03 1686
-3.56517 -10.41369 5.57 3096
-4.68635 -10.80882 5.70 3591
-1.19987 -10.97615 5.92 4608
-5.55564 -8.85177 4.11 588
-11.55040 -11.17373 5.13 1903
-7.10708 -9.22881 5.15 1940
-6.81046 -9.94641 5.15 1947
-8.86986 -9.32043 5.30 2300
12.57578 -11.10134 5.63 3335
-7.26252 -8.92892 5.83 4195
-13.85895 -11.71514 5.93 4703
0.23099 -7.41879 3.59 320
10.43467 -9.49192 4.53 929
-11.45109 -8.78256 4.60 1000
4.27855 -8.43091 4.69 1113
5.32429 -7.63730 5.72 3699
5.67571 -7.67918 5.76 3886
5.74493 -7.75556 5.90 4522
-2.51337 -8.27636 5.96 4857
4.80408 -6.68685 1.25 19
8.99457 -7.65021 4.60 1001
6.09734 -6.08586 4.62 1022
9.55025 -6.60559 4.92 1462
3.80368 -6.58889 4.93 1477
-8.41235 -6.86271 5.13 1892
-8.38696 -6.96175 5.15 1950
2.03854 -6.11491 5.48 2809
-11.52780 -7.79699 5.74 3780
8.16991 -7.40794 5.99 5011
-0.86412 -5.14886 2.80 133
-12.60714 -7.15302 3.91 472
1.32208 -5.49390 5.50 2855
9.65494 -6.03359 5.89 4491
2.07678 -2.93779 1.63 25
6.42225 -3.39204 4.03 539
6.42757 -3.37961 5.17 1976
0.51708 -3.66999 5.39 2546
-5.98418 -4.05678 5.41 2597
4.98686 -2.27895 4.65 1057
6.73439 -2.95849 5.32 2351
-4.12971 -1.96730 5.44 2672
-5.19339 -2.98804 5.57 3103
-10.66422 -3.55056 5.79 4009
1.86974 -2.12212 5.80 4062
0.37136 -1.88420 5.92 4643
4.41250 -1.79612 6.00 5038
-0.19664 -0.19626 5.00 1618
-11.73063 -0.53899 3.89 467
-9.04624 0.28055 4.62 1029
6.50011 -0.31950 5.93 4673
9.71522 1.29528 5.71 3662
-13.60732 0.83269 5.76 3868
-10.93113 1.49983 5.81 4130
-7.91385 0.86250 5.96 4867
-1.74691 3.58070 3.96 495
12.57994 1.75204 5.48 2803
6.41664 2.68527 5.73 3745
13.09542 2.44477 5.83 4204
1.39513 4.85084 4.82 1297
7.97336 4.70843 5.16 1966
-2.53027 5.81856 2.60 101
1.76690 6.52242 3.91 476
-2.59290 5.90033 4.47 867
11.61952 4.84433 5.89 4487
10.39207 6.17425 4.27 682
9.72951 6.80860 4.85 1357
-10.15279 7.29618 5.50 2885
4.86451 8.12893 2.17 64
4.03888 8.76466 3.86 443
7.49141 7.91383 4.33 740
5.12372 8.31409 4.66 1082
10.58492 8.18194 4.71 1131
-2.67276 8.62026 5.34 2403
12.38501 7.17979 5.89 4483
-10.26106 9.39476 5.25 2178
-9.85643 9.30243 5.44 2680
-10.48647 9.74419 5.71 3663
5.13456 12.04766 5.84 4239
-7.07189 13.26874 4.46 863
-8.31115 12.41098 5.29 2295
-1.44253 12.80113 5.31 2327
