-1.85169 -12.69446 5.28 2248
10.10137 -16.85448 5.47 2785
-11.89037 -17.49169 5.75 3812
0.49862 -12.42016 5.57 3120
2.08969 -11.65422 5.70 3577
-11.06117 -13.79174 2.80 132
-12.70804 -14.84394 4.78 1235
1.20222 -10.21513 5.52 2939
-11.17905 -14.19246 5.97 4905
11.67011 -12.64449 5.19 2033
-0.84341 -6.97374 4.75 1187
4.38228 -6.25268 3.24 221
-11.27306 -9.97952 5.07 1766
9.96864 -9.25783 5.47 2754
-3.57512 -5.27834 5.01 1650
13.02868 -5.18672 5.31 2331
0.24012 -2.60734 5.53 2982
11.26948 -3.71161 5.54 3017
3.08917 0.74715 5.96 4856
-4.75295 1.46567 4.09 576
-2.58634 2.26685 4.11 577
-12.58106 -1.17692 4.86 1374
-8.40881 2.11132 4.69 1105
-1.88553 3.21053 4.84 1344
-5.88807 2.41043 5.55 3044
-5.75485 2.56824 5.69 3537
4.21483 4.55185 5.83 4212
6.44511 6.56438 3.85 437
-0.18109 8.14722 4.99 1598
-13.89779 5.09025 5.93 4674
12.49708 7.06591 5.24 2137
-2.21796 8.59242 5.74 3779
11.92501 7.44394 5.87 4345
11.76797 8.64146 3.35 246
9.76808 9.63905 4.51 911
4.60410 9.45541 4.72 1147
2.90197 10.21732 5.24 2140
-1.73032 9.86537 5.26 2204
11.94844 9.00222 5.45 2698
2.82416 10.12655 5.54 3013
13.80285 7.90628 5.75 3850
-10.02769 10.43036 2.86 144
9.68253 10.75759 4.56 965
10.21241 11.09872 4.97 1553
14.01720 9.75765 5.94 4747
-6.02637 12.98707 5.35 2429
-13.10813 10.72574 5.71 3639
