-8.94543 -14.31445 4.00 516
7.59347 -15.07419 5.05 1723
-8.74218 -12.99893 4.93 1472
3.24430 -11.24940 5.88 4433
3.42972 -10.05210 3.87 454
-3.75743 -10.27311 5.59 3205
5.93022 -10.59666 5.93 4659
6.74138 -9.88709 3.62 334
-9.41196 -11.41098 4.74 1172
5.28090 -10.16607 5.55 3023
-12.21257 -9.63726 3.32 239
-1.16942 -7.20033 4.97 1561
-5.96272 -8.73759 5.57 3114
9.66152 -9.46650 5.67 3472
-7.47071 -8.89170 5.99 4984
4.53465 -6.01842 2.69 114
13.20473 -9.12399 5.75 3846
0.32049 -5.75275 5.89 4452
8.39037 -8.03473 5.91 4564
5.89516 -4.81533 3.05 187
0.58819 -4.56960 5.35 2443
2.81132 -4.66110 5.74 3789
-13.48828 -8.14630 5.81 4129
2.25872 -4.13852 4.11 586
9.61493 -5.44456 4.80 1265
2.89598 -3.58511 5.15 1936
-2.89349 -3.72046 5.96 4873
-1.94704 -2.42406 3.64 341
-1.58572 -2.52331 4.72 1154
10.32643 -4.05805 4.87 1391
-12.84113 -5.14493 4.99 1589
9.96790 -3.14218 5.90 4497
-3.70445 -2.89423 5.90 4536
-1.16947 -0.30112 4.90 1437
-2.92140 -0.66366 5.17 1988
9.67431 -1.73550 5.51 2891
-11.39443 -1.95572 5.52 2947
-11.30147 -0.90016 2.76 125
2.76542 1.26530 4.04 542
1.00998 0.51542 4.15 611
12.23832 -1.41252 4.53 937
-11.37535 -1.02770 4.82 1304
-10.74353 -0.71480 4.85 1358
-5.29909 -0.32292 5.11 1846
-7.02576 0.48283 5.23 2110
-10.84317 -0.57121 5.23 2123
-13.42999 -1.30198 5.29 2291
12.43608 -1.40653 5.31 2335
-10.77446 -0.91389 5.34 2401
-0.17865 0.90455 5.61 3256
-11.23233 -0.66784 5.77 3895
-5.96985 0.09138 5.99 5004
4.11824 2.39045 1.33 20
4.11974 2.38992 1.73 30
-3.76104 2.53547 3.13 198
-1.55985 1.62799 4.32 728
0.46531 2.30838 4.33 732
0.66794 2.50729 4.72 1149
-11.31289 -0.27583 4.82 1299
4.10201 2.35994 4.86 1369
-5.14187 1.06056 5.17 1985
6.63195 2.10505 5.31 2321
-0.77050 2.35006 5.91 4586
4.87119 1.74189 5.95 4798
4.14112 1.43585 6.00 5060
-8.44901 2.65133 4.61 1017
-3.06430 3.87525 4.94 1502
-2.60762 3.35686 5.03 1686
-0.36958 3.49409 5.57 3096
-1.50264 3.19280 5.70 3591
1.92613 2.76098 5.92 4608
-14.16775 2.11636 3.32 238
-2.23030 5.18347 4.11 588
-8.26437 3.36138 5.13 1903
-3.78712 4.92963 5.15 1940
-3.53962 4.20107 5.15 1947
-5.53042 4.97343 5.30 2300
-3.92184 5.23712 5.83 4195
-10.54617 3.01017 5.93 4703
3.62155 6.16389 3.59 320
13.63746 3.32359 4.53 929
-12.81163 4.19859 4.57 969
-8.04115 5.69902 4.60 1000
7.57747 4.84898 4.69 1113
8.69479 5.55777 5.72 3699
9.04308 5.48917 5.76 3886
9.10543 5.40782 5.90 4522
-10.88225 4.80108 5.92 4605
0.82466 5.52107 5.96 4857
8.25921 6.54603 1.25 19
12.37698 5.26362 4.60 1001
9.61387 7.04951 4.62 1022
13.04108 6.26505 4.92 1462
7.26435 6.72015 4.93 1477
-4.93256 7.37152 5.13 1892
-4.91337 7.27106 5.15 1950
-13.52643 5.95853 5.38 2501
5.53548 7.32865 5.48 2809
-8.06443 6.67866 5.74 3780
-12.32218 6.14526 5.91 4565
11.57189 5.56852 5.99 5011
-12.31338 5.28382 6.00 5036
2.70526 8.51741 2.80 133
-11.78737 6.96697 3.78 398
-9.09525 7.39835 3.91 472
4.86890 8.00578 5.50 2855
13.20466 6.83084 5.89 4491
5.84296 10.53131 1.63 25
10.19581 9.74370 4.03 539
10.20239 9.75592 5.17 1976
-12.56022 9.11018 5.25 2186
4.20975 9.90549 5.39 2546
-2.33874 10.00083 5.41 2597
8.84574 10.98433 4.65 1057
-13.77998 9.49450 5.23 2108
10.55360 10.16093 5.32 2351
-0.33548 11.98086 5.44 2672
-1.47505 11.02255 5.57 3103
-6.97713 10.85966 5.79 4009
5.70329 11.37714 5.80 4062
4.20855 11.73144 5.92 4643
8.30753 11.52030 6.00 5038
3.77112 13.50247 5.00 1618
