-7.73828 -11.15692 4.80 1258
8.21330 -9.17244 5.46 2742
-13.47363 -7.08132 2.44 88
10.96115 -7.57312 5.70 3606
-8.77622 -8.70998 5.81 4122
4.72406 -6.76470 2.27 74
4.72748 -6.76941 3.95 490
4.97234 -6.65563 4.01 527
8.09211 -6.71290 4.66 1079
9.31432 -6.87123 5.70 3613
-0.74806 -8.10390 5.82 4173
-1.14723 -5.52947 1.77 32
6.66023 -5.97361 5.60 3245
-6.26582 -5.51409 5.70 3616
0.13870 -4.98231 4.93 1481
-6.56075 -3.99758 5.81 4109
-12.06019 -3.24519 5.84 4253
-8.30516 -3.38665 3.31 236
-7.12794 -2.40932 5.55 3026
-5.38749 -1.88225 5.35 2424
4.87501 0.18807 5.40 2575
-4.10264 -0.52036 5.50 2863
-1.92269 0.47956 5.85 4269
-14.41344 3.92544 5.48 2807
8.11551 2.81717 5.96 4830
-1.98834 3.86002 5.89 4474
0.27140 4.95136 6.00 5063
9.51640 7.22074 3.65 344
7.52106 7.25170 4.65 1068
6.05341 7.11861 5.85 4257
-0.64682 7.47584 5.24 2156
-10.46990 10.93353 5.30 2314
-0.01118 9.07428 5.32 2354
-1.68809 9.38466 5.43 2644
-10.72262 14.88207 3.84 431
-3.17927 13.71128 3.87 453
-3.67587 12.93662 4.95 1515
-10.17675 14.66761 5.20 2064
8.71828 14.34647 5.24 2134
