-12.48564 -11.97010 5.41 2599
9.79710 -12.46905 5.47 2779
-7.56446 -12.01898 5.09 1805
5.64788 -11.92868 5.18 2024
-0.12662 -9.08226 6.00 5055
-5.38682 -6.89367 5.27 2222
12.68677 -6.38286 5.88 4429
-10.02950 -3.74177 3.17 206
-9.52679 -3.29756 4.50 899
3.87409 -1.69377 5.52 2925
-3.10655 -1.43358 5.74 3755
-5.60505 -1.00471 4.59 998
-12.83710 0.11637 4.83 1330
6.66096 -0.16995 5.10 1825
0.10410 -1.07228 6.00 5053
2.03565 1.38203 4.84 1349
12.66934 2.68410 5.75 3825
7.93080 2.49828 2.37 81
-12.04385 3.80520 5.27 2225
-10.95205 3.49816 5.47 2772
-3.77546 2.62105 5.48 2814
5.88102 2.50183 5.67 3461
2.82241 2.93184 5.16 1957
-6.22230 3.29804 5.20 2045
4.40204 3.20480 5.80 4057
-4.20159 3.48979 5.93 4692
-5.12052 5.81856 3.80 408
5.49763 6.25226 5.58 3137
7.12713 9.89247 1.79 35
-10.79366 10.20879 5.13 1900
12.01068 10.04346 5.48 2807
-13.97908 11.95861 5.73 3728
11.23009 10.83887 5.83 4223
-7.58046 11.83782 3.67 351
-10.62818 13.20571 4.67 1088
-12.34493 15.35632 5.58 3143
