4.62619 -12.91088 4.73 1156
3.64392 -13.54761 4.92 1459
5.39936 -13.46540 5.60 3238
-11.58107 -12.16996 5.66 3435
4.07544 -12.53853 5.79 4001
-6.83192 -11.66363 4.26 672
12.11161 -11.48716 5.87 4382
-3.58413 -6.17409 4.99 1586
1.41961 -6.48090 5.63 3338
6.26552 -5.18844 5.88 4399
-1.17811 -3.83235 5.84 4241
-9.04285 -0.79135 5.29 2282
10.63045 -0.10124 1.86 39
7.74493 -0.90708 4.70 1121
4.04180 -0.31284 5.15 1942
-7.66546 2.61220 4.80 1258
8.17156 4.56801 5.46 2742
-13.46716 6.64750 2.44 88
10.94398 6.15671 5.70 3606
-8.74052 5.02625 5.81 4122
4.72511 6.96405 2.27 74
4.72847 6.95933 3.95 490
4.97464 7.07319 4.01 527
8.09482 7.01587 4.66 1079
9.31418 6.85749 5.70 3613
-0.74601 5.62821 5.82 4173
-1.15063 8.20320 1.77 32
6.67338 7.75687 5.60 3245
-6.28460 8.21868 5.70 3616
0.13928 8.75428 4.93 1481
-6.60265 9.74944 5.81 4109
-12.15758 10.51275 5.84 4253
-8.36957 10.36905 3.31 236
-7.19892 11.36377 5.55 3026
-5.44756 11.90202 5.35 2424
4.95231 14.02862 5.40 2575
-4.16106 13.29871 5.50 2863
