0.86600 -11.63281 4.80 1258
-5.33567 -8.42212 2.44 88
-0.51815 -9.36585 5.81 4122
12.60271 -5.51395 2.27 74
12.60687 -5.51816 3.95 490
12.83646 -5.36882 4.01 527
-8.89666 -6.44319 5.63 3341
7.32094 -7.63578 5.82 4173
6.53351 -5.13822 1.77 32
-6.40752 -5.61476 5.27 2223
1.46690 -5.86172 5.70 3616
-10.39889 -4.66997 5.75 3825
7.73185 -4.40780 4.93 1481
0.94934 -4.40873 5.81 4109
-4.53467 -4.46432 5.84 4253
-0.85311 -4.06014 3.31 236
0.15429 -2.92627 5.55 3026
1.78605 -2.15054 5.35 2424
11.69219 1.44849 5.40 2575
2.84817 -0.61482 5.50 2863
4.85454 0.70224 5.85 4269
-12.29722 4.21851 1.79 35
-7.87429 2.20183 5.48 2807
-8.22810 3.24518 5.83 4223
4.27905 4.03832 5.89 4474
6.35831 5.47206 6.00 5063
13.28139 8.91894 4.65 1068
11.82016 8.54860 5.85 4257
-13.71047 10.58265 5.12 1881
5.06341 7.82875 5.24 2156
-5.09847 9.66645 5.30 2314
5.45308 9.51412 5.32 2354
3.74275 9.55093 5.43 2644
-12.43560 12.63894 6.00 5069
-12.31502 14.16584 5.75 3852
-5.93028 13.49047 3.84 431
1.61788 13.58127 3.87 453
1.24505 12.73532 4.95 1515
-11.83522 14.93705 5.00 1625
-5.36902 13.36998 5.20 2064
13.40468 16.20868 5.24 2134
-10.23240 15.49030 5.93 4689
