-4.87448 -14.83134 5.57 3105
-5.34960 -15.89753 5.91 4544
7.07238 -23.59694 5.69 3538
7.10696 -20.80889 5.77 3918
-7.54868 -16.19125 4.32 724
-7.30591 -14.40310 5.65 3395
-7.19050 -14.67399 5.65 3421
8.09048 -14.64864 5.29 2296
-9.42536 -16.69692 5.95 4821
11.11139 -16.02478 4.15 607
-10.95204 -14.59332 4.91 1445
6.83225 -10.76140 5.91 4550
-11.90865 -13.73368 5.06 1743
11.58720 -14.09918 5.10 1826
6.85161 -10.23416 5.77 3936
-2.63666 -8.32974 5.88 4421
0.54371 -7.19663 5.95 4779
-12.18298 -11.53098 3.83 423
-6.82593 -6.93441 3.89 463
-7.73800 -7.09929 4.68 1097
-7.75124 -7.06138 5.27 2224
-7.00125 -4.91845 4.24 657
11.77646 -7.08639 5.15 1954
-12.18559 -5.73177 5.95 4792
11.01529 -5.04279 6.00 5079
0.31820 -0.06290 5.47 2763
-0.72916 -1.23424 5.86 4313
-0.71474 1.80821 5.85 4287
1.22158 1.38359 5.89 4446
9.87581 0.75558 3.96 500
9.03351 1.71701 5.41 2584
-13.28612 -0.25584 5.70 3615
2.51334 4.77765 4.01 524
-12.67530 3.77856 4.91 1457
-6.71114 5.88977 5.41 2592
-11.50197 2.94406 5.50 2869
-11.03751 6.11538 1.92 42
11.80991 5.59321 5.75 3844
-9.65121 6.26667 5.79 4003
6.28512 8.40107 5.33 2395
5.40439 8.10317 5.88 4440
-12.29418 6.70909 5.91 4561
8.91306 7.72484 5.96 4837
4.92551 10.33048 4.44 841
-7.51642 9.06038 4.78 1227
-12.30554 8.51049 5.13 1891
-8.84584 9.54595 5.89 4472
13.47881 8.27415 5.31 2343
7.78450 10.59389 5.53 2957
13.28765 8.34902 5.76 3889
4.18561 13.48381 5.73 3737
