10.91269 -14.24529 5.13 1893
9.01319 -13.56978 5.42 2619
10.22110 -13.39783 5.26 2203
-5.57358 -10.67301 5.76 3883
-8.25245 -8.92435 5.33 2378
9.16780 -9.55625 5.35 2431
4.56598 -6.25554 5.05 1731
5.56821 -6.20973 5.69 3553
10.39039 -7.80939 5.74 3751
6.76257 -4.75696 5.75 3821
-14.18077 -6.70164 5.92 4609
-0.31781 -4.02847 4.87 1382
13.97245 -5.60024 4.94 1497
1.32548 -3.22179 5.16 1955
-1.54441 -2.90681 5.17 1996
0.85225 -1.40074 5.93 4683
-11.74672 -1.17941 3.66 347
-6.99702 0.91243 4.13 595
8.06531 2.14154 4.90 1434
-7.57722 2.17124 5.46 2721
1.57826 2.31196 5.97 4878
-7.00622 3.47126 5.70 3586
-4.76938 2.70314 5.86 4324
11.64354 2.40089 5.94 4733
-1.77893 4.64655 5.54 2990
-7.88758 5.11972 3.51 289
-11.66699 4.65126 4.53 936
-6.74998 5.30354 4.96 1538
-6.70415 5.52644 5.07 1751
3.94191 6.12059 5.40 2576
8.07497 6.06957 5.61 3257
-2.52298 5.70586 5.81 4147
3.55059 6.51678 5.92 4642
5.56112 7.41823 4.01 521
5.66753 6.93749 4.29 705
-8.83498 7.61140 5.25 2168
-10.90947 7.22221 5.46 2746
-5.13541 9.21732 5.37 2493
-2.78000 8.64275 5.49 2823
-2.60705 8.99010 5.61 3274
7.36334 8.68719 5.71 3646
-7.02018 8.63041 5.72 3685
-13.35677 7.96690 5.77 3906
-13.35677 7.96690 5.77 3909
-6.77536 10.32443 4.64 1048
0.79891 10.89014 4.75 1191
-0.94298 10.03103 5.36 2453
14.29388 10.04325 4.13 596
-12.20563 11.12014 5.47 2753
-12.75625 11.01000 5.86 4307
2.56508 11.13938 5.88 4417
6.29718 12.74958 3.97 504
2.20383 13.10796 4.59 991
-3.24124 13.20492 5.24 2155
9.10309 13.34194 5.89 4488
