-11.91793 -12.47146 4.81 1277
14.53283 -11.94445 4.82 1295
0.88047 -13.54069 5.51 2917
10.97301 -10.96585 5.07 1761
10.97054 -10.96492 6.00 5027
6.73083 -10.28008 4.31 720
-2.61415 -10.61420 5.48 2804
-7.56483 -8.91739 3.03 181
9.45304 -7.77161 5.11 1847
6.00228 -7.25260 5.50 2865
-0.10256 -7.87932 5.64 3380
0.50923 -6.32435 3.50 286
8.26164 -5.24821 5.02 1652
8.04778 -5.35967 5.02 1663
9.92922 -5.84354 5.24 2154
-4.25096 -6.13299 5.73 3716
13.38571 -2.44804 4.62 1023
14.08653 -2.17425 5.75 3818
-12.91587 -0.54778 5.27 2236
13.72620 -1.42530 5.37 2478
-5.40465 -1.68254 5.70 3581
-5.18017 -0.64810 5.39 2556
-10.38752 2.20489 4.18 621
-2.53740 1.57124 5.74 3762
8.99238 3.01149 5.75 3817
0.87494 3.64291 4.76 1201
1.24215 4.33042 5.57 3115
-2.33421 5.14161 5.69 3543
-11.57978 7.11718 5.25 2171
-6.95836 7.01600 5.59 3213
-0.80464 6.35703 5.63 3326
-5.67006 6.23237 5.74 3768
8.46507 8.00171 5.84 4252
-7.42195 9.87361 4.05 549
-9.94166 10.14340 4.54 940
-9.44642 9.46750 4.75 1183
4.27075 9.72473 5.66 3431
9.04800 10.81290 5.51 2907
12.98713 12.33502 5.93 4695
-13.60551 13.65895 5.70 3606
7.20549 12.77181 5.97 4921
11.61547 14.70143 4.95 1521
1.26400 13.22340 5.25 2175
7.23351 13.78379 5.74 3757
-4.43010 12.63195 5.85 4265
7.57240 13.65526 5.87 4359
