-0.07659 -10.73022 2.62 104
-2.46248 -10.57101 4.74 1173
-9.72748 -10.02850 4.99 1600
-12.61984 -8.15508 4.86 1379
9.89226 -8.52059 5.29 2279
1.77634 -8.94729 5.36 2465
-2.27152 -8.01401 3.97 502
-2.88822 -7.95249 4.52 922
10.26679 -6.43758 5.20 2052
10.30900 -7.15001 5.69 3541
-10.77479 -6.10498 4.71 1135
-13.87507 -4.08958 3.17 209
13.04243 -3.44424 5.02 1660
-9.78833 -3.83471 5.23 2121
-10.31289 -4.77731 5.52 2944
-9.64589 -4.93022 5.54 3009
-7.51513 -4.53322 6.00 5033
9.96649 -2.86125 4.79 1240
-10.52498 -2.37148 5.48 2789
1.26729 -2.75548 5.87 4375
11.63854 -1.12718 5.25 2181
-0.11429 -0.07181 1.90 41
10.54784 0.04604 5.02 1662
-10.33079 2.07122 0.08 6
-0.01548 1.28315 4.26 675
13.99850 1.38188 4.90 1424
-11.56193 3.60078 5.68 3516
13.43487 3.55688 5.86 4314
13.44581 2.95006 5.87 4378
7.06954 2.64670 5.90 4541
0.22445 3.97763 5.73 3748
10.80434 6.04684 5.22 2095
0.38717 5.43174 5.96 4851
5.57959 6.11360 4.91 1443
-3.12580 6.69862 5.47 2758
-0.14085 6.76026 5.89 4444
-11.44893 10.13054 5.00 1612
-13.37733 12.35489 5.75 3811
-12.88726 13.52704 4.47 865
4.48839 11.83230 5.36 2469
-0.09585 12.82691 3.72 367
-4.72862 13.22895 5.73 3738
