0.78848 -15.07661 5.47 2756
-0.12417 -17.41747 5.49 2841
3.05930 -15.19797 5.28 2257
-3.49890 -8.91364 5.42 2631
2.69985 -7.60236 5.46 2747
3.35074 -9.01694 5.58 3131
6.99383 -10.64596 5.57 3105
6.09689 -9.93364 5.91 4544
6.35211 -7.76245 4.32 724
7.98778 -8.40366 5.65 3395
7.70199 -8.45182 5.65 3421
-3.61105 -3.65978 5.52 2928
6.32888 -5.87334 5.95 4821
8.67326 -4.89046 4.91 1445
-1.91897 -0.88146 4.45 851
9.71549 -4.17190 5.06 1743
-5.53408 -2.57769 5.11 1852
-6.10467 -2.63412 5.36 2458
-1.96222 -0.79019 5.47 2787
-8.66145 -4.70078 5.69 3532
11.89658 -4.38471 3.83 423
3.66854 0.48049 4.26 671
-8.96305 -2.40088 5.79 4012
-2.30657 0.10736 5.97 4911
-2.99521 1.62061 4.11 583
2.75778 2.20157 4.91 1438
-9.66364 -2.00201 5.47 2771
7.54972 0.24272 5.85 4278
-12.13350 -1.44475 4.35 750
3.56002 4.43259 5.04 1701
-7.16697 2.97137 5.45 2705
11.97242 -0.01228 5.50 2848
4.12407 5.93904 5.18 2007
1.44234 5.57583 5.65 3406
-5.22134 7.58733 4.00 516
10.73405 4.10653 5.05 1723
-10.53002 4.21358 5.29 2294
-10.63949 4.40726 5.86 4329
-4.84176 8.82508 4.93 1472
-10.53648 7.07423 5.47 2782
7.17525 8.53382 5.88 4433
7.57661 9.68049 3.87 454
-13.24661 6.32408 4.48 880
0.44062 10.66477 5.59 3205
9.95217 8.72392 5.93 4659
10.89386 9.28704 3.62 334
-5.27304 10.48566 4.74 1172
-11.91604 8.70948 5.47 2765
9.39037 9.25717 5.55 3023
-7.77344 12.70093 3.32 239
3.51091 13.29665 4.97 1561
-1.49501 12.55696 5.57 3114
-3.00681 12.65461 5.99 4984
