-5.11487 -13.49967 2.49 92
-8.95839 -11.09440 5.64 3353
-3.05848 -10.17902 5.71 3640
5.87833 -9.00418 5.53 2956
10.62060 -7.83169 5.08 1790
-13.44374 -7.11813 5.82 4167
-7.25129 -5.67771 5.49 2834
-4.01063 -5.26226 5.99 5008
4.26766 -3.37912 5.32 2357
-10.56161 -1.65575 3.95 488
1.69118 -2.17798 4.40 801
0.19958 -1.72521 4.60 1003
-9.37674 -0.28964 3.48 284
11.77984 0.60682 4.66 1078
-3.98619 0.68954 4.76 1205
2.37822 0.24592 5.98 4945
12.96662 3.39723 5.75 3845
-4.91347 4.30762 2.42 85
8.94811 5.55007 5.97 4902
-11.52281 6.38280 4.79 1252
7.19728 6.16979 4.93 1482
-11.05569 7.62199 2.94 161
0.24516 7.43760 5.59 3201
4.10894 8.76255 4.98 1566
0.56109 9.37439 5.32 2352
1.41304 10.17736 5.57 3108
4.22869 11.79741 5.63 3323
