-8.24579 -12.53208 2.64 106
-12.30093 -13.10112 5.24 2147
7.32276 -13.69388 5.69 3558
12.44721 -12.52165 5.80 4093
12.73789 -11.54753 4.63 1038
12.73789 -11.54753 4.63 1041
-2.32523 -12.11769 5.27 2228
6.04340 -10.98700 5.43 2652
-6.61196 -12.23784 5.87 4338
-4.28340 -10.07412 5.03 1680
-9.58439 -10.40352 5.86 4316
-4.05744 -8.94590 2.00 50
-6.98294 -8.67055 4.79 1246
-7.64512 -8.67001 5.74 3769
-2.31604 -7.99892 5.96 4845
-3.26636 -5.53635 4.98 1571
-1.33466 -6.79964 5.58 3152
-5.05053 -5.49614 5.63 3318
-1.30863 -5.77979 5.79 4017
8.97482 -6.36407 5.86 4312
3.27687 -6.50796 5.92 4618
12.96273 -4.32022 5.90 4512
9.16941 -3.47877 3.63 339
7.12990 -2.97148 4.66 1084
6.32581 -3.89826 5.30 2304
-6.76261 -2.85455 5.82 4168
-0.31557 -1.85894 5.03 1681
-8.03792 -0.34339 3.41 264
8.36326 -0.78179 4.51 909
2.42997 -0.43124 5.29 2277
2.61409 -0.06813 5.89 4477
-2.25526 0.43395 4.94 1507
-11.43035 0.54459 5.99 4991
10.89779 3.11987 5.11 1850
2.17254 2.48626 5.54 2995
-9.06357 4.02198 5.79 4024
-0.76516 5.27876 4.01 523
-1.16395 4.61057 5.28 2264
-4.88805 4.60174 5.50 2858
-2.94517 6.88540 3.00 173
-0.83641 5.79805 4.87 1385
4.84019 5.95135 5.30 2299
4.46102 6.52108 5.35 2420
3.64429 6.29174 5.83 4219
8.89734 7.30009 4.53 932
11.03511 7.66243 4.93 1473
-10.70810 7.71817 5.64 3362
3.36700 8.50312 5.15 1943
-3.14241 10.87915 4.82 1294
-6.56306 10.19222 5.67 3488
4.29888 10.15768 5.71 3669
-12.65345 10.73608 5.88 4423
-6.62976 10.23301 5.89 4457
-8.57406 11.32565 5.94 4721
12.27478 12.97309 3.39 257
8.32860 11.82086 4.23 648
9.18385 11.92272 5.33 2374
4.58496 12.15941 5.90 4493
13.83901 14.29254 4.63 1036
10.41354 13.93048 4.70 1124
-2.45622 12.51339 5.63 3312
