3.47192 -12.69019 5.72 3694
-4.86832 -11.66744 4.03 537
-13.51944 -12.26333 4.05 552
0.30019 -11.56607 4.66 1081
14.56328 -11.13689 5.59 3193
1.77326 -8.61317 4.12 589
-5.02663 -9.25144 4.85 1364
-4.12672 -9.27643 5.32 2359
-7.37319 -9.39781 5.36 2462
-1.68695 -9.01454 5.58 3163
-12.27356 -5.95732 3.94 486
14.30850 -6.30564 4.88 1403
4.54510 -6.47886 5.85 4296
-11.85877 -4.71441 5.80 4059
-3.62738 -0.56440 2.14 63
5.30225 -0.09084 5.10 1827
-3.77025 -0.95725 5.88 4404
-1.42602 0.88921 5.53 2964
-10.05342 0.74292 5.74 3774
-11.37183 2.23704 5.57 3123
-8.32319 2.59443 5.95 4819
6.77735 3.92120 4.74 1179
12.20023 3.15252 5.68 3503
11.51239 4.90889 5.02 1656
-9.65164 4.87164 5.52 2935
-3.87897 7.20180 4.53 931
3.91811 7.64945 5.57 3099
9.60226 8.32623 5.69 3531
-6.17692 8.83015 5.26 2200
12.67469 8.72494 5.46 2730
11.31864 9.79518 5.85 4300
1.37145 8.88747 5.87 4365
11.18449 10.84023 4.81 1276
5.18335 12.42600 4.95 1517
9.84159 13.50550 5.46 2733
9.36295 12.82893 5.48 2820
