4.01736 -12.48080 5.46 2744
-0.83749 -13.50823 5.57 3119
2.92252 -12.64275 5.90 4505
-3.05142 -12.15526 5.19 2028
1.51600 -9.64809 5.24 2149
1.97704 -10.37035 5.50 2860
-10.33621 -10.62286 5.94 4710
2.56866 -9.26492 5.57 3121
-5.89559 -7.02486 5.12 1882
-8.26108 -5.54276 4.44 838
2.51766 -4.20939 5.70 3574
1.17063 -4.09645 2.04 53
-11.94772 -3.48326 4.55 961
-9.11686 -4.19818 5.25 2187
-11.79646 -2.35594 5.78 3992
-9.52612 -0.80046 4.89 1409
3.13981 1.95528 5.59 3192
-9.84332 3.17859 5.85 4272
5.39995 5.08264 5.31 2323
6.31220 4.91275 5.61 3265
9.71466 6.50535 3.45 273
1.41421 6.02178 4.76 1202
-12.07550 5.99048 4.94 1486
3.41911 5.96196 5.19 2032
8.87034 6.99926 5.58 3161
-8.54063 7.38034 5.75 3823
9.45080 7.06252 5.82 4172
-7.01764 8.44176 3.56 309
-10.85515 8.37433 5.99 5007
-8.76665 9.87212 5.12 1874
11.83807 9.61701 5.13 1901
5.38892 10.51853 5.85 4304
-13.22879 12.29023 4.41 808
-12.05409 12.74573 4.61 1012
-10.32460 13.42170 5.84 4225
