-3.49953 -12.91950 5.12 1869
-12.55434 -12.59885 5.38 2522
-9.13531 -12.01155 4.41 816
14.36522 -10.84182 4.83 1328
-1.42613 -12.35033 5.46 2723
2.43554 -12.26604 5.86 4309
2.43565 -12.27150 5.90 4531
-4.14007 -9.96497 3.42 266
2.27777 -8.55730 3.83 419
6.34738 -8.28508 5.12 1866
-8.56550 -8.81527 5.62 3302
-12.50554 -7.94510 5.65 3415
-0.67099 -7.90197 3.70 361
-2.88604 -7.77081 5.50 2874
6.25564 -6.91608 5.63 3327
7.76633 -6.88044 5.83 4199
5.94451 -7.19716 5.99 4983
-0.44447 -6.60230 4.41 810
2.07749 -6.07336 5.04 1705
9.74582 -5.74376 5.48 2805
3.48666 -4.88174 4.97 1562
-8.56295 -4.98656 5.61 3263
12.84778 -3.55955 5.70 3585
-11.43435 -2.94121 5.39 2545
1.68954 -3.78392 5.71 3657
14.44658 -1.37075 3.45 275
-12.32110 -1.97418 4.82 1292
10.50873 -1.63302 5.42 2611
3.35969 -2.07976 5.88 4415
0.17385 -2.44654 5.99 4995
-9.38705 -0.02847 5.94 4727
-14.53021 2.25194 5.39 2530
-12.40480 3.20990 3.16 204
5.50422 1.59832 4.33 733
2.21558 1.94249 5.48 2797
2.75032 2.04411 5.58 3166
-0.35746 1.76436 6.00 5057
-1.02184 3.08853 3.86 445
12.22990 4.30177 4.36 768
-9.95727 3.41756 4.52 918
-11.60087 3.79130 4.65 1069
-9.95855 3.41885 5.47 2757
12.23986 4.28819 5.73 3725
9.91863 5.69162 0.03 5
-11.18153 5.86636 5.94 4715
11.78934 7.14196 5.06 1744
6.43066 6.40202 5.12 1877
11.80944 7.06448 5.14 1919
11.80949 7.06409 5.37 2473
-10.12093 7.37534 5.51 2888
-13.23753 8.89839 5.08 1791
-1.76341 6.89211 5.16 1959
14.25627 10.22814 5.44 2665
-6.97389 8.85543 5.74 3790
4.00454 9.94789 5.59 3211
13.91452 13.53707 4.04 545
1.87940 11.69360 5.00 1606
