1.71372 -12.54567 5.09 1799
-14.93155 -13.64853 5.51 2910
-5.06750 -13.50802 5.70 3599
12.73470 -12.64636 5.79 4045
-5.85180 -12.91142 5.99 4998
2.14764 -12.81913 6.00 5039
12.71947 -10.86444 4.16 615
-0.76972 -10.82379 4.69 1116
13.90464 -10.94506 5.37 2487
15.08595 -10.08548 5.93 4685
7.99504 -9.01705 5.54 3004
-2.89127 -7.65832 2.91 158
12.81608 -7.49706 5.75 3810
-12.39935 -8.10088 5.89 4471
4.85838 -5.87777 5.71 3645
-7.49091 -6.22992 5.82 4180
-6.49483 -6.27902 5.87 4393
-5.04514 -4.88679 5.49 2833
-1.61154 -5.46430 5.77 3945
8.00944 -2.96815 4.69 1106
14.42018 -1.93183 3.84 432
8.86425 -0.44061 2.96 165
8.52003 -1.24898 5.30 2309
7.23824 0.83203 5.58 3160
0.74234 1.76042 5.67 3490
-0.15233 3.07394 5.10 1818
2.47711 3.68285 5.64 3366
-14.16194 5.98583 5.23 2114
-8.30762 7.24668 3.92 478
8.82845 6.98907 4.84 1345
0.77315 7.80407 5.30 2308
13.99703 8.08066 5.37 2488
-12.22396 7.64987 5.61 3280
-0.50267 7.93065 5.67 3485
-11.92026 8.28276 5.94 4714
10.39911 8.59492 3.53 294
-5.86731 9.39739 5.16 1962
6.90980 9.27700 6.00 5061
-6.49196 10.16135 5.82 4177
-13.81169 10.51146 5.99 5017
7.26240 11.43493 5.65 3412
1.43344 13.66047 2.39 82
