-8.82035 -11.23426 5.68 3502
-12.50416 -10.10636 5.97 4890
-10.49405 -9.15753 5.92 4640
8.57651 -9.16605 5.17 1989
7.79064 -9.50559 5.72 3688
9.73335 -7.75780 5.83 4190
5.60549 -9.04705 5.96 4858
0.07012 -10.45864 5.98 4968
-1.88681 -8.28112 5.41 2594
10.87255 -2.67403 4.84 1343
-0.03913 -5.82099 5.54 3005
-6.06470 -3.10038 4.55 957
-6.89276 -1.25742 5.73 3747
-10.34651 3.09128 5.05 1722
-0.95045 -0.68145 5.42 2608
-5.66815 0.56045 5.45 2693
-11.42059 7.79472 5.10 1809
-10.78043 7.05749 5.43 2642
3.91198 2.47342 4.29 712
-9.27959 5.90379 5.07 1764
9.68481 7.62969 6.00 5051
-2.19830 3.53776 4.96 1540
5.52526 5.11854 5.26 2199
9.95917 12.15977 5.98 4936
8.42176 10.25854 5.28 2249
-7.75931 8.81505 5.46 2750
-7.25258 9.22310 5.57 3122
8.41313 10.25709 5.85 4302
4.23618 7.06247 5.50 2868
-6.71165 11.60921 5.61 3273
-3.99286 19.06929 5.90 4533
-2.59656 18.73253 5.27 2215
-4.97986 15.45948 4.25 658
3.20163 17.45206 4.36 764
2.85979 17.02597 5.79 4049
-4.14602 11.64245 5.86 4323
-2.74474 16.45613 5.58 3165
-0.70476 9.72273 5.07 1759
-1.02176 13.78110 2.02 52
