10.26934 -16.40497 3.83 423
1.17927 -12.91252 4.26 671
-11.09318 -18.12017 5.79 4012
-4.73921 -14.34369 5.97 4911
-5.67719 -12.92684 4.11 583
-0.02671 -11.33695 4.91 1438
-11.86922 -17.83342 5.47 2771
5.07771 -12.47436 5.85 4278
12.72252 -15.04129 5.93 4657
0.38354 -8.96989 5.04 1701
13.06268 -14.39671 5.34 2414
-10.08474 -12.29000 5.45 2705
9.49379 -11.96168 5.50 2848
0.68007 -7.38227 5.18 2007
-1.90472 -8.19565 5.65 3406
-8.83853 -7.33304 4.00 516
7.49647 -8.07411 5.05 1723
-8.65019 -6.04692 4.93 1472
3.21635 -4.33071 5.88 4433
3.40466 -3.15240 3.87 454
-3.72906 -3.37015 5.59 3205
5.88335 -3.68871 5.93 4659
6.69333 -2.98977 3.62 334
-9.32921 -4.48949 4.74 1172
5.24166 -3.26470 5.55 3023
-12.12888 -2.74342 3.32 239
-1.16454 -0.33330 4.97 1561
-5.92775 -1.85515 5.57 3114
9.59712 -2.57496 5.67 3472
-7.42563 -2.00744 5.99 4984
4.52163 0.84030 2.69 114
13.12167 -2.23687 5.75 3846
0.31966 1.10452 5.89 4452
8.34763 -1.15998 5.91 4564
5.88608 2.03809 3.05 187
0.58744 2.28312 5.35 2443
2.80747 2.19187 5.74 3789
-13.41792 -1.27040 5.81 4129
2.25693 2.71332 4.11 586
9.59341 1.41123 4.80 1265
2.89547 3.26619 5.15 1936
-2.89255 3.13091 5.96 4873
-1.94921 4.42833 3.64 341
-1.58732 4.32887 4.72 1154
10.31918 2.79367 4.87 1391
-12.81666 1.70962 4.99 1589
9.97104 3.70919 5.90 4497
-3.70663 3.95735 5.90 4536
-1.17354 6.56104 4.90 1437
-2.93039 6.19612 5.17 1988
9.69251 5.11896 5.51 2891
-11.41307 4.89796 5.52 2947
-11.33327 5.95822 2.76 125
2.77990 8.14114 4.04 542
1.01442 7.38403 4.15 611
12.26575 5.44327 4.53 937
-11.40573 5.82998 4.82 1304
-10.77598 6.14466 4.85 1358
-5.31741 6.53908 5.11 1846
-7.05640 7.35115 5.23 2110
-10.87766 6.28915 5.23 2123
-13.46174 5.55432 5.29 2291
12.46404 5.44928 5.31 2335
-10.80461 5.94441 5.34 2401
-0.17952 7.77675 5.61 3256
-11.26685 6.19191 5.77 3895
-5.99326 6.95645 5.99 5004
4.14502 9.27955 1.33 20
4.14653 9.27901 1.73 30
-3.78611 9.42648 3.13 198
-1.56866 8.50779 4.32 728
0.46829 9.19641 4.33 732
0.67237 9.39793 4.72 1149
-11.35261 6.58651 4.82 1299
4.12854 9.24864 4.86 1369
-5.16762 7.93430 5.17 1985
6.67294 8.99051 5.31 2321
-0.77548 9.23863 5.91 4586
4.89932 8.62299 5.95 4798
4.16361 8.31352 6.00 5060
-8.50643 9.54391 4.61 1017
-3.08935 10.78622 4.94 1502
-2.62742 10.25962 5.03 1686
-0.37245 10.39897 5.57 3096
-1.51377 10.09310 5.70 3591
1.93946 9.65506 5.92 4608
-14.25551 9.00196 3.32 238
-2.25184 12.11788 4.11 588
-8.32715 10.26421 5.13 1903
-3.82260 11.85918 5.15 1940
-3.56986 11.11751 5.15 1947
-5.58251 11.90380 5.30 2300
-3.95994 12.17256 5.83 4195
-10.62210 9.90778 5.93 4703
3.66054 13.11841 3.59 320
13.74047 10.22584 4.53 929
-12.92106 11.11499 4.57 969
-8.12349 12.64373 4.60 1000
7.64776 11.77702 4.69 1113
8.78243 12.49959 5.72 3699
9.13353 12.42961 5.76 3886
9.19567 12.34663 5.90 4522
-10.98261 11.72823 5.92 4605
0.83294 12.46216 5.96 4857
