1.23668 -12.49281 5.13 1890
-9.60458 -11.54403 5.23 2113
8.49106 -11.39377 5.30 2313
-4.95290 -9.74312 3.36 248
10.12648 -10.87904 4.54 948
-14.86391 -10.34305 5.04 1696
4.92029 -10.83204 5.62 3293
-6.80731 -9.58925 5.97 4885
1.30062 -10.19551 5.98 4972
-12.70004 -10.00407 6.00 5062
-5.38132 -9.27387 4.49 888
-1.79801 -9.38183 4.65 1064
-3.21138 -9.04397 5.65 3393
14.16650 -8.66193 5.77 3933
-8.84296 -7.90622 5.53 2961
14.16718 -7.63658 5.56 3080
-13.40140 -7.04872 5.69 3567
11.16786 -5.50071 5.25 2176
2.76231 -5.56777 5.44 2676
0.75859 -6.39980 5.74 3788
-7.35422 -4.83619 1.93 43
5.95928 -4.67633 3.58 317
4.41108 -5.23195 5.00 1605
0.08682 -5.37790 5.68 3507
0.84045 -4.55812 5.82 4150
-3.35261 -5.18668 5.85 4274
12.99605 -2.84500 5.05 1728
-5.75458 -3.15929 5.21 2072
10.47898 -3.77942 5.42 2616
0.79128 -3.07380 5.94 4707
1.31698 0.78511 3.79 403
-10.02151 0.52542 4.15 606
7.05808 0.72562 5.10 1821
8.68483 0.52916 5.93 4661
6.40543 2.82090 3.53 297
8.87728 2.17591 5.22 2098
-2.68893 2.43079 5.27 2237
-11.80812 3.81083 2.88 150
-2.51545 4.95619 5.65 3413
13.03992 4.59514 5.89 4485
14.03715 6.60018 3.57 312
0.75556 5.78442 5.18 2014
4.58629 6.76784 5.82 4153
3.89984 5.70647 5.85 4280
-5.00665 7.12018 2.98 167
7.32905 7.09382 5.03 1667
13.80109 8.53031 5.31 2342
-1.45726 7.38931 5.73 3740
11.11720 9.88672 4.06 555
3.50447 9.47412 5.78 3980
7.88890 10.95362 3.79 402
9.14417 11.19123 5.01 1634
4.87854 10.96397 5.71 3627
7.53623 10.71100 5.76 3864
13.96773 11.72070 1.14 16
13.25923 12.87787 4.28 690
8.98579 11.46594 5.05 1730
-7.59083 11.25290 5.27 2238
-4.62663 12.46137 5.44 2678
-6.56851 12.55671 5.79 4000
-13.60889 13.79047 4.35 758
1.06065 12.90469 5.93 4669
