-13.39497 -13.39267 3.93 481
-10.26793 -12.79248 5.61 3277
3.03070 -13.48959 6.00 5037
8.13342 -10.01193 4.62 1019
-2.89414 -10.71660 5.36 2454
10.87850 -9.97463 5.54 3016
5.30414 -11.02712 5.72 3690
0.99286 -10.39066 5.96 4869
-11.71309 -9.42085 5.49 2827
-9.35637 -7.50825 5.76 3858
11.83036 -7.54861 6.00 5068
-14.79740 -5.73879 5.13 1898
1.93807 -5.35929 3.90 470
-6.95579 -5.06568 4.93 1484
10.10722 -4.75957 5.31 2322
2.20985 -5.47143 5.59 3181
1.56929 -5.14510 5.61 3252
-3.90826 -4.09486 4.34 745
8.95384 -2.82514 5.70 3605
4.80799 -2.95338 5.81 4118
-6.44311 -1.91366 4.68 1101
9.37315 -2.61746 5.29 2281
14.52990 -0.67237 5.67 3491
-9.73795 2.43896 5.14 1915
-6.08366 3.20812 4.39 791
-7.43623 3.06169 5.29 2280
1.91467 2.88090 5.73 3715
7.97831 4.68350 4.30 715
6.43564 4.59623 4.44 840
-13.27521 5.04091 5.94 4756
-6.44025 6.72095 5.65 3417
4.70431 6.54044 5.87 4363
-14.08125 7.28957 0.38 8
12.21403 8.26953 3.11 194
6.05669 7.85966 4.16 614
9.78431 8.08408 4.36 770
-15.04571 8.20177 5.91 4575
9.20884 8.88748 3.38 254
5.43484 9.12771 5.99 5001
2.02485 10.42271 5.13 1899
14.80628 10.22561 5.85 4276
-8.41151 12.30440 5.86 4326
-1.19317 12.68892 3.52 290
5.86387 13.38602 5.88 4413
