-11.24846 -14.21800 4.44 836
-6.24072 -13.88379 5.27 2239
1.13114 -12.31757 5.14 1909
12.93346 -13.85330 5.70 3584
12.29096 -12.58116 5.82 4157
-2.69024 -10.36388 4.72 1155
6.05254 -10.21292 5.94 4744
5.71999 -8.78874 4.51 917
13.11069 -11.11784 5.22 2089
12.01666 -10.15005 5.61 3276
-9.06483 -7.67754 3.27 226
9.93044 -7.72032 4.81 1273
-5.94033 -5.04951 5.61 3254
13.31235 -5.18306 -0.72 2
6.50216 -3.23572 5.17 1995
7.25030 -4.05053 5.29 2287
13.39756 -4.46795 5.98 4934
5.87397 -1.73283 3.85 441
-13.67780 -3.54027 4.25 660
8.76500 -2.27618 5.67 3468
-8.11802 -1.16897 5.31 2325
-0.13725 -0.83018 5.45 2696
-3.33782 0.49482 5.03 1692
-3.85048 1.05286 5.38 2513
2.37163 3.96657 5.46 2737
6.23904 4.40281 5.31 2334
2.77017 5.53878 5.86 4305
10.86378 6.00069 5.93 4702
-11.99157 6.01217 5.07 1756
9.57643 7.63346 5.81 4143
9.92918 9.30824 3.96 498
12.30674 9.93790 5.50 2883
-10.17994 10.62502 4.45 845
13.32926 12.37377 5.58 3133
4.92712 12.70467 5.82 4160
1.85627 12.48696 5.87 4348
