11.58342 -15.98073 3.24 221
-4.62154 -14.23663 5.07 1766
4.16456 -12.30932 5.01 1650
8.69675 -11.00874 5.53 2982
-10.27330 -10.91973 5.59 3214
-5.38531 -6.71046 5.45 2685
-9.38256 -7.89025 5.51 2920
12.54196 -8.70999 5.96 4856
5.19625 -5.46096 4.09 576
7.52088 -5.39345 4.11 577
-2.99345 -5.46409 4.86 1374
1.94586 -3.68637 4.69 1105
8.49299 -4.71756 4.84 1344
4.41862 -4.20122 5.55 3044
4.59502 -4.09393 5.69 3537
-8.13639 -1.57488 5.39 2559
-11.50863 -1.66404 4.23 644
11.69214 -0.55417 4.99 1598
-2.20767 0.79873 5.93 4674
-10.38604 1.32808 5.09 1807
9.87037 0.50173 5.74 3779
-10.59382 1.37674 4.37 781
-10.58864 1.36701 4.54 942
10.73768 1.55470 5.26 2204
-7.22248 2.26331 5.70 3608
3.06341 4.59242 2.86 144
-5.29364 4.08683 5.37 2470
7.62020 5.78142 5.35 2429
0.30154 5.77524 5.71 3639
-9.72641 5.43729 5.98 4959
-10.36982 6.44529 5.89 4467
-0.42725 10.69472 0.46 9
-10.48745 9.27310 4.36 773
-11.08846 10.52950 5.70 3592
-0.03919 12.15364 5.76 3853
-0.04047 12.14895 5.87 4346
-6.25507 13.12753 3.92 479
7.73574 11.93801 5.81 4111
