-4.76616 -13.61232 2.62 105
-2.62052 -13.08965 4.01 522
-12.54894 -13.73838 4.74 1180
-4.76460 -13.60717 4.92 1464
-13.58693 -13.26013 5.38 2511
7.17393 -13.84660 5.57 3109
-8.21114 -13.11590 5.94 4753
2.30647 -11.67619 4.42 822
7.11833 -10.77020 4.96 1543
-8.67608 -9.40157 4.15 610
3.68115 -9.12162 4.28 696
-6.51364 -9.06575 5.47 2770
-11.99179 -8.04939 5.41 2603
-7.27668 -5.95683 4.88 1406
3.25341 -6.26248 5.68 3519
-0.32987 -6.68865 5.94 4749
-4.14683 -3.78738 5.78 3955
-5.25559 -1.91598 4.77 1219
-5.25559 -1.91598 5.07 1752
-2.06275 -2.52279 5.22 2097
5.78504 -0.81650 2.56 96
10.08819 -1.19541 4.65 1061
-2.69768 -0.09610 4.94 1511
2.64447 2.22386 4.63 1031
-2.66901 1.98264 5.43 2649
-1.48370 2.23140 5.50 2882
-6.52180 2.13596 5.55 3025
2.62466 3.28526 5.23 2109
11.88970 5.17813 5.25 2170
-0.57513 7.28870 3.24 220
14.23990 7.84389 4.82 1293
-1.94411 8.66822 2.74 122
-10.51114 8.99409 3.53 298
-9.94806 9.47390 5.11 1845
-3.49624 8.98053 5.37 2476
-10.73406 8.44891 5.53 2963
5.65569 10.56548 5.75 3851
-11.80734 11.27222 5.40 2564
