10.86523 -13.02148 3.87 448
11.94682 -13.72838 5.46 2724
13.77152 -12.72316 3.02 179
3.76761 -11.65077 4.33 737
-4.28731 -11.23122 5.47 2764
-11.41760 -10.59905 3.60 327
4.79815 -11.03969 4.54 949
11.46858 -11.29805 5.30 2305
-3.52392 -10.26112 5.50 2886
-3.25192 -10.73993 5.71 3664
-9.62964 -11.23691 5.87 4364
-12.14997 -10.53855 5.87 4367
-7.59070 -10.95820 5.96 4850
-4.17790 -9.41803 5.78 3976
-9.26339 -8.28715 3.81 411
11.57709 -7.36422 4.68 1100
10.88940 -7.45096 4.83 1333
11.37163 -7.72825 5.74 3776
-0.32685 -8.14445 5.81 4133
-1.56758 -7.24593 5.91 4573
5.41520 -5.90382 3.95 487
-3.99351 -5.75000 5.31 2324
-0.57223 -6.81950 5.52 2933
10.87494 -5.79041 5.64 3357
5.83664 -4.50955 4.43 828
5.33167 -5.07989 5.70 3575
-12.00408 -5.18449 5.73 3717
-1.53180 -4.77175 5.99 5014
0.88052 -4.05287 1.98 48
11.92256 -3.09057 4.37 777
2.81930 -3.39507 5.77 3915
9.99510 -3.04984 5.79 4007
8.27885 -2.48156 -1.46 1
-4.93699 -2.07915 4.93 1474
-0.75577 -2.48850 5.14 1904
-1.27071 -2.21902 5.92 4612
14.58627 -1.24372 4.12 591
9.61720 -0.35715 5.39 2560
-11.00524 0.04052 3.55 305
-7.85793 1.04061 3.71 366
-4.58469 0.05293 4.67 1092
6.41414 1.10380 4.82 1309
12.08504 1.07825 5.00 1629
8.94017 0.65566 5.29 2276
8.63541 0.15403 5.32 2360
-10.12789 0.53895 5.49 2826
-3.45731 0.54963 5.56 3063
-1.41453 1.75228 5.01 1641
5.60097 2.25281 5.97 4887
11.54150 3.87877 4.07 558
3.81307 3.55393 5.15 1953
1.40205 4.75465 5.22 2105
0.47387 4.42293 5.64 3375
-8.51544 4.32641 5.66 3448
-6.14097 5.99494 4.95 1520
9.05284 6.62362 5.66 3449
-4.92486 6.50157 5.87 4344
3.44889 6.73860 5.93 4649
-10.99670 7.18963 2.06 58
-7.11576 7.42000 5.03 1679
7.47516 7.95769 5.19 2027
-0.39256 7.70635 5.36 2466
-9.51906 8.09760 5.97 4919
9.43305 8.15929 5.07 1753
4.04283 9.39912 5.43 2663
13.90763 8.88765 5.96 4865
3.02627 10.97387 4.60 1009
-14.23970 10.56716 4.80 1259
-0.09800 9.87971 5.27 2217
-9.85037 10.22299 5.35 2430
3.02910 10.97153 5.40 2573
3.02910 10.97153 5.60 3246
-1.77160 12.03930 3.98 512
-2.79887 11.64981 5.05 1715
-5.42836 11.41119 5.21 2070
-15.13170 12.18190 5.72 3679
-14.37269 11.47196 5.96 4847
14.63311 12.68143 5.20 2063
5.74872 13.51754 5.52 2940
4.27587 12.59899 5.60 3218
