9.57107 -15.99158 5.07 1766
-10.80352 -13.84016 5.68 3513
-3.71293 -10.26487 5.29 2293
7.03868 -9.80592 5.59 3214
-12.20489 -9.76984 5.02 1666
-4.00226 -7.74877 5.78 3986
-10.80948 -8.23135 5.34 2416
-8.20475 -7.52752 5.53 2980
13.48804 -9.46086 5.45 2685
9.53268 -7.94116 5.51 2920
0.60368 -5.24520 5.52 2942
-4.10916 -3.67124 5.55 3045
-13.17343 -2.98002 4.22 640
8.43536 -1.80026 4.50 897
-4.72478 -0.25958 4.48 881
8.50986 -0.00763 5.00 1622
-10.16296 -1.02062 5.62 3307
6.51910 0.24684 5.72 3696
11.52887 -1.67064 4.23 644
4.49002 2.33395 5.68 3525
2.72874 4.02107 5.66 3439
8.88995 1.80348 5.97 4896
14.09480 0.25463 4.37 781
14.09318 0.24368 4.54 942
-4.34371 3.90989 4.81 1278
-10.41390 2.95858 5.90 4528
-7.05743 5.94791 2.86 145
-9.38091 6.40182 5.62 3295
3.16225 9.20302 3.99 513
4.90561 8.72201 5.63 3321
-6.43927 9.49477 5.32 2366
-3.56632 10.31087 5.97 4895
-10.69867 10.20244 4.69 1119
4.78625 11.01366 5.59 3202
