-1.38314 -14.28574 5.47 2756
-2.09456 -16.48982 5.28 2257
-3.34232 -12.79600 5.49 2841
-5.60615 -13.54566 5.77 3911
5.62051 -11.66337 5.42 2631
5.35208 -18.19547 5.46 2747
3.79289 -18.46234 5.58 3131
-4.69186 -8.28262 5.69 3538
-6.09787 -10.49630 5.77 3918
-10.18169 -9.44039 5.11 1841
-9.87961 -9.28679 5.73 3718
-9.54345 -8.78809 5.28 2251
1.73657 -3.53165 5.85 4285
-6.27475 -6.37932 5.87 4342
0.04839 -2.16428 5.79 4046
7.22353 -3.36358 5.64 3358
4.29892 -1.36304 5.65 3409
11.00232 -7.66286 5.69 3532
-0.11725 -0.29341 5.69 3570
-6.77374 -0.38251 5.28 2248
9.15968 -2.40743 5.45 2713
5.57337 -0.21854 5.47 2785
10.86346 -3.33295 5.53 2979
-4.66805 0.65336 5.57 3120
-3.43425 1.88878 5.70 3577
-4.73673 2.92813 5.52 2939
5.73943 4.13360 5.19 2033
-7.75336 5.28441 4.75 1187
-3.05305 7.70444 3.24 221
9.63692 4.91534 5.09 1795
3.13215 6.71784 5.47 2754
-10.94113 5.97753 5.01 1650
7.09831 7.47680 5.78 3970
4.71668 11.56338 5.31 2331
-8.21713 9.81194 5.53 2982
2.60874 12.39782 5.54 3017
