-5.93911 -13.69274 3.83 423
0.89708 -12.30876 3.89 463
0.02353 -12.00024 4.68 1097
0.03039 -11.96016 5.27 2224
-11.76239 -16.64886 5.85 4278
1.72011 -10.43919 4.24 657
-6.02377 -10.89766 5.93 4657
-6.42282 -10.30474 5.34 2414
-10.13893 -12.35885 5.50 2848
-3.14340 -8.61551 5.95 4792
10.57197 -9.75928 5.47 2763
9.05954 -10.28332 5.86 4313
-4.72840 -5.12882 5.49 2837
-8.45952 -5.92686 5.60 3220
-3.86036 -5.04697 5.65 3408
10.54614 -7.57692 5.85 4287
12.09208 -8.91531 5.89 4446
-1.45704 -3.33227 5.70 3615
0.98739 -0.13278 4.91 1457
7.17035 -1.08807 5.41 2592
1.59676 -1.40036 5.50 2869
-7.59298 -1.13878 5.81 4113
3.50705 1.12638 1.92 42
4.77980 0.61515 5.79 4003
-7.54944 0.86552 2.89 152
-3.05807 1.76091 5.09 1806
-6.76582 1.57507 5.89 4484
2.70658 2.21649 5.91 4561
7.97466 2.04927 4.78 1227
3.55068 3.77051 5.13 1891
-0.37416 2.81804 5.75 3803
-9.32085 2.66360 5.76 3887
7.04088 3.08296 5.89 4472
-5.94303 4.53399 4.11 579
-12.23727 2.39982 5.91 4557
2.24186 6.11111 5.52 2948
-3.04761 6.68489 5.75 3819
12.41990 5.11101 3.62 337
-11.22164 6.52344 5.17 1986
1.19767 8.14731 5.27 2218
-7.71867 6.70692 5.71 3635
-3.82755 8.84866 2.85 143
-0.69649 8.67583 3.85 433
-9.48292 7.61607 4.86 1380
-13.10885 6.22534 5.87 4371
-12.98919 7.79981 5.11 1848
10.00462 8.56112 5.70 3600
1.77903 11.50157 5.20 2041
11.98122 11.21559 3.62 333
-10.54460 11.19422 5.09 1797
-10.39834 11.90262 5.46 2740
-9.61280 11.85062 5.67 3477
-10.62002 11.25367 5.73 3741
-4.08384 12.96589 5.76 3862
10.85720 11.53063 5.77 3905
-4.22274 13.38512 5.77 3929
