12.02647 -13.77945 3.91 474
-3.59412 -12.65667 5.31 2346
-13.90912 -11.83635 4.52 926
8.07700 -10.23856 5.72 3702
-1.09138 -8.81571 5.46 2718
-1.89619 -9.49721 5.80 4082
-0.37387 -8.44631 5.87 4351
11.65045 -7.10598 4.62 1024
8.21525 -7.38733 4.94 1501
5.77148 -6.04886 2.61 103
11.75829 -5.88045 5.17 2001
0.33016 -4.82489 4.92 1467
-15.16194 -1.52288 4.08 566
-10.71102 -2.69163 5.42 2607
-5.78187 -0.92263 3.88 456
7.21624 -1.16322 5.54 3002
-0.96160 0.89463 4.49 886
-10.96062 3.76917 4.81 1284
-3.07792 3.69880 4.94 1494
-14.00069 3.69831 5.14 1905
0.45515 3.07578 5.52 2931
11.38650 5.21301 5.51 2915
-0.84005 6.63328 5.53 2985
0.62361 6.67044 5.71 3654
6.34507 6.22608 5.89 4490
7.25651 7.85666 5.35 2425
5.44777 7.37950 5.63 3339
-4.99399 7.85715 5.69 3536
-10.43759 8.01965 5.94 4708
-4.74526 9.48941 3.72 369
6.67089 9.31630 5.06 1741
9.92077 9.43453 5.17 1977
0.99986 9.76097 4.40 800
5.26768 13.76439 5.33 2371
-0.21284 13.22516 5.93 4658
