-0.70885 -13.30364 1.16 17
-0.12188 -13.07658 5.51 2912
-2.61401 -13.20521 5.97 4900
0.40159 -12.22200 5.55 3036
2.53526 -12.20150 5.60 3219
2.97364 -11.18066 5.87 4388
-5.95371 -9.80947 4.17 619
-14.10994 -11.36503 5.43 2648
-9.32607 -10.06562 5.95 4786
6.54815 -9.75409 5.64 3385
-14.54537 -7.74324 5.58 3154
0.03008 -7.09095 5.65 3391
-11.45736 -6.92088 5.53 2955
2.09877 -5.14534 4.47 872
-7.67048 -5.64075 5.97 4908
3.14088 -3.39331 4.69 1112
3.01774 -1.62830 3.66 349
-12.32371 -2.57044 5.13 1887
7.40516 -0.26535 3.97 506
8.37460 -1.04705 4.39 795
10.70447 -1.53027 4.71 1145
-8.13159 -1.12895 5.20 2049
0.87607 -1.19409 5.97 4879
-4.01775 0.49287 5.26 2206
-5.32647 1.54043 4.69 1117
13.66874 2.31760 5.34 2400
6.33060 2.55344 5.93 4700
13.75029 2.60698 4.82 1300
-1.72650 5.10682 5.56 3089
-1.76713 5.72743 3.27 227
7.53910 6.71319 5.20 2050
14.19738 5.89443 5.28 2254
11.61922 6.29190 5.96 4874
14.36647 7.15386 4.49 884
13.38794 7.65203 5.00 1621
-4.10583 8.14153 5.66 3458
-3.48733 8.79237 4.01 526
6.41792 8.93369 5.08 1782
12.75353 9.31082 5.65 3426
-11.99267 8.67913 5.76 3857
-13.87942 8.92164 5.95 4818
-14.68741 9.55738 5.34 2398
-2.21111 11.55624 5.80 4083
14.07764 11.21399 5.89 4453
-10.05688 12.75807 4.82 1290
