1.43723 -13.63451 5.47 2756
2.49021 -11.61281 5.28 2257
3.13203 -15.45616 5.49 2841
-5.94946 -14.99018 5.42 2631
-4.43228 -8.70365 5.46 2747
-2.88198 -8.71830 5.58 3131
5.49025 -15.11204 5.77 3911
0.10863 -6.12787 5.57 3105
-0.89854 -6.62785 5.91 4544
-2.72125 -5.46531 4.32 724
-1.45816 -4.27615 5.65 3395
-1.53603 -4.55222 5.65 3421
-4.41922 -4.67016 5.95 4821
-4.29118 -2.14454 4.91 1445
-4.48554 -0.90466 5.06 1743
5.84479 -2.60826 5.88 4421
9.03289 -3.76549 5.95 4779
-3.36640 0.93063 3.83 423
-11.34732 -4.30714 4.26 671
3.49567 1.10842 3.89 463
2.69565 1.55288 4.68 1097
2.70905 1.59036 5.27 2224
-9.39809 -0.90410 5.85 4278
4.61953 2.77642 4.24 657
-3.01841 3.63534 5.93 4657
-3.31538 4.27735 5.34 2414
-7.22935 2.91417 5.50 2848
0.15764 5.37307 5.95 4792
13.45516 1.93783 5.47 2763
11.86214 1.68524 5.86 4313
-11.48880 3.64437 5.05 1723
-0.83594 9.07785 5.49 2837
-4.63615 8.91201 5.60 3220
0.03469 9.01335 5.65 3408
2.70295 10.32044 5.70 3615
5.70280 13.13771 4.91 1457
11.73626 11.12301 5.41 2592
6.08639 11.74987 5.50 2869
-3.03585 13.55996 5.81 4113
