14.76479 -14.93352 5.57 3110
6.26572 -13.58863 5.71 3636
8.93139 -12.14798 5.48 2801
-4.93990 -9.95225 5.05 1716
7.78487 -10.24736 5.57 3117
14.36021 -8.86768 3.12 196
8.77255 -7.86291 3.87 449
1.23417 -7.53872 4.55 958
4.03652 -8.29029 5.76 3859
9.34736 -7.44823 5.78 3958
-8.22349 -8.07582 5.96 4863
11.33712 -6.14073 2.64 107
-10.27908 -5.96299 3.96 496
4.93308 -6.82798 4.83 1318
12.01429 -7.04001 5.29 2285
-2.40427 -6.76091 5.86 4317
-12.08408 -5.82959 3.56 306
10.17562 -4.65044 5.78 3968
13.42871 -3.88328 5.17 1981
11.56516 -4.14669 5.45 2692
0.69304 -2.42838 5.94 4731
-7.22485 -0.96607 3.82 414
-4.96119 -1.14172 5.68 3523
-7.89432 0.09276 4.51 905
11.40404 1.34304 5.31 2329
5.91205 3.49035 5.99 4987
0.66550 5.10677 5.02 1664
4.71278 4.11784 5.07 1767
1.62331 5.26840 5.73 3746
6.80931 7.04143 5.06 1733
-6.23561 7.46632 5.58 3167
1.21830 7.70568 5.61 3282
-11.57471 6.61843 5.83 4203
1.74474 10.50108 3.19 211
0.87433 9.91671 5.75 3822
13.59862 10.02305 5.87 4367
6.61466 11.98272 4.71 1143
-4.82321 11.97133 5.72 3700
9.19472 12.56103 2.84 140
0.46582 13.76078 4.91 1440
-12.86954 12.53742 5.38 2502
10.13083 12.36983 5.55 3056
-13.65205 12.37967 6.00 5042
