-8.65122 -13.09773 3.34 245
5.24381 -12.87428 5.53 2964
-3.44998 -13.23084 5.74 3774
-4.78383 -11.74394 5.57 3123
-1.75248 -11.30463 5.95 4819
13.49263 -9.55171 4.74 1179
-3.11326 -9.04409 5.52 2935
-8.35435 -5.97627 2.56 97
-12.23366 -6.26759 4.42 819
2.57496 -6.54686 4.53 931
10.39254 -5.86013 5.57 3099
0.25079 -5.00105 5.26 2200
7.77202 -4.70392 5.87 4365
-7.83597 -2.44233 4.63 1042
11.44392 -1.07539 4.95 1517
-13.92817 0.22371 4.50 893
-9.74597 -0.19084 5.68 3497
13.20705 1.69425 4.81 1279
9.85913 1.49131 5.66 3457
14.50792 3.17460 5.00 1610
13.74846 2.09119 5.18 2021
12.43984 2.71009 5.54 2996
14.26983 3.77248 4.95 1526
-1.12258 3.81564 5.80 4064
14.31611 5.17834 4.36 759
11.33444 5.85092 5.70 3573
-6.42074 9.14083 4.41 806
-6.42123 9.14085 4.87 1394
0.46074 9.28179 5.73 3739
-6.24667 11.32024 3.48 283
10.63605 11.58024 5.00 1627
-12.87846 12.43193 5.03 1677
5.59412 11.39105 5.96 4849
-13.50983 13.51544 3.83 424
0.30118 12.71049 5.33 2389
2.76351 13.77214 5.70 3588
-13.04338 13.20413 5.72 3703
