11.51884 -10.75984 5.47 2773
13.85078 -9.61395 5.80 4095
12.20239 -9.61656 5.92 4631
0.36286 -9.00454 5.36 2469
-4.11132 -7.70254 3.72 367
-8.68019 -6.97923 5.73 3738
-4.86390 -5.66852 4.99 1580
12.27738 -5.07864 5.45 2694
1.22440 -5.08009 5.64 3377
3.30636 -4.20085 5.85 4259
-6.40371 -4.93742 5.94 4748
-10.37562 -2.27828 5.28 2244
4.98286 -3.63404 5.35 2445
6.67848 -1.69687 4.35 756
-12.98312 0.40147 5.08 1773
1.22234 -2.15250 5.21 2076
-1.76933 -1.42430 5.36 2456
1.94882 -2.47774 5.88 4434
-0.06641 -1.35464 4.48 879
4.56415 -0.53939 4.87 1388
9.65257 0.52468 5.20 2053
-4.29795 0.05036 5.20 2065
5.75290 -0.39685 5.33 2388
-0.74004 0.00491 5.35 2421
0.35931 -0.85832 5.94 4759
-12.86972 2.49362 4.03 540
-0.34082 2.07685 4.98 1564
2.89163 2.12680 5.94 4723
-9.35347 4.72443 5.61 3264
-7.71832 4.95633 5.42 2627
-13.34101 7.12896 5.44 2681
-1.01132 7.87115 5.32 2353
-5.30913 8.22764 5.60 3236
12.26896 9.63924 5.92 4610
-11.76837 10.77927 4.29 711
4.07301 10.68655 5.14 1924
4.19954 12.56223 5.12 1872
8.94065 12.98836 5.64 3350
-0.14130 12.87638 4.80 1257
