6.89569 -14.13321 3.83 423
-2.66811 -13.10761 4.26 671
-8.09391 -16.04157 5.97 4911
-9.36561 -14.90587 4.11 583
12.23080 -17.66911 4.68 1097
-4.22420 -11.89051 4.91 1438
12.26591 -17.64752 5.27 2224
0.98976 -11.68261 5.85 4278
8.89098 -12.20158 5.93 4657
-4.40347 -9.48779 5.04 1701
9.05803 -11.49905 5.34 2414
5.09137 -10.06750 5.50 2848
12.56917 -12.88355 5.95 4792
-4.50289 -7.87121 5.18 2007
-6.82600 -9.31805 5.65 3406
-13.87878 -10.25389 4.00 516
2.24678 -6.82896 5.05 1723
10.90568 -7.00958 5.60 3220
-2.78467 -4.27633 5.88 4433
-2.88918 -3.08782 3.87 454
-9.80343 -5.07411 5.59 3205
-0.36421 -2.99657 5.93 4659
0.24604 -2.12270 3.62 334
-1.08574 -2.74433 5.55 3023
-8.03137 -1.47347 4.97 1561
-12.34856 -4.14341 5.57 3114
2.92988 -1.01529 5.67 3472
-2.77942 1.05444 2.69 114
6.20415 0.16074 5.75 3846
-6.93144 0.29090 5.89 4452
1.39214 0.04566 5.91 4564
-1.75140 2.54306 3.05 187
-6.95858 1.50354 5.35 2443
10.67287 0.60995 5.61 3262
-4.77203 1.95169 5.74 3789
-5.43515 2.32558 4.11 586
1.96487 2.82400 4.80 1265
-4.94876 3.01644 5.15 1936
7.09956 2.42675 5.71 3623
11.66535 0.94759 5.83 4224
-10.58218 1.48540 5.96 4873
-9.97304 2.98208 3.64 341
-9.59265 2.97230 4.72 1154
2.32583 4.32866 4.87 1391
10.32855 3.07555 5.75 3829
1.77183 5.12881 5.90 4497
-11.58925 2.09584 5.90 4536
8.34621 4.09413 5.97 4924
-9.73526 5.25168 4.90 1437
-11.37567 4.47425 5.17 1988
1.16462 6.42297 5.51 2891
12.07631 3.60677 5.85 4291
-6.25263 7.72840 4.04 542
-7.79157 6.57480 4.15 611
3.54631 7.33670 4.53 937
3.73385 7.38864 5.31 2335
-9.05794 6.67507 5.61 3256
5.91504 6.97688 5.79 4013
-5.20163 9.15475 1.33 20
-5.20003 9.15459 1.73 30
-13.01975 7.43397 3.13 198
-10.60340 7.06008 4.32 728
-8.77130 8.21331 4.33 732
8.75130 7.68266 4.71 1141
-8.62073 8.45785 4.72 1149
-5.21011 9.12087 4.86 1369
-2.68027 9.46205 5.31 2321
-10.00289 7.96178 5.91 4586
-4.30875 8.69294 5.95 4798
-4.94780 8.22047 6.00 5060
-12.66650 8.93127 4.94 1502
-12.07977 8.52413 5.03 1686
-9.89222 9.19010 5.57 3096
-10.94002 8.62327 5.70 3591
-7.44364 9.00535 5.92 4608
-12.16768 10.43210 4.11 588
-13.65796 9.81108 5.15 1940
-13.22399 9.14300 5.15 1947
13.15823 9.98913 5.23 2119
6.09017 11.01657 5.63 3335
-13.87172 10.08638 5.83 4195
10.88656 11.96326 0.61 11
-6.61126 12.77631 3.59 320
3.80151 12.27689 4.53 929
-2.41526 12.38630 4.69 1113
-1.49599 13.34449 5.72 3699
-1.14085 13.35653 5.76 3886
-1.06093 13.29038 5.90 4522
-9.21586 11.48550 5.96 4857
