1.29106 -12.78820 4.84 1343
10.13726 -10.97030 5.38 2499
-9.84204 -10.16806 5.54 3005
7.97508 -9.32442 5.80 4060
7.99614 -8.20017 5.14 1930
11.38168 -3.88853 5.77 3943
12.72728 -3.60609 5.91 4596
-8.02883 -5.17307 5.42 2608
-11.54053 -1.72620 5.45 2693
-2.20764 -4.83215 4.29 712
5.28367 -3.21661 6.00 5051
-6.99222 -0.86784 4.96 1540
0.49138 -3.33344 5.26 2199
9.52829 2.91916 5.64 3378
7.68501 0.52686 5.98 4936
5.46837 -0.33958 5.28 2249
-9.18277 6.46183 5.46 2750
-8.53683 6.55700 5.57 3122
5.46031 -0.33657 5.85 4302
0.33222 -1.01707 5.50 2868
-6.87364 8.32044 5.61 3273
-3.47493 10.71317 4.25 658
4.47390 8.32823 4.36 764
0.16046 12.27279 5.27 2215
3.97978 8.13932 5.79 4049
-4.63982 7.06720 5.86 4323
-1.07187 10.43866 5.58 3165
-2.61934 3.71668 5.07 1759
-0.90137 7.32632 2.02 52
