-7.87069 -13.67113 3.89 467
-5.11566 -13.02984 4.62 1029
10.61405 -14.79349 5.93 4673
13.99436 -13.35922 5.71 3662
-9.61448 -12.14005 5.76 3868
-6.89379 -11.65491 5.81 4130
-3.93387 -12.51840 5.96 4867
2.45615 -10.19634 3.96 495
10.67602 -11.68836 5.73 3745
5.69961 -9.13109 4.82 1297
12.35850 -9.73412 5.16 1966
1.82073 -7.88830 2.60 101
6.17198 -7.47440 3.91 476
1.76365 -7.80214 4.47 867
-13.74242 -9.39789 5.91 4569
14.23608 -7.72841 4.85 1357
-10.69249 -6.46739 5.36 2457
-5.63056 -5.90815 5.50 2885
9.37480 -6.07478 2.17 64
8.57799 -5.38633 3.86 443
12.01416 -6.46550 4.33 740
9.64506 -5.90716 4.66 1082
1.86726 -5.08914 5.34 2403
-5.56309 -3.83636 5.25 2178
-5.17390 -3.95270 5.44 2680
-12.85586 -4.82894 5.67 3462
-5.75502 -3.48006 5.71 3663
9.84271 -2.21160 5.84 4239
-2.13735 -0.26703 4.46 863
-3.41347 -1.02099 5.29 2295
3.35760 -1.06502 5.31 2327
2.17928 0.89330 5.75 3849
8.46559 -0.00417 5.77 3944
-11.48342 0.03766 5.80 4058
13.57313 0.02186 5.89 4464
-4.67265 2.47833 5.55 3027
-7.92759 2.81754 5.08 1768
0.92571 3.51097 5.15 1935
-13.35561 2.18939 5.15 1951
13.95505 1.70203 5.47 2759
9.28095 4.97893 5.13 1888
2.29888 5.13862 5.48 2802
14.10697 5.54791 4.27 686
-3.52166 6.10667 4.91 1449
-6.88770 5.79622 5.39 2542
-7.11994 5.98737 5.64 3372
10.53298 6.28902 4.64 1050
7.59857 7.89090 5.44 2674
9.52727 6.56091 5.80 4063
13.82162 6.29618 5.98 4961
3.59597 8.27800 5.76 3872
6.36965 8.16092 5.79 4019
-9.42482 9.54652 5.89 4459
-4.55772 10.66082 5.98 4941
-10.32235 11.69990 5.00 1617
-9.69473 11.90256 5.22 2090
6.68402 13.05018 5.32 2361
7.21307 13.33794 5.73 3712
