8.99175 -12.87394 2.72 120
10.65378 -13.11618 5.11 1835
-4.43348 -12.30216 5.09 1803
1.68143 -11.10062 5.16 1972
7.66135 -11.19082 5.27 2226
-0.74018 -11.59185 5.28 2247
12.39057 -11.63587 5.28 2266
9.76234 -11.15751 5.72 3705
5.74131 -12.00162 5.98 4950
-0.11638 -10.50402 5.53 2958
-4.88305 -8.39828 2.99 168
-7.01585 -8.69362 5.23 2132
2.15165 -9.59365 5.74 3763
-7.10895 -8.29612 5.89 4449
3.11906 -7.40628 5.56 3087
-1.18293 -7.49072 5.63 3336
-6.77654 -6.69142 4.02 536
-1.54792 -6.74489 5.57 3126
11.92006 -4.34449 5.36 2449
12.49075 -4.10313 5.53 2970
5.69659 -4.78894 5.66 3454
14.49703 -5.06126 5.67 3493
6.89629 -3.36315 4.37 779
13.20300 -3.05429 5.37 2483
-7.13416 -3.51538 5.38 2526
8.92849 -1.83788 3.82 413
-10.79438 -2.24834 4.36 766
6.56086 -2.63177 4.37 786
-7.80393 -2.46893 5.69 3548
14.19521 -1.62712 5.96 4827
12.60806 -0.33878 3.47 276
4.70293 -0.25977 5.00 1615
9.41490 -0.97926 5.00 1630
1.76438 -0.26864 5.16 1958
2.08596 -0.13870 5.81 4114
-10.10236 -0.69212 5.88 4405
-11.07637 1.04003 4.19 624
2.00012 0.14323 5.63 3322
-1.59271 0.28439 6.00 5047
-1.20643 1.90784 4.77 1212
-8.87412 2.14855 5.48 2793
-1.50351 1.69324 5.64 3368
-2.35401 2.14310 5.93 4675
-8.01293 3.79492 4.59 993
9.87749 3.83463 4.95 1529
-0.71728 4.14841 5.43 2636
12.45109 4.67031 5.67 3478
2.71824 6.42395 4.44 839
10.54446 5.91160 4.58 981
13.20993 7.29289 5.22 2104
10.86411 6.26474 5.52 2943
10.02657 7.15122 5.57 3098
-4.18538 5.88199 5.77 3922
2.79290 6.56811 5.81 4108
13.13302 7.09372 5.88 4441
7.36885 8.09761 5.49 2842
8.67281 7.62125 5.95 4805
-10.50876 9.51652 4.83 1328
0.87973 8.61252 5.18 2019
-6.26558 8.68893 5.27 2229
-5.78740 8.75546 5.69 3559
3.50343 9.14121 5.87 4356
3.27544 11.00687 3.08 191
12.67044 11.21837 4.64 1051
3.28551 11.01486 5.11 1834
-7.89934 11.11058 5.62 3296
-4.06757 11.96356 5.55 3033
1.24576 13.30627 4.97 1551
4.49159 13.15028 5.38 2498
13.26132 14.32928 5.71 3670
