8.63331 -12.82872 5.61 3281
11.37175 -12.60648 5.71 3658
-6.77695 -11.80486 5.84 4236
-12.60695 -10.51628 5.63 3331
6.61817 -10.80935 5.64 3360
2.10943 -8.35741 4.25 666
8.30993 -9.47182 5.88 4438
2.84041 -7.73346 5.56 3072
2.83158 -6.42951 5.58 3150
-0.56232 -5.47648 5.34 2399
-10.91928 -4.19399 4.79 1251
5.24743 -3.39652 4.89 1421
13.93155 -3.77689 4.94 1492
14.12906 -3.78673 5.71 3628
-7.96703 -1.47337 4.88 1398
-13.42350 -0.94591 5.70 3579
-4.88961 0.90970 5.70 3583
-12.23740 1.51414 4.77 1216
-11.89938 1.08683 4.94 1496
4.39694 1.66430 5.08 1788
10.86408 6.39797 5.24 2162
-8.20473 8.08594 4.94 1490
13.12273 8.85757 4.08 570
-5.23535 9.43534 5.86 4335
8.89477 10.45625 5.42 2622
-4.24444 10.79368 5.60 3225
9.90114 11.97436 3.11 193
2.01635 11.24756 3.81 410
6.16064 11.12582 4.91 1447
13.23739 11.60473 5.89 4478
