5.04101 -13.27882 5.47 2761
5.73471 -13.35277 5.64 3355
-1.92176 -13.14032 5.92 4610
9.19403 -9.91983 5.14 1913
8.14544 -9.10593 4.76 1210
9.34855 -9.49285 4.80 1264
-8.99833 -8.95602 5.14 1924
3.96145 -10.37184 5.88 4428
12.98509 -7.98221 5.94 4712
-8.13920 -7.28886 5.12 1872
1.61943 -8.93282 5.32 2365
-3.67634 -8.76818 5.64 3350
10.96615 -4.93745 4.56 962
-12.00033 -5.27301 4.80 1257
12.17193 -5.32288 5.69 3530
-6.56354 -4.95110 5.68 3502
-10.29136 -4.15118 5.97 4890
-8.40418 -3.05685 5.92 4640
10.48005 -1.48228 5.17 1989
9.72323 -1.88288 5.72 3688
11.52948 0.00752 5.83 4190
7.51544 -1.61263 5.96 4858
2.13895 -3.46083 5.98 4968
0.01850 -1.48176 5.41 2594
12.29937 5.17100 4.84 1343
1.64410 1.10457 5.54 3005
-4.58269 3.29653 4.55 957
-5.57457 5.06306 5.73 3747
-9.42647 9.12574 5.05 1722
0.29999 6.15008 5.42 2608
-4.52063 6.98813 5.45 2693
-10.96015 13.79134 5.10 1809
-10.24613 13.09888 5.43 2642
4.91063 9.74893 4.29 712
-8.63083 12.06106 5.07 1764
10.33706 15.51155 6.00 5051
-1.31566 10.28914 4.96 1540
6.32309 12.57468 5.26 2199
8.85306 18.09943 5.28 2249
-7.38333 15.15792 5.46 2750
-6.91227 15.62016 5.57 3122
8.84439 18.09715 5.85 4302
4.86433 14.44204 5.50 2868
-6.59266 18.11437 5.61 3273
