0.87515 -10.98545 5.89 4445
13.20119 -8.50201 5.23 2132
13.07033 -8.10778 5.89 4449
13.26181 -6.47020 4.02 536
-12.64646 -5.26290 5.52 2926
-6.56247 -4.37166 4.67 1091
3.63428 -4.18434 5.77 3928
0.91867 -2.97582 5.25 2173
12.60913 -3.30161 5.38 2526
-10.79048 -2.91930 5.72 3684
8.82774 -2.32856 4.36 766
11.83670 -2.30506 5.69 3548
4.95502 -2.40973 5.78 3991
-0.60929 -2.55898 5.99 4980
9.37483 -0.72359 5.88 4405
8.25501 0.91062 4.19 624
-3.60010 1.14674 4.36 763
-3.57804 0.09176 5.10 1823
-5.64583 1.21883 5.28 2263
-10.17783 1.02127 5.69 3556
1.17647 2.42772 3.84 427
0.09477 2.68697 4.95 1532
-5.89937 2.27319 4.96 1544
-5.90208 2.27288 5.18 2010
10.34394 2.21873 5.48 2793
11.05865 3.94834 4.59 993
-4.43466 3.09119 5.06 1742
-7.67127 3.53123 5.58 3158
-9.29375 3.39901 5.98 4947
0.67565 4.50500 5.41 2588
4.88002 5.01019 5.61 3258
4.01690 5.00451 5.84 4242
3.01217 5.32782 5.90 4537
-0.25684 6.10088 5.27 2232
-11.80466 6.66731 5.52 2927
-11.54003 6.31961 5.71 3637
14.75931 6.45241 5.77 3922
-13.41283 6.42789 5.77 3923
-9.71784 8.01226 5.12 1869
8.05844 9.37181 4.83 1328
12.37805 9.04439 5.27 2229
-7.62497 8.49646 5.46 2723
12.85753 9.16766 5.69 3559
-3.76707 8.43116 5.86 4309
-3.76717 8.42577 5.90 4531
-10.31390 10.99180 3.42 266
10.51117 11.27193 5.62 3296
-3.78530 12.14377 3.83 419
0.30850 12.24476 5.12 1866
14.32069 12.61447 5.55 3033
-6.74490 12.93700 3.70 361
-8.99630 13.16846 5.50 2874
0.28679 13.63576 5.63 3327
1.80276 13.60501 5.83 4199
-0.03975 13.36366 5.99 4983
