1.11815 -13.24857 5.03 1692
0.63732 -12.64244 5.38 2513
7.09691 -10.08687 5.46 2737
11.04568 -9.89588 5.31 2334
7.58047 -8.52113 5.86 4305
-7.10444 -7.12175 5.07 1756
-10.04541 -6.48180 5.34 2410
14.56957 -6.83950 5.81 4143
-11.71284 -3.93794 3.86 444
-4.96279 -2.69390 4.45 845
-12.58345 -3.63802 4.93 1471
10.08660 -1.52606 5.82 4160
7.01783 -1.56442 5.87 4348
14.50574 -1.06322 5.57 3110
6.17384 0.23870 5.71 3636
8.82816 1.64181 5.48 2801
-4.90637 3.79744 5.05 1716
7.72701 3.50650 5.57 3117
14.29683 4.86988 3.12 196
8.75320 5.86801 3.87 449
1.23233 6.19101 4.55 958
4.02382 5.44292 5.76 3859
9.33530 6.28124 5.78 3958
-8.20150 5.65615 5.96 4863
11.35530 7.58916 2.64 107
-10.29963 7.76753 3.96 496
4.93347 6.90074 4.83 1318
12.00962 6.68878 5.29 2285
-2.40482 6.96783 5.86 4317
-12.11182 7.90150 3.56 306
10.22572 9.08919 5.78 3968
13.51790 9.86524 5.17 1981
11.63515 9.59847 5.45 2692
0.69991 11.34432 5.94 4731
-7.32041 12.84066 3.82 414
-5.02484 12.66041 5.68 3523
