-5.78664 -13.32397 5.92 4648
-8.33691 -12.17489 4.28 694
11.63490 -12.80018 3.94 485
-1.25149 -10.49889 4.71 1146
-7.62903 -11.17606 5.81 4127
11.88152 -10.87638 2.39 83
-6.50293 -8.62762 5.77 3939
-9.32783 -9.39880 5.79 4048
-5.69339 -8.18185 5.53 2971
-7.81294 -8.01452 5.83 4209
-13.12329 -6.59338 5.42 2609
12.85177 -7.62504 5.43 2643
-8.87025 -5.74205 5.61 3255
-1.90332 -3.88041 4.37 785
8.91341 -0.53790 5.25 2183
-10.31259 -0.12600 5.11 1840
13.87584 1.93624 4.81 1270
8.03100 1.74223 5.68 3500
-12.81007 2.70628 4.21 632
-6.12724 3.22934 4.41 814
-13.76400 2.13339 4.46 862
0.18495 4.01146 5.31 2320
10.62657 4.43355 5.67 3471
-12.74191 6.79984 1.16 17
-12.17227 7.07548 5.51 2912
5.83574 7.45295 5.62 3285
6.67987 7.08834 5.01 1640
2.71532 9.42752 4.57 975
-11.72903 7.96771 5.55 3036
-9.58387 8.16974 5.60 3219
-9.23697 9.22092 5.87 4388
12.58325 7.71499 5.18 2005
9.67396 9.59845 5.41 2596
8.96872 9.37876 5.42 2629
-5.78169 10.93706 5.64 3385
10.54365 12.05110 5.94 4711
-12.62908 13.12726 5.65 3391
14.92591 12.38825 5.98 4939
