-5.69232 -12.26791 3.76 389
1.96919 -13.16147 5.09 1804
-11.18876 -11.45805 5.17 1978
-7.33790 -13.19162 5.77 3941
-2.74560 -11.36473 4.76 1198
11.77439 -10.36844 5.88 4437
10.45207 -8.70992 5.71 3631
-11.32180 -8.45771 5.75 3797
-0.78753 -10.82412 5.79 4047
6.16103 -9.28054 5.80 4068
-11.43904 -8.98335 5.98 4975
1.76426 -8.38172 4.54 953
-12.80095 -7.32321 5.67 3474
1.56099 -6.91994 4.21 633
7.82627 -7.37404 5.06 1749
3.90394 -6.73828 5.76 3882
10.32207 -4.62573 5.39 2552
6.14657 -4.89864 5.00 1608
-3.93066 -4.58801 5.59 3215
9.16468 -3.30783 5.70 3590
-12.86828 0.35834 3.38 256
3.99698 -2.06373 4.80 1255
5.79455 -2.21787 5.03 1674
3.41717 -2.29522 5.10 1822
4.55194 -2.06926 5.85 4268
0.68684 -0.56046 5.23 2122
-11.68094 1.35117 5.26 2208
-11.29636 0.89213 5.58 3141
-1.89933 -1.24310 5.89 4489
11.26425 0.69618 5.94 4745
-11.10073 1.57249 6.00 5034
4.18140 0.96591 4.47 866
-0.00141 0.89318 4.84 1338
8.68402 1.24157 5.27 2234
-5.94674 1.52401 5.78 3989
12.74310 4.26894 4.29 711
-6.67771 3.98037 4.52 921
3.44980 3.19725 5.80 4103
-4.54094 4.19496 5.95 4776
-10.34744 6.84385 4.99 1590
-12.31744 6.64601 5.59 3184
-3.45856 5.53114 5.80 4096
5.72301 5.58484 5.87 4366
-8.68665 9.53652 4.54 939
-10.88629 9.94275 5.18 2025
3.29125 8.26768 5.44 2668
-12.35423 10.05415 5.81 4142
3.34124 8.91798 4.63 1040
-7.89168 11.49916 3.98 511
-4.26900 11.15123 5.16 1975
7.54062 11.54298 5.94 4752
-10.02443 13.26245 5.28 2250
10.48922 14.90505 5.43 2634
11.44205 14.32234 5.74 3758
-0.75247 12.99290 4.87 1386
-13.14509 18.06086 5.41 2590
-13.19067 18.34649 5.66 3441
9.73518 14.72383 5.96 4872
