-8.44252 -12.92678 2.56 97
-12.36682 -13.22438 4.42 819
2.60380 -13.50985 4.53 931
10.50085 -12.80819 5.57 3099
0.25316 -11.93195 5.26 2200
7.84285 -11.62928 5.87 4365
-7.88738 -9.33211 4.63 1042
11.50143 -7.94928 4.95 1517
-13.97788 -6.63900 4.50 893
-9.78528 -7.05671 5.68 3497
13.23250 -5.16036 4.81 1279
9.88036 -5.36413 5.66 3457
14.51196 -3.67674 5.00 1610
13.76887 -4.76206 5.18 2021
12.44973 -4.14175 5.54 2996
14.26433 -3.07893 4.95 1526
-1.12209 -3.03581 5.80 4064
14.28829 -1.67634 4.36 759
11.30399 -1.00688 5.70 3573
-6.38024 2.25350 4.41 806
-6.38072 2.25352 4.87 1394
0.45776 2.39266 5.73 3739
-6.19236 4.40034 3.48 283
10.54057 4.65576 5.00 1627
-12.75089 5.49144 5.03 1677
5.54506 4.46991 5.96 4849
-13.36009 6.55233 3.83 424
0.29810 5.76443 5.33 2389
2.73211 6.80330 5.70 3588
-12.90322 6.24778 5.72 3703
6.03888 8.47350 5.59 3188
-8.54411 9.01638 5.74 3782
-11.31989 8.96876 6.00 5032
-5.68159 11.44774 4.78 1228
-9.68060 11.83372 6.00 5043
12.43427 13.24845 5.02 1658
-10.57660 13.30505 5.08 1776
-2.93407 12.94522 5.31 2330
