-9.16215 -12.58859 5.84 4252
-12.75504 -9.75095 5.66 3431
3.37481 -9.64262 5.08 1781
-7.83479 -10.01487 5.51 2907
3.36924 -9.67662 5.53 2986
-3.72493 -9.63365 5.93 4695
12.66711 -7.66160 5.67 3487
-9.06183 -7.63356 5.97 4921
-4.40595 -7.03463 4.95 1521
-8.76036 -6.68280 5.74 3757
9.05263 -6.86157 5.80 4094
9.05295 -6.86152 5.83 4214
-8.47338 -6.89858 5.87 4359
0.86683 -6.57468 5.74 3760
-5.34321 -5.45661 5.81 4104
-6.31326 -5.97624 5.86 4334
-6.50140 -5.81732 5.92 4633
4.75009 -4.19152 4.85 1363
3.45354 -5.35222 5.29 2272
-9.69973 -0.41239 3.29 233
-3.23399 -1.85597 4.01 528
-0.47335 -0.33305 5.40 2566
11.18850 1.46505 5.65 3403
-8.72450 1.78699 5.90 4523
-13.29431 2.27658 5.93 4654
2.07418 1.17666 5.94 4730
0.65198 2.07896 2.74 121
12.04449 4.32300 5.23 2120
0.61437 2.32854 5.67 3489
-5.25135 3.90207 5.19 2038
8.18898 4.77972 5.56 3081
-9.18473 3.82623 5.98 4969
-8.79533 5.57134 5.79 4005
3.08133 6.42533 4.83 1324
-7.30969 6.48282 5.79 4041
6.88357 8.52542 3.17 208
-11.47110 10.06710 4.60 1008
5.19935 7.42335 4.89 1414
-8.64013 11.27017 5.13 1889
-1.78379 10.81177 5.44 2670
9.57483 13.61776 4.80 1260
1.00137 12.11792 5.00 1613
9.20165 12.58105 5.05 1717
0.22399 12.58135 5.25 2169
-5.18290 13.28000 5.62 3288
