-9.75780 -12.50938 5.67 3473
5.06335 -10.94312 5.01 1642
8.69693 -10.51041 6.00 5026
-14.46859 -7.30138 5.37 2480
3.34959 -8.35888 5.77 3921
-4.15729 -7.95077 5.05 1714
12.07027 -6.80153 5.96 4824
12.41920 -5.37400 4.48 875
2.87572 -5.82354 4.92 1461
-11.06209 -4.82899 5.02 1653
4.41572 -5.97763 5.38 2519
11.26874 -5.46317 5.53 2984
13.51033 -4.72078 5.96 4835
-9.27146 -4.12393 2.23 70
10.56210 -3.57892 3.79 401
11.67906 -4.07404 5.73 3732
-12.43677 -3.10239 5.99 5015
-1.26747 -3.61323 5.36 2467
2.38942 -2.72591 5.51 2918
9.93993 -2.85399 5.75 3820
5.94181 -3.23501 5.81 4112
1.38541 -2.74003 5.88 4412
-0.02521 -3.84267 6.00 5044
7.58288 -1.74075 3.77 394
5.08922 -1.97373 5.38 2520
-11.32877 -0.51823 5.75 3795
11.52947 1.17971 5.82 4162
-5.89040 -0.66889 5.95 4790
-13.23893 1.85470 4.87 1381
-13.25279 1.87401 4.88 1399
0.50982 0.74114 5.04 1706
4.00232 1.05107 5.48 2796
-8.69552 3.30671 3.75 384
5.93031 2.89069 5.12 1868
-1.38361 2.82117 4.77 1220
6.20935 4.09651 4.99 1582
13.46732 5.29204 5.14 1914
3.05787 3.95265 5.66 3446
7.38241 4.17485 5.91 4597
13.44938 7.20316 4.96 1546
-2.85977 5.29818 4.98 1567
1.95842 6.06241 4.66 1086
-12.71932 8.74059 5.65 3403
-10.54066 10.79691 5.23 2120
13.79257 11.94427 5.39 2529
0.71714 8.31895 5.99 5021
-13.70937 13.23070 5.56 3081
-0.38897 10.36847 5.74 3759
14.71716 12.39652 5.75 3830
12.05326 13.66032 5.96 4828
-3.91210 13.18892 5.03 1673
11.97669 15.55827 5.27 2233
