10.33818 -14.10390 5.14 1906
2.10604 -11.49836 3.41 262
-13.57339 -13.09614 3.94 485
12.41581 -12.67986 5.85 4295
-13.81715 -11.16335 2.39 83
8.77676 -10.77441 5.11 1853
10.20091 -10.27287 5.57 3112
-8.92976 -11.04362 5.94 4729
-3.15060 -8.97720 5.21 2071
1.20792 -8.93721 5.42 2612
14.25205 -9.60527 5.91 4598
-13.69177 -7.74317 5.43 2643
-4.99645 -5.50019 5.59 3176
-9.65527 -5.16157 5.90 4506
-1.96061 -3.93378 5.92 4613
3.54605 -2.61526 5.51 2908
6.05408 -2.68507 5.72 3697
5.08454 -2.21534 5.94 4713
6.42352 3.49686 5.25 2167
2.01320 3.35008 5.79 4022
-5.13770 4.62420 5.50 2849
12.35070 6.30272 5.35 2435
3.47877 6.42855 5.82 4164
1.03519 5.55728 5.84 4231
-6.42521 7.60399 4.31 721
13.44659 7.19172 4.69 1108
-13.96393 6.77265 5.55 3047
4.81316 6.90714 5.69 3555
3.22804 12.10266 5.93 4662
8.09674 13.56553 5.31 2340
