3.84916 -13.47085 5.97 4884
0.05137 -11.82047 4.82 1291
11.39282 -11.66949 3.97 508
12.89042 -12.25259 4.81 1274
2.40187 -10.98125 5.16 1969
5.87813 -11.25326 5.47 2766
14.18494 -12.49639 5.92 4626
-11.61302 -11.18296 3.27 229
1.49037 -8.69139 4.76 1200
13.79690 -11.87823 5.77 3891
13.70742 -11.39952 5.99 5005
9.26948 -8.73461 3.84 429
-0.06306 -7.67506 5.17 2003
-0.37785 -7.28471 5.60 3241
-0.62445 -7.59571 5.74 3764
9.13986 -8.29430 5.78 3982
-1.83796 -7.29360 5.78 3997
10.13177 -9.38412 5.79 4056
-0.19431 -8.00392 5.81 4145
3.92201 -6.35498 1.86 38
13.49002 -7.83983 2.25 72
7.02203 -7.07569 4.33 735
9.99349 -6.87802 4.92 1465
10.46128 -6.77416 5.16 1973
-9.96712 -6.79937 5.50 2887
12.71410 -7.81852 5.54 3018
12.53203 -7.12097 3.44 270
6.41379 -4.54516 4.86 1375
6.36361 -4.83854 5.26 2207
9.46211 -4.51362 5.59 3209
-0.94639 -3.16437 5.63 3319
3.85362 -4.22634 5.97 4906
8.76349 -3.17414 4.49 892
-10.45325 -3.46475 5.17 2002
-2.06283 -1.97283 5.59 3187
1.82640 -1.51835 5.66 3433
8.84144 -0.30665 1.96 45
-1.49694 0.84663 5.70 3611
10.84666 -1.02756 5.71 3617
0.16676 1.16191 5.87 4395
-5.87642 0.51463 5.96 4855
-14.25089 0.11687 4.40 805
8.72405 1.93570 4.86 1378
5.68006 2.34437 5.09 1802
8.22860 2.08936 5.19 2039
8.03791 1.58066 5.48 2821
8.70432 1.95801 5.52 2936
1.04184 2.58252 5.53 2972
8.30444 2.13399 5.61 3283
6.58074 2.07932 5.69 3547
-0.66445 2.76053 3.47 279
8.32367 2.26126 3.62 336
11.69247 1.96894 4.69 1104
-5.07352 3.16492 4.94 1505
12.98291 2.46163 5.23 2128
-8.29194 3.42989 5.39 2537
4.82399 3.75101 5.85 4282
-6.23812 2.89296 5.87 4352
-9.31710 2.70301 5.97 4893
-7.26338 5.04517 5.10 1812
-12.66627 3.64590 5.14 1920
5.42033 4.24790 5.17 1990
-11.15360 3.13866 5.96 4862
2.98426 6.52571 5.51 2902
7.75455 5.05422 5.80 4090
-2.09692 6.12754 5.91 4599
1.02600 6.04201 5.95 4808
-0.39534 7.90627 4.41 811
-1.54593 7.38071 4.63 1034
-12.52353 6.26070 4.93 1478
7.68383 6.49323 5.01 1648
9.69178 6.39840 5.16 1964
-1.54216 9.47356 4.24 655
-10.41879 8.47885 4.76 1207
5.14545 8.76212 4.82 1306
-14.50757 7.09781 4.95 1528
-11.14117 7.43000 5.14 1927
9.74277 8.82038 5.51 2889
-4.94383 8.62239 5.68 3522
2.08305 8.65217 5.70 3610
-5.27565 8.27858 5.72 3706
2.55594 8.94519 5.82 4155
13.22546 7.56972 5.87 4372
9.30180 7.71999 5.90 4502
12.07185 8.08706 5.91 4551
2.23182 10.52263 1.78 33
2.22085 10.51019 4.27 680
-2.74521 10.86659 4.71 1137
9.66226 9.93834 4.77 1223
13.83858 9.37502 5.18 2026
2.24645 9.68492 5.23 2115
6.72427 9.41263 5.33 2373
12.57523 9.19651 5.33 2383
9.65977 10.88666 3.84 425
11.08853 11.55418 3.91 475
-2.57123 11.85911 4.11 578
-11.25742 10.50226 4.49 891
12.05848 10.70521 5.10 1824
3.20821 10.96776 5.13 1884
-2.96596 11.51461 5.23 2112
-10.37440 10.61088 5.66 3429
-10.71227 10.45509 5.72 3687
11.37211 11.34869 5.75 3847
2.85087 11.46930 5.76 3874
-2.55066 11.18126 5.84 4228
7.12007 11.62258 5.99 5006
-11.47332 12.73044 4.89 1420
12.18452 12.44166 4.93 1485
1.63146 13.44167 5.05 1726
-4.17623 13.47816 5.06 1747
-0.51900 13.01848 5.17 1993
10.23728 12.57670 5.23 2130
11.23528 11.71718 5.46 2729
9.94980 12.92852 5.71 3632
3.47926 12.57992 5.83 4185
-0.23738 13.52932 5.99 4982
