6.69261 -13.49108 0.38 8
5.72802 -12.59966 5.91 4575
2.75889 -11.10202 5.25 2185
-4.17235 -10.35517 5.75 3837
-1.48383 -9.66260 5.82 4161
-0.07087 -10.82752 5.91 4558
2.43966 -9.22607 2.90 156
2.77753 -8.34184 4.32 725
-11.22887 -9.46902 4.77 1213
-9.30745 -9.02444 5.77 3892
12.17714 -8.28998 5.86 4326
-11.47469 -8.69234 5.93 4701
-13.33302 -6.81218 4.66 1077
1.91832 -7.86056 4.99 1588
-4.88016 -7.96476 5.78 3971
-8.00481 -6.85303 5.92 4632
-5.68430 -8.02192 5.97 4904
-5.52349 -5.51539 5.13 1890
8.89538 -5.70973 5.30 2301
1.66935 -4.56191 5.30 2313
-11.67259 -2.68531 3.36 248
3.28681 -4.08812 4.54 948
-1.82910 -3.94830 5.62 3293
-13.54817 -2.49526 5.97 4885
-5.40545 -3.25452 5.98 4972
-12.09798 -2.20958 4.49 888
-8.48748 -2.38897 4.65 1064
-9.90255 -2.02484 5.65 3393
7.30133 -1.99991 5.77 3933
7.34013 -0.99741 5.56 3080
4.48733 1.16846 5.25 2176
-3.83311 1.30149 5.44 2676
-5.85762 0.52016 5.74 3788
12.28223 1.35259 5.78 3956
-14.03456 2.28309 1.93 43
-0.62597 2.11049 3.58 317
-2.18052 1.59596 5.00 1605
-6.50798 1.55526 5.68 3507
-5.73230 2.35588 5.82 4150
-9.97194 1.83077 5.85 4274
13.76571 2.34744 5.99 4978
12.75607 2.38571 5.99 4997
6.37349 3.74775 5.05 1728
-12.37616 3.93370 5.21 2072
3.86917 2.88726 5.42 2616
13.46825 3.52090 5.55 3043
-5.74670 3.84364 5.94 4707
8.52892 4.96734 4.88 1402
11.60511 7.01303 5.35 2440
10.40832 6.17538 5.99 4996
-5.12484 7.71473 3.79 403
0.62731 7.47785 5.10 1821
2.23840 7.23121 5.93 4661
0.03944 9.60897 3.53 297
2.48281 8.87853 5.22 2098
-9.14925 9.51406 5.27 2237
-8.92123 12.08925 5.65 3413
6.69005 11.17380 5.89 4485
7.75017 13.15947 3.57 312
-5.57195 12.81810 5.18 2014
-1.67156 13.68056 5.82 4153
-2.39304 12.62339 5.85 4280
