0.62112 -13.56741 3.85 437
-6.23784 -13.03913 4.99 1598
13.49353 -13.94429 5.20 2054
6.48545 -12.10403 5.24 2137
-8.34990 -12.91770 5.74 3779
5.85843 -11.81937 5.87 4345
5.48916 -10.66250 3.35 246
3.36633 -9.99225 4.51 911
-1.67025 -10.97438 4.72 1147
-3.47171 -10.48610 5.24 2140
-8.03583 -11.56264 5.26 2204
9.15135 -10.75559 5.40 2569
5.59967 -10.28047 5.45 2698
-3.53495 -10.58798 5.54 3013
7.59972 -11.06974 5.75 3850
8.43830 -11.67019 5.79 4053
3.09055 -8.91281 4.56 965
3.54609 -8.50090 4.97 1553
7.46332 -9.22610 5.94 4747
-12.75488 -9.13485 5.35 2429
6.39077 -6.34164 4.44 836
-6.29579 -6.93674 5.11 1849
11.12266 -7.85804 5.27 2239
-5.07656 -3.43738 5.74 3767
10.58942 -1.08880 3.27 226
-11.78225 -0.63336 5.21 2079
14.46522 0.29409 5.61 3254
-13.05145 1.94160 5.31 2344
7.69686 4.34191 4.25 660
13.73404 4.73594 5.31 2325
-12.47381 4.54030 5.41 2582
-1.62523 6.32189 5.68 3514
-10.22007 6.22353 4.00 518
1.23153 10.51445 5.73 3726
-5.23521 9.78665 5.85 4279
-2.19489 10.46989 5.99 4990
-8.75145 10.53809 5.82 4181
3.20347 11.10556 5.93 4670
