-3.15213 -13.91175 5.05 1723
8.89965 -13.31552 5.49 2837
5.29405 -11.88954 5.60 3220
9.69363 -13.74142 5.65 3408
-8.74043 -12.66670 5.88 4433
-9.12804 -11.51135 3.87 454
12.73460 -13.64150 5.70 3615
-6.64850 -10.78050 5.93 4659
-6.25640 -9.76360 3.62 334
-7.42182 -10.71322 5.55 3023
-3.89019 -8.00647 5.67 3472
8.61609 -8.30425 5.81 4113
-10.00274 -7.38487 2.69 114
-0.99166 -6.05576 5.75 3846
-13.96444 -9.17781 5.89 4452
-5.64990 -7.34579 5.91 4564
9.73706 -6.62594 2.89 152
-9.33765 -5.66799 3.05 187
3.19401 -4.54295 5.61 3262
-12.19474 -6.99347 5.74 3789
10.79284 -6.44931 5.89 4484
-12.94377 -6.78851 4.11 586
-5.75352 -4.48975 4.80 1265
-12.62068 -5.98698 5.15 1936
-0.67561 -3.64197 5.71 3623
9.19809 -4.15065 5.76 3887
4.05784 -3.98060 5.83 4224
13.10761 -4.37557 4.11 579
-5.75979 -2.93900 4.87 1391
2.26386 -2.25033 5.75 3829
-6.49070 -2.29419 5.90 4497
6.60612 -2.83056 5.91 4557
0.11990 -1.73771 5.97 4924
-7.39056 -1.18290 5.51 2891
3.79859 -1.33054 5.85 4291
6.13922 -0.48351 3.19 210
-5.28789 0.25998 4.53 937
9.65774 0.09018 5.17 1986
-5.11831 0.35381 5.31 2335
12.74506 -1.58331 5.71 3635
-2.91109 0.46559 5.79 4013
-0.35697 1.79713 4.71 1141
11.71902 0.10696 4.86 1380
-11.87822 0.85889 5.31 2321
7.91592 0.81116 5.87 4371
-13.30911 -0.27184 5.95 4798
8.85208 2.06036 5.11 1848
7.05411 2.28737 5.36 2460
3.27289 4.98614 5.23 2119
-3.70466 4.37243 5.63 3335
6.61121 5.21187 -0.01 4
0.64916 6.34515 0.61 11
6.61171 5.21140 1.33 21
-6.20905 5.05777 4.53 929
-12.29666 3.74801 4.69 1113
12.72641 3.65477 5.09 1797
9.48060 5.70163 5.20 2043
13.22976 4.17413 5.46 2740
13.87612 3.73308 5.67 3477
-11.61610 4.88028 5.72 3699
12.69373 3.74270 5.73 3741
-11.27087 4.97255 5.76 3886
-11.17724 4.92718 5.90 4522
-12.46737 5.57543 1.25 19
-8.19689 6.22972 4.60 1001
-11.47836 6.62163 4.62 1022
-8.06719 7.40647 4.92 1462
-13.45129 5.29266 4.93 1477
-9.04863 6.15127 5.99 5011
13.73623 6.50403 4.07 557
4.07457 8.82305 4.92 1458
-3.20786 8.43287 5.38 2518
-8.18053 7.97949 5.89 4491
-12.19955 9.29193 4.03 539
2.80721 10.82937 5.07 1762
-12.19927 9.30574 5.17 1976
3.89441 11.73908 4.33 739
-13.99831 9.82949 4.65 1057
-12.07006 9.82010 5.32 2351
0.66204 12.12299 5.92 4622
-3.23411 11.24910 6.00 5031
14.01045 11.51400 5.54 3001
