-10.03524 -12.92905 2.20 65
9.78842 -12.73142 5.01 1649
-11.43058 -12.61202 5.24 2146
-11.03858 -12.13428 5.84 4248
-0.73723 -12.18919 3.94 484
11.27628 -11.50098 5.49 2832
-4.66550 -11.29872 5.67 3482
11.10124 -11.63380 5.69 3545
-9.75877 -11.86208 5.93 4656
1.22286 -8.33730 3.72 371
4.57600 -8.19285 5.00 1620
10.10726 -8.63999 5.11 1836
-4.99222 -8.84629 5.95 4812
-1.66025 -7.69355 4.78 1236
-2.45355 -8.12707 5.04 1709
-0.41112 -7.59294 5.55 3034
-0.83265 -6.96346 5.96 4838
-4.48990 -6.34802 1.25 18
8.17544 -5.61321 4.02 535
-1.62013 -6.59654 5.45 2714
8.70836 -5.85766 5.53 2965
-9.08772 -5.22714 5.58 3172
-10.59511 -5.33484 5.91 4568
-10.92005 -3.65855 3.79 400
-10.98236 -3.54488 4.83 1321
-2.63157 -5.28349 4.84 1346
6.95382 -4.41773 5.24 2144
0.28085 -5.27154 5.37 2472
5.95851 -4.26383 5.60 3227
-6.13963 -4.27741 5.78 3957
-10.28409 -2.38945 3.98 509
1.52390 -3.20592 4.55 955
-0.04011 -3.39666 4.74 1182
-2.80122 -2.91511 5.57 3127
-0.96698 -3.53197 5.67 3483
-6.73763 -1.10328 4.95 1534
6.05769 -1.32796 5.31 2328
10.46373 -0.13284 4.23 652
-6.41940 -0.76316 5.44 2669
4.90619 -0.65791 5.69 3546
-7.35292 -0.44240 5.69 3552
7.25873 0.36977 5.75 3805
4.33167 -0.53054 5.76 3861
-0.79838 -1.09659 5.90 4504
-12.90921 1.41743 5.05 1725
-3.88802 0.58183 5.39 2549
-0.32654 0.63379 5.61 3250
-0.77478 1.00248 5.81 4138
9.04458 2.27863 4.67 1090
-13.47702 4.85340 4.92 1468
12.81790 5.33941 5.78 3967
2.09032 4.92359 5.73 3723
-11.06837 5.38526 5.85 4297
0.77763 4.51006 5.90 4498
10.06930 8.91946 5.71 3638
-8.12541 8.02399 5.76 3863
3.33462 8.07130 5.98 4976
-8.85204 9.79207 4.30 717
13.55729 11.21625 5.24 2141
-2.97411 9.00798 5.78 3983
10.41643 10.14740 5.80 4076
0.40751 9.17651 5.83 4211
-5.87211 8.66774 5.91 4591
14.09378 11.66250 4.19 627
-2.71234 10.51437 4.51 906
-12.37667 11.90604 5.14 1914
7.23175 10.83844 5.62 3303
12.91887 13.03641 3.35 247
7.81215 12.76178 4.08 571
-11.48623 13.61071 4.96 1546
11.37633 12.35518 5.56 3086
3.47292 12.02514 5.66 3445
12.62521 14.74219 5.04 1697
-0.10176 13.04341 5.51 2904
2.05233 13.86188 5.64 3383
