-11.43297 -11.79557 5.27 2234
4.67537 -12.51252 5.32 2353
0.34835 -12.84973 5.60 3236
-6.35564 -11.35382 4.29 711
9.24082 -8.88509 5.14 1924
9.02686 -7.02746 5.12 1872
13.63317 -5.83779 5.64 3350
-11.52885 -6.44350 5.87 4366
4.70339 -7.42841 4.80 1257
-12.09745 -2.83939 5.44 2668
9.03715 -4.21552 5.68 3502
5.49002 -5.57745 5.97 4890
-11.69400 -2.32215 4.63 1040
6.44382 -3.64254 5.92 4640
-6.76664 -2.44263 5.94 4752
12.64815 2.35648 5.41 2594
-2.61088 -1.29114 5.43 2634
-2.14493 -2.27470 5.74 3758
-12.88916 3.32533 4.87 1386
-3.31099 -1.03186 5.96 4872
12.56570 5.45600 5.54 3005
6.07667 3.75447 4.55 957
-9.64723 6.71602 5.45 2716
4.27029 4.66130 5.73 3747
-1.11781 5.84650 5.05 1722
8.56424 8.90729 5.42 2608
4.07095 6.84857 5.45 2693
-9.08335 9.18736 5.49 2831
-4.89027 8.79363 5.10 1809
-3.94430 8.63139 5.43 2642
10.43365 14.60248 4.29 712
-2.08135 8.69445 5.07 1764
-8.09982 12.04714 5.78 3960
-7.11547 11.27304 5.95 4809
4.88741 11.41362 4.96 1540
10.02919 17.80310 5.26 2199
-2.76914 11.93066 5.46 2750
-2.64236 12.57690 5.57 3122
-8.40365 18.07487 5.62 3284
-7.92457 22.67704 4.71 1130
7.73133 18.48778 5.50 2868
-3.74829 14.79293 5.61 3273
