2.62905 -13.13120 3.77 391
5.79618 -13.44443 5.51 2910
-2.60450 -13.63512 5.65 3425
-13.90874 -13.99057 5.88 4425
14.87423 -13.10498 5.99 4998
4.33622 -12.42237 4.73 1166
2.64963 -6.90663 4.42 826
4.16169 -7.57506 5.55 3049
8.27360 -8.04595 5.89 4471
3.91570 -7.73918 5.99 4989
13.19483 -6.28881 5.82 4180
14.21321 -6.35946 5.87 4393
-1.12069 -3.49460 4.89 1417
-3.54568 -3.95882 4.91 1454
-0.56887 -1.51378 4.32 726
-9.20594 -1.39194 5.47 2767
-9.87527 -1.13375 3.23 218
-12.29117 -0.98340 5.68 3498
-11.01635 -0.93805 5.99 4986
-0.20026 0.66607 5.16 1974
6.54481 5.91110 5.23 2114
12.36486 7.29534 3.92 478
-5.76919 7.35780 5.31 2339
8.44672 7.60236 5.61 3280
8.74696 8.23952 5.94 4714
14.85826 9.53778 5.16 1962
2.67306 8.26280 5.58 3162
-12.37831 10.14436 5.52 2941
14.21615 10.29163 5.82 4177
6.88677 10.39209 5.99 5017
-13.48835 11.98043 5.91 4559
