-13.44487 -13.52172 5.94 4760
6.46668 -11.82102 4.86 1368
-8.47239 -11.74874 5.55 3055
4.46860 -11.25116 5.93 4665
7.55755 -11.08445 5.10 1820
2.74185 -10.69652 5.49 2822
-2.01464 -8.58987 5.87 4385
-14.05906 -5.51668 5.43 2641
5.08428 -6.71343 5.61 3269
0.70145 -4.41397 4.50 898
-4.48666 -5.13208 4.94 1504
3.24691 -5.38047 5.77 3927
-10.79476 -3.90901 5.40 2567
4.09717 -2.83001 5.55 3030
-1.23730 -3.97121 5.68 3521
-7.83390 -2.33063 3.69 356
-12.44414 -1.55062 4.53 934
2.18546 -2.07096 5.04 1711
-13.57087 -2.66259 5.83 4208
-0.01705 0.85780 4.13 599
-6.71617 0.54931 5.05 1713
6.58271 2.58570 4.01 525
-4.09841 1.90055 4.28 692
0.66105 3.08382 5.89 4447
-10.39498 5.14709 5.12 1858
-9.63210 5.19163 5.16 1967
13.92148 4.54964 5.37 2481
7.65502 4.83455 5.63 3325
11.95108 5.38040 5.79 4031
-11.25300 6.18323 4.52 928
-10.20427 6.73313 5.39 2547
3.84950 5.93327 5.79 4002
-0.02766 6.41918 5.97 4923
1.14112 7.32338 5.06 1745
4.26837 8.19624 5.30 2310
-13.91548 9.51127 5.75 3796
-9.01272 8.43738 5.82 4158
10.20489 8.57827 5.51 2899
-3.65716 10.71196 4.55 959
-5.71688 10.11570 5.08 1774
8.68697 11.69471 5.51 2893
