-4.89517 -11.87870 4.47 868
6.14540 -11.89023 5.71 3625
12.04513 -10.57270 5.23 2116
-12.58605 -10.87499 5.87 4353
-9.30139 -7.35192 4.75 1194
-11.34991 -7.55938 5.83 4220
-6.13989 -6.30532 5.98 4963
-5.29704 -5.33599 4.25 661
-11.47872 -3.32033 4.89 1416
9.94951 -3.80671 5.59 3190
-6.86765 -2.62777 4.84 1347
12.17479 -1.82060 5.57 3113
9.45302 -1.87550 5.73 3708
-12.88541 -1.26526 5.46 2738
14.83583 -0.92232 5.60 3217
14.75944 0.08723 3.54 301
11.19454 0.60938 3.73 372
-6.70098 0.70143 5.78 3963
0.65247 0.05240 5.83 4216
-1.20835 1.50771 3.89 466
5.36572 1.58805 4.80 1254
1.45154 3.28552 5.26 2198
0.91852 3.17074 5.32 2356
-8.17435 2.91228 5.53 2969
-8.61578 2.86751 5.75 3809
0.39617 3.20220 5.75 3843
13.19998 3.43121 5.85 4273
2.23836 5.36113 5.27 2230
-14.83225 4.74928 5.51 2906
10.15027 4.30169 5.99 4979
10.54100 6.69788 4.73 1162
14.04747 6.46011 5.53 2967
13.45921 5.88828 5.96 4868
-1.16063 8.64457 5.17 1999
-7.69690 9.06118 5.65 3401
-14.15108 9.59909 3.04 184
-0.44808 9.93609 5.23 2117
-0.10810 10.37821 5.56 3092
4.42863 12.14910 5.06 1736
-9.69589 12.36693 5.35 2423
6.38246 12.52052 5.38 2504
-13.22189 12.57123 5.42 2613
-6.52499 12.85089 5.71 3630
