-5.22592 -15.73133 5.69 3538
-6.47292 -18.13300 5.77 3918
-10.70502 -17.41662 5.11 1841
-10.40951 -17.23112 5.73 3718
-10.10576 -16.68782 5.28 2251
10.87498 -19.07497 5.52 2928
0.85190 -10.32349 5.85 4285
-6.98003 -13.92661 5.87 4342
-0.95956 -9.09008 5.79 4046
6.33272 -9.67291 5.64 3358
3.22578 -7.91286 5.65 3409
10.52790 -13.69445 5.69 3532
-1.28463 -7.22070 5.69 3570
-7.95304 -7.88828 5.28 2248
8.17661 -8.54081 5.45 2713
4.39496 -6.65343 5.47 2785
9.96573 -9.32406 5.53 2979
-5.92106 -6.66345 5.57 3120
-4.78457 -5.31804 5.70 3577
-6.17058 -4.39001 5.52 2939
4.16613 -2.29715 5.19 2033
-9.36863 -2.29679 4.75 1187
-4.87258 0.50008 3.24 221
7.95753 -1.19317 5.09 1795
1.35037 0.04313 5.47 2754
-12.60701 -1.87730 5.01 1650
5.20941 1.12349 5.78 3970
2.49364 4.93651 5.31 2331
-10.17033 2.14946 5.53 2982
0.34367 5.57909 5.54 3017
12.26289 4.58617 5.38 2524
11.77677 4.35650 5.56 3067
-8.91671 6.40815 5.96 4856
10.82970 6.47192 5.06 1748
4.51167 10.45852 4.83 1316
9.37997 9.82569 5.11 1833
11.93122 10.27160 5.71 3622
-9.44772 10.40886 5.83 4212
9.14988 11.59595 4.35 753
12.85235 10.61046 5.01 1633
