1.15986 -12.45641 3.96 496
-7.54333 -13.70779 5.11 1857
9.00485 -14.06218 5.86 4317
-0.60599 -12.14547 3.56 306
-11.11525 -10.03693 5.00 1609
12.51614 -9.93141 5.94 4731
4.61040 -7.72078 3.82 414
-9.57231 -7.43439 5.54 3015
6.86182 -8.10040 5.68 3523
-5.73544 -7.66548 5.93 4671
4.03197 -6.60173 4.51 905
-10.08904 -6.31529 5.90 4521
-4.36838 -3.69743 5.59 3186
13.05243 -2.27939 5.02 1664
14.04615 -2.19200 5.73 3746
-8.20928 0.33433 4.65 1056
-6.29050 1.23486 4.66 1076
6.27876 0.59442 5.58 3167
13.81003 0.29070 5.61 3282
0.96117 0.14486 5.83 4203
-10.48748 2.09747 4.23 646
-10.17635 1.25000 5.24 2153
13.62111 2.52702 5.75 3822
8.03879 4.93623 5.72 3700
13.48749 6.37203 4.91 1440
0.20885 5.98235 5.38 2502
-2.70487 6.35594 5.79 4006
-10.11800 5.37152 5.81 4121
-0.55713 5.87726 6.00 5042
6.63213 7.21758 4.32 730
2.80632 7.59471 5.96 4843
7.89866 8.57422 5.53 2966
-14.54103 9.95441 5.23 2116
10.09101 11.93399 5.03 1687
-3.55764 11.86210 5.37 2495
9.16711 10.95579 5.51 2900
13.06721 11.58182 5.66 3451
11.70692 11.12782 5.70 3571
11.80326 11.58064 5.72 3695
9.52579 11.79589 5.77 3913
