-2.83529 -12.31652 5.18 2018
-5.19726 -11.47062 5.24 2157
-4.59331 -12.02074 5.29 2283
-6.06946 -11.14114 5.34 2400
-13.47480 -11.50696 5.93 4700
4.80499 -12.38292 4.44 838
-6.01126 -10.84445 4.82 1300
14.49354 -11.43931 2.04 53
1.23240 -10.10424 4.55 961
4.00454 -10.97379 5.25 2187
1.42998 -8.98333 5.78 3992
-12.49880 -7.18427 5.20 2050
-5.82302 -7.54231 5.28 2254
-8.38219 -7.32540 5.96 4874
3.73664 -7.53531 4.89 1409
-5.75384 -6.29161 4.49 884
-6.74305 -5.86488 5.00 1621
-3.14277 -6.05600 5.72 3698
-2.49628 -5.84220 5.87 4336
-13.77596 -5.02962 5.08 1782
-7.48313 -4.27729 5.65 3426
3.58571 -3.55368 5.85 4272
-4.27245 -2.64215 5.73 3709
-6.33642 -2.35481 5.89 4453
1.51553 -0.70035 4.94 1486
-14.38379 0.90812 4.39 798
-13.99583 0.32316 4.98 1574
-3.29101 0.02324 5.94 4765
5.03973 0.56197 5.75 3823
-2.42160 1.36817 5.75 3794
6.58904 1.56790 3.56 309
2.80623 1.60299 5.99 5007
-14.81962 2.92642 5.06 1735
4.91473 3.01978 5.12 1874
0.66894 5.46666 4.41 808
-14.03768 6.58093 5.55 3039
1.82280 5.88699 4.61 1012
3.53037 6.51415 5.84 4225
14.10912 7.66372 5.91 4548
-0.45620 8.86148 4.86 1368
-2.43598 9.41543 5.93 4665
0.62799 9.59532 5.10 1820
12.21399 8.75137 5.20 2046
10.37530 8.25846 5.72 3686
-4.16026 9.95982 5.49 2822
-8.98972 12.06847 5.87 4385
12.43747 13.11323 5.93 4686
