4.37065 -14.18226 5.07 1766
13.34783 -16.10426 5.01 1650
-9.85483 -11.98704 5.29 2293
0.51418 -8.85694 5.59 3214
-10.74181 -9.59426 5.78 3986
6.57167 -6.95675 5.45 2685
2.46750 -6.45182 5.51 2920
-6.79833 -6.00704 5.52 2942
9.27642 -6.76284 4.86 1374
-11.82252 -5.61933 5.55 3045
-0.01180 -0.79047 4.50 897
6.02105 -1.15000 5.39 2559
-13.25235 -2.41510 4.48 881
-0.35833 0.95920 5.00 1622
-2.33610 0.74292 5.72 3696
2.91590 0.05588 4.23 644
12.46910 -1.24785 5.93 4674
-4.79356 2.29835 5.68 3525
5.07719 2.37337 5.09 1807
-6.90993 3.53504 5.66 3439
-0.41560 2.79752 5.97 4896
4.90637 2.49598 4.37 781
4.90737 2.48510 4.54 942
8.34563 2.04258 5.70 3608
-13.87238 1.78033 4.81 1278
10.85223 3.00395 5.37 2470
7.25972 5.91138 5.98 4959
7.05619 7.07774 5.89 4467
-7.71108 8.69110 3.99 513
-5.89366 8.61062 5.63 3321
8.03709 9.73255 4.36 773
-6.55055 10.81760 5.59 3202
7.96751 11.10965 5.70 3592
13.48719 11.79774 3.92 479
