-12.28455 -14.99692 5.49 2837
-11.45505 -14.61653 5.65 3408
3.16469 -12.18507 5.85 4287
5.03713 -12.94689 5.89 4446
12.99166 -13.95971 5.41 2584
-9.64891 -12.12192 5.70 3615
6.86462 -9.74586 4.01 524
-8.29725 -8.21313 4.91 1457
-2.09085 -7.11171 5.41 2592
-7.30578 -9.23197 5.50 2869
-6.27689 -6.18549 1.92 42
-4.90002 -6.26229 5.79 4003
-12.83245 -7.71830 5.09 1806
11.17871 -6.76397 5.33 2395
10.25503 -6.91419 5.88 4440
-7.38958 -5.40283 5.91 4561
13.71903 -7.87053 5.96 4837
10.10377 -4.64034 4.44 841
-2.33405 -3.88196 4.78 1227
-7.07417 -3.65258 5.13 1891
-10.55081 -5.82206 5.75 3803
-3.54226 -3.20019 5.89 4472
12.98925 -4.84450 5.53 2957
-9.06694 -1.84244 5.52 2948
9.83121 -1.45151 5.73 3737
0.83803 0.36862 3.62 337
9.45469 -1.05449 4.79 1247
-10.71133 -0.23674 5.27 2218
9.30426 -0.55897 5.78 3984
-12.70754 -0.32586 3.85 433
4.33621 1.58120 4.35 755
5.52881 2.27904 5.60 3243
11.47054 2.24075 4.22 639
8.16229 2.91568 4.64 1045
4.89210 3.82124 5.49 2828
-2.49634 2.84859 5.70 3600
7.05928 4.21935 4.36 769
-11.20264 3.11351 5.20 2041
-1.49623 5.89621 3.62 333
13.32271 4.57834 5.14 1907
-2.63730 5.85683 5.77 3905
1.98106 6.59389 5.78 3966
-8.86674 7.34830 3.76 390
-3.60577 7.14427 5.91 4572
-9.50119 8.21964 5.58 3140
-12.80612 7.06522 5.69 3540
-9.62749 7.96295 5.74 3766
-3.12057 9.51996 5.88 4430
-6.55272 9.59948 5.73 3729
9.23681 9.43758 5.76 3883
-8.41091 9.03665 5.94 4706
-2.80000 11.82230 3.34 243
7.18198 11.90466 5.33 2378
-3.22270 11.59037 5.80 4091
-1.62608 11.11191 5.95 4770
-2.88707 13.01006 2.85 141
-8.01031 11.83190 3.13 200
-2.25309 13.54859 5.94 4720
