-7.32537 -12.62198 5.49 2834
-4.04971 -12.19819 5.99 5008
4.30016 -10.28222 5.32 2357
-10.62157 -8.53587 3.95 488
1.70177 -9.06436 4.40 801
0.20073 -8.60612 4.60 1003
-9.41560 -7.15631 3.48 284
11.81684 -6.25331 4.66 1078
-3.99835 -6.17007 4.76 1205
2.38665 -6.61662 5.98 4945
12.96703 -3.45404 5.75 3845
-4.90866 -2.54452 2.42 85
8.92704 -1.30620 5.97 4902
-11.48508 -0.47816 4.79 1252
7.17540 -0.68982 4.93 1482
-11.00440 0.75124 2.94 161
0.24407 0.56853 5.59 3201
4.08472 1.87983 4.98 1566
0.55741 2.48407 5.32 2352
1.40252 3.27582 5.57 3108
4.18972 4.86900 5.63 3323
-6.74383 8.94675 5.74 3773
8.25384 9.15559 5.90 4520
-8.75498 10.58637 5.90 4501
-6.88364 9.96856 5.91 4576
0.24151 11.28170 5.77 3890
-11.02805 13.12436 4.88 1407
3.03429 12.80680 5.22 2101
-11.87665 14.06073 5.73 3734
-12.79182 14.38867 5.88 4442
-9.66360 13.57012 5.95 4796
