-11.53670 -11.55191 5.51 2896
4.98097 -9.85484 5.80 4064
-10.12062 -5.53752 5.24 2136
-0.53109 -4.75762 4.41 806
-12.07564 -3.56644 4.71 1138
-0.53157 -4.75762 4.87 1394
6.30041 -4.30425 5.73 3739
-0.43668 -2.60999 3.48 283
-6.94110 -1.84198 5.03 1677
11.32482 -1.97755 5.96 4849
-7.57378 -0.82677 3.83 424
5.96940 -0.93907 5.33 2389
-13.12918 0.75053 5.58 3153
8.35818 0.21692 5.70 3588
-7.11676 -1.10421 5.72 3703
11.59678 2.04892 5.59 3188
-2.94862 1.83415 5.74 3782
-5.66659 1.64609 6.00 5032
-11.10979 4.59944 5.85 4277
-0.23403 4.36703 4.78 1228
-13.41685 6.30705 5.77 3919
-4.17193 4.53084 6.00 5043
-5.10141 5.91382 5.08 1776
2.40903 5.98062 5.31 2330
-12.31849 8.27353 4.75 1184
-5.38128 7.61564 5.05 1724
-6.57340 11.55060 4.71 1142
0.70993 11.70487 4.99 1597
10.69013 11.76945 5.21 2082
4.60163 12.03034 5.59 3210
-2.61217 11.35758 5.89 4476
2.65380 11.31108 5.94 4758
-2.55982 13.16877 3.01 176
