-1.43358 -6.80927 5.47 2756
-2.81894 -8.58516 5.28 2257
-2.75889 -4.77628 5.49 2841
-5.10259 -4.70009 5.77 3911
5.97184 -6.77765 5.42 2631
-2.52169 -0.14177 5.69 3538
-4.56032 -1.72085 5.77 3918
-8.00545 0.63635 5.11 1841
-9.79126 -4.64464 5.29 2296
-7.67550 0.67714 5.73 3718
-7.20151 1.02715 5.28 2251
5.10837 2.12137 5.85 4285
-3.36779 2.16881 5.87 4342
-10.61875 -1.54663 4.15 607
3.98505 3.98395 5.79 4046
-12.06658 -0.53324 5.35 2447
10.35107 0.40818 5.64 3358
8.27970 3.29341 5.65 3409
4.47017 5.80988 5.69 3570
-1.83735 7.98276 5.28 2248
9.88852 3.94191 5.47 2785
-11.61593 3.33254 5.75 3812
0.49520 8.25307 5.57 3120
2.08060 9.01046 5.70 3577
-10.93626 6.90627 2.80 132
-12.52157 5.88122 4.78 1235
1.20268 10.44382 5.52 2939
-11.03838 6.51506 5.97 4905
11.58166 8.03196 5.19 2033
-0.85285 13.72273 4.75 1187
