2.85885 -12.54356 5.61 3281
5.54779 -12.18911 5.71 3658
-12.63684 -12.28029 5.84 4236
0.79063 -10.63284 5.64 3360
8.74750 -10.45328 5.81 4115
-3.79153 -8.39550 4.25 666
2.41655 -9.22370 5.88 4438
-3.08347 -7.73889 5.56 3072
-3.14041 -6.43620 5.58 3150
-6.57963 -5.62803 5.34 2399
8.72297 -4.48063 5.44 2679
-0.84311 -3.30795 4.89 1421
7.73525 -3.33890 4.94 1492
7.92866 -3.34077 5.71 3628
-14.23831 -1.90132 4.88 1398
-11.19233 0.61962 5.70 3583
-1.87626 1.70860 5.08 1788
10.04478 2.70895 4.48 874
4.35602 6.62843 5.24 2162
6.48466 9.12997 4.08 570
14.27440 8.11255 5.09 1794
-11.86219 9.20060 5.86 4335
2.26546 10.60267 5.42 2622
-10.90629 10.59617 5.60 3225
3.20365 12.13622 3.11 193
-4.60917 11.21446 3.81 410
-0.46882 11.19868 4.91 1447
6.49715 11.85172 5.89 4478
