-13.26004 -12.32172 5.63 3338
3.93818 -12.20019 4.18 621
11.86337 -11.32926 5.74 3762
-8.12122 -11.95133 5.88 4399
11.30267 -7.70359 5.69 3543
-2.79480 -7.75501 1.86 39
-5.76856 -7.97990 4.70 1121
-9.29584 -6.65316 5.15 1942
1.85308 -7.58722 5.25 2171
6.34808 -6.77400 5.59 3213
12.57319 -6.18761 5.63 3326
7.76807 -7.28806 5.74 3768
5.33711 -4.08547 4.05 549
2.85976 -4.33372 4.54 940
3.46221 -4.88574 4.75 1183
-4.23291 -2.69648 5.46 2742
-1.24591 -1.72783 5.70 3606
-7.09659 0.35573 2.27 74
-7.09428 0.35042 3.95 490
-6.83017 0.40888 4.01 527
-3.81224 -0.30513 4.66 1079
13.15753 0.95343 5.25 2175
-2.66946 -0.71324 5.70 3613
-12.79147 0.21632 5.82 4173
7.69472 -0.81660 5.85 4265
-12.63747 2.83226 1.77 32
-5.03711 0.71158 5.60 3245
6.32090 0.91442 5.76 3879
-11.23575 3.08825 4.93 1481
-5.42695 7.11465 5.40 2575
9.00858 6.76639 5.46 2751
-12.11695 8.96518 5.85 4269
10.47891 8.37814 5.93 4654
-1.68429 8.95765 5.96 4830
-11.44689 12.36391 5.89 4474
13.30363 11.85711 5.98 4969
12.76670 13.60584 5.79 4005
-8.93788 12.91447 6.00 5063
0.65849 12.96073 3.65 344
-1.27068 13.46609 4.65 1068
13.63148 15.21928 5.79 4041
-2.73396 13.68554 5.85 4257
