14.82886 -14.38186 4.23 654
-0.06680 -13.00579 4.67 1089
0.76616 -13.42889 4.75 1193
1.92425 -13.40308 5.61 3268
3.16105 -11.94643 3.95 489
4.86104 -12.48104 5.12 1861
-12.83618 -12.92549 5.32 2367
8.65201 -12.10568 5.54 3012
4.86449 -12.47806 5.62 3305
-13.23064 -12.17581 5.82 4175
10.01360 -11.45664 5.92 4623
-10.82677 -11.00603 5.44 2673
-7.47493 -9.18397 4.91 1453
-6.60320 -7.23103 4.34 742
11.75636 -8.64234 5.49 2825
-9.92279 -8.50888 5.96 4829
-0.40055 -6.55841 3.66 348
5.06525 -5.87261 3.88 457
9.32119 -6.37110 5.13 1886
13.44223 -7.11039 5.84 4232
-0.89951 -4.30007 3.58 319
11.60821 -5.42189 4.78 1225
-1.62751 -4.18536 5.15 1944
9.77725 -5.01408 5.67 3464
-11.53793 -4.64544 5.85 4299
9.82968 -4.33625 4.59 985
-12.64804 -4.17297 5.65 3410
5.80553 -1.63110 2.89 154
8.66396 -2.05319 5.38 2508
4.76541 -1.80506 5.62 3308
-9.14883 -2.08873 5.76 3880
-8.04808 -1.83738 5.84 4251
12.81829 -1.31070 2.89 155
-11.18941 -0.76145 3.29 234
4.21568 -0.50167 4.59 990
3.38730 -1.06426 4.64 1044
7.20980 -1.34533 5.00 1616
4.54356 -0.39559 5.87 4374
12.79307 0.67179 4.55 954
-14.34982 -0.10812 5.30 2307
4.33204 0.58488 5.39 2558
5.78205 0.13241 5.43 2638
0.08824 1.61874 4.96 1547
4.36202 1.34568 5.42 2618
-0.69241 2.54436 5.78 3996
9.04428 1.57222 5.88 4403
8.21805 1.72108 5.92 4621
6.44382 3.14860 2.32 80
-7.50292 3.41602 5.50 2878
-13.70345 4.44835 5.74 3753
-0.55367 5.46354 5.84 4256
8.64166 5.76279 3.96 499
8.82195 5.47868 4.32 731
4.30439 6.59034 5.03 1690
5.67177 5.43123 5.85 4301
8.25345 6.97675 2.62 105
10.42952 7.36528 4.01 522
-9.01984 6.96584 4.54 941
0.63023 7.30677 4.74 1180
8.25529 6.98171 4.92 1464
-0.35448 7.82839 5.38 2511
-2.39275 7.30614 5.52 2951
4.87462 7.66326 5.94 4753
4.58479 11.36467 4.15 610
-11.16216 11.83582 5.20 2057
6.75905 11.59298 5.47 2770
-2.34397 11.22189 5.50 2864
-3.89377 11.39415 5.64 3352
-3.09423 11.55456 5.82 4149
1.36075 12.88328 5.41 2603
