-3.63212 -13.24422 4.70 1127
-2.44525 -13.65498 5.50 2856
-2.13323 -13.63570 5.76 3871
-3.43618 -13.26426 5.96 4823
11.29288 -10.20264 5.51 2903
6.55062 -10.86650 5.53 2968
-5.67661 -9.69779 5.73 3710
-1.67632 -8.21841 5.14 1911
2.27504 -7.04277 5.71 3641
-2.89866 -7.97411 5.72 3707
-14.01791 -6.76610 3.34 242
0.77052 -5.55931 4.72 1153
3.71837 -6.56802 5.83 4194
-1.62686 -4.44972 3.85 438
-5.54891 -5.42669 4.68 1095
1.19514 -4.49134 4.90 1426
-12.63700 -4.50526 5.24 2148
-11.57758 -4.68111 5.85 4286
-12.63642 -4.50486 5.94 4741
11.16910 -4.13908 5.34 2402
0.00283 -3.82438 5.84 4247
7.40732 -1.04694 4.02 529
5.82186 -1.18082 4.83 1335
13.96417 -0.68634 5.01 1632
2.55027 -0.96960 5.20 2040
3.29978 -1.25724 5.99 5013
8.99233 0.11703 3.44 269
2.44874 0.34222 4.22 636
8.55858 1.29372 5.42 2610
-14.93108 1.15679 5.47 2760
-11.59650 0.26960 5.77 3917
-13.92075 0.14122 5.87 4354
-13.63816 1.71794 4.62 1028
7.85422 1.75668 5.42 2626
-7.93396 2.70896 6.00 5070
-6.40867 2.86529 3.26 225
-3.53701 4.12937 5.39 2535
-2.76333 5.48140 5.94 4738
14.07889 5.61527 5.49 2847
-0.82442 6.43755 5.75 3800
14.71887 6.51004 5.83 4205
2.22247 5.53868 5.90 4529
-4.40179 7.13547 5.21 2074
-15.21587 7.80735 5.82 4163
-14.92903 6.95761 5.97 4903
-13.29391 8.69486 4.45 852
13.39380 8.38607 5.10 1829
8.13975 9.39540 5.83 4186
-13.72142 10.99242 3.97 507
-12.00866 10.36856 4.03 541
1.66592 9.71773 5.02 1651
11.71092 10.07688 5.15 1932
5.97169 10.38866 5.57 3128
-6.62433 11.57057 4.86 1377
-10.18638 11.51813 5.51 2905
-10.45414 11.23186 5.69 3557
-10.58684 12.46712 5.73 3721
5.61961 12.72759 4.62 1018
-13.88841 13.03800 4.64 1053
5.62770 12.72528 4.98 1577
12.75198 13.68845 5.59 3204
