12.34564 -8.56409 4.84 1343
1.66532 -12.69852 5.54 3005
-4.61916 -10.46059 4.55 957
-5.59689 -8.67287 5.73 3747
-9.37953 -4.61424 5.05 1722
0.30047 -7.57977 5.42 2608
-4.51939 -6.74062 5.45 2693
-10.79466 -0.04197 5.10 1809
-10.10667 -0.71470 5.43 2642
4.87948 -3.99809 4.29 712
-8.53269 -1.72675 5.07 1764
10.14294 1.62045 6.00 5051
-1.30576 -3.46534 4.96 1540
6.24417 -1.22531 5.26 2199
8.63826 4.09812 5.28 2249
-7.25025 1.27971 5.46 2750
-6.78087 1.72500 5.57 3122
8.62985 4.09595 5.85 4302
4.78409 0.58833 5.50 2868
-6.43250 4.11235 5.61 3273
-4.34960 11.58620 5.90 4533
-2.95601 11.38264 5.27 2215
-5.03067 8.01294 4.25 658
2.83561 10.64910 4.36 764
2.53732 10.20780 5.79 4049
-3.90492 4.36655 5.86 4323
-2.91628 9.17188 5.58 3165
-0.34671 2.78205 5.07 1759
-1.00165 6.72389 2.02 52
