-10.44155 -11.70889 0.08 6
-0.01567 -12.51538 4.26 675
14.17044 -12.41419 4.90 1424
-11.64605 -10.15168 5.68 3516
13.53394 -10.19623 5.86 4314
13.56331 -10.81287 5.87 4378
7.13615 -11.12176 5.90 4541
0.22589 -9.76965 5.73 3748
10.82393 -7.68337 5.22 2095
0.38840 -8.30153 5.96 4851
5.58888 -7.61637 4.91 1443
-3.12694 -7.03016 5.47 2758
-0.14088 -6.96849 5.89 4444
-11.36676 -3.62162 5.00 1612
-13.21673 -1.43975 5.75 3811
-12.69999 -0.29850 4.47 865
4.43958 -1.95045 5.36 2469
-0.09460 -0.97947 3.72 367
-4.66294 -0.58818 5.73 3738
-0.99408 0.97736 4.99 1580
-12.66721 1.83980 5.52 2922
-13.50432 4.19664 5.30 2315
5.02308 2.00121 5.64 3377
7.04715 3.03044 5.85 4259
-2.57583 1.59080 5.94 4748
-6.71691 3.93980 5.28 2244
8.69315 3.72121 5.35 2445
10.27535 5.79384 4.35 756
-9.51692 6.41362 5.08 1773
4.81534 4.92573 5.21 2076
1.76796 5.43123 5.36 2456
5.56672 4.65408 5.88 4434
3.46694 5.62899 4.48 879
8.06483 6.79958 4.87 1388
13.14810 8.26696 5.20 2053
-0.86820 6.71858 5.20 2065
9.25533 7.03417 5.33 2388
2.69345 6.94333 5.35 2421
3.85802 6.15927 5.94 4759
-9.58415 8.51405 4.03 540
2.94326 9.06239 4.98 1564
6.19529 9.36469 5.94 4723
-6.28092 11.03135 5.61 3264
-4.66897 11.39471 5.42 2627
-10.45252 13.14511 5.44 2681
-12.52285 14.90234 5.94 4745
