15.28440 -12.16649 5.17 1998
-15.17486 -12.11754 5.17 1999
4.94012 -10.97163 4.79 1250
-14.41085 -10.78706 5.23 2117
-14.05226 -10.33445 5.56 3092
-9.41815 -8.52985 5.06 1736
1.55226 -8.47262 5.25 2188
7.43955 -9.01789 5.28 2245
-7.46489 -8.15572 5.38 2504
7.79913 -7.23736 5.38 2507
1.69926 -7.27401 5.55 3048
14.40462 -7.00194 5.86 4318
-1.07390 -6.31039 4.28 695
-1.10279 -6.05392 5.71 3660
2.97241 -6.54994 5.91 4567
8.29926 -2.95557 5.36 2451
-7.07508 -2.21357 4.83 1319
-0.05073 -2.66182 5.57 3094
-6.46874 -1.79689 5.69 3542
-12.99853 -1.17016 2.53 94
-12.95993 -0.80540 5.61 3261
7.91208 1.39644 3.91 471
8.12084 0.63635 5.33 2387
10.74541 0.78711 5.72 3689
1.93214 1.44054 5.35 2434
-9.42008 2.34076 5.56 3093
4.08774 2.11432 5.67 3479
13.99727 1.68181 5.77 3937
2.09497 2.47324 5.91 4589
-3.14834 1.63475 5.94 4740
11.47575 3.83530 5.29 2284
12.14233 5.48430 4.29 706
-13.79633 5.54786 4.70 1125
8.15495 4.44366 5.46 2741
-15.02999 4.84641 5.97 4898
-5.15480 5.55309 3.60 321
-4.34834 6.51643 3.74 376
11.58253 5.98802 4.84 1340
15.03788 6.35896 5.12 1873
7.38887 6.92250 5.67 3492
-2.50769 6.00743 5.77 3901
11.79903 7.03543 5.22 2099
-13.39872 8.28505 5.95 4804
2.79562 8.45478 5.07 1760
-3.24124 8.72592 5.14 1918
-9.95767 9.58881 5.98 4929
6.99009 10.38475 3.47 278
-3.07621 10.95226 4.11 580
-11.39583 11.48131 5.62 3297
9.82246 11.72952 5.95 4780
13.57247 12.76769 5.59 3208
14.29892 12.85934 5.72 3682
