6.27541 -13.66648 3.24 221
-9.80630 -16.10993 5.07 1766
11.73595 -17.24081 5.47 2754
-1.66908 -11.99072 5.01 1650
2.38190 -9.60900 5.53 2982
13.44561 -11.66621 5.54 3017
-12.36410 -8.92119 5.45 2685
5.50489 -6.46518 5.96 4856
-2.27721 -5.10268 4.09 576
-0.05206 -4.47860 4.11 577
-10.28802 -7.10375 4.86 1374
-5.85398 -4.16223 4.69 1105
0.72338 -3.59382 4.84 1344
-3.32597 -4.06801 5.55 3044
-3.18014 -3.92156 5.69 3537
6.91985 -2.74769 5.83 4212
9.29902 -0.92196 3.85 437
2.81266 1.16793 4.99 1598
-11.00418 -0.77265 5.93 4674
0.82799 1.76558 5.74 3779
12.83886 1.86581 4.51 911
7.67061 2.08638 4.72 1147
6.03375 2.96918 5.24 2140
1.41285 2.98022 5.26 2204
5.94963 2.88582 5.54 3013
-6.71763 4.16923 2.86 144
12.82909 2.97772 4.56 965
13.38167 3.27334 4.97 1553
-2.56849 6.36034 5.35 2429
-9.70985 4.69143 5.71 3639
4.08861 7.04348 5.11 1849
-11.60159 9.35029 0.46 9
6.06527 10.21152 5.74 3767
-11.56521 10.86901 5.76 3853
-11.56536 10.86412 5.87 4346
-3.89965 12.36093 5.81 4111
