8.32828 -13.42509 2.49 92
4.31966 -11.21283 5.64 3353
-9.41355 -12.20802 5.95 4794
10.15501 -9.99022 5.71 3640
-10.60229 -7.33621 5.75 3806
-0.36411 -7.52383 5.82 4167
5.61423 -5.72848 5.49 2834
-10.29870 -4.25205 5.78 3952
8.82700 -5.11040 5.99 5008
2.05068 -1.95302 3.95 488
12.83808 -1.26579 4.60 1003
3.11525 -0.51717 3.48 284
-8.68111 0.15443 5.92 4630
-10.25826 0.78903 3.76 385
8.40896 0.85549 4.76 1205
-14.60137 1.92285 5.08 1778
14.92922 0.89171 5.98 4945
-10.71238 2.65892 5.78 3981
-3.31376 2.45035 5.79 4004
7.20960 4.40204 2.42 85
-5.64683 4.67541 4.81 1271
-14.42647 5.92640 5.53 2973
-10.38910 5.81620 5.70 3612
-7.96169 5.16762 5.89 4475
0.52592 5.91076 4.79 1252
0.89169 7.17291 2.94 161
12.19499 7.99121 5.59 3201
12.37225 9.97546 5.32 2352
-3.58462 9.46257 5.98 4974
13.18456 10.86822 5.57 3108
-2.90283 10.46477 5.65 3411
-8.72061 11.59212 4.29 707
-8.94364 11.59984 5.58 3149
-7.79766 13.54403 5.33 2379
