-2.33931 -12.81318 5.64 3349
-2.34029 -12.81631 5.81 4137
-9.58425 -11.45068 5.44 2679
4.77267 -11.77232 5.93 4687
-10.69558 -10.41675 4.94 1492
-10.49993 -10.39502 5.71 3628
2.69516 -9.30929 5.11 1838
4.56422 -7.91444 5.30 2303
8.90118 -6.72232 4.02 532
13.64687 -7.19030 5.68 3527
-3.23883 -6.15481 5.76 3881
9.81240 -5.20692 5.46 2728
9.57413 -3.83252 3.00 171
-8.99046 -4.08898 4.48 874
12.97434 -3.47140 5.21 2081
12.85304 -3.40726 5.97 4920
11.26869 -1.46282 5.83 4222
6.73845 0.36391 5.26 2212
-13.19413 1.96552 4.08 570
1.54861 2.25390 4.73 1158
-5.40089 1.60776 5.09 1794
11.78015 3.08991 2.59 99
-4.94123 3.12381 4.08 567
5.25261 3.85062 5.18 2020
-13.44596 4.66373 5.89 4478
-6.88303 7.09044 3.56 307
-13.40700 7.84557 5.88 4416
13.83667 8.55605 5.14 1910
-0.44699 9.35280 5.48 2790
-4.33699 10.50296 5.94 4761
-12.57826 11.80060 5.50 2877
-5.24803 12.59059 4.83 1329
7.09893 13.14647 5.55 3029
