-14.69384 -12.51915 3.85 439
1.79470 -12.77887 5.56 3061
-10.60650 -10.74227 5.00 1607
-12.83187 -9.55083 5.12 1865
12.65383 -10.26650 6.00 5064
13.32932 -9.18712 5.00 1611
5.03088 -8.97817 5.35 2446
-8.01759 -8.37271 5.69 3566
-5.88724 -7.95800 3.75 379
-3.03829 -6.18167 5.25 2189
4.78699 -5.48752 5.41 2583
-3.12272 -4.78849 2.77 128
-11.98963 -2.62463 4.83 1327
8.38251 -3.81507 5.56 3077
6.64533 -3.12709 5.65 3405
-2.78640 -3.82363 5.76 3876
-8.94337 -1.84077 5.70 3597
11.25583 -1.36819 5.96 4839
10.94620 0.13188 3.14 203
3.65980 -0.43138 5.04 1694
12.84354 -0.20891 5.12 1860
-12.56556 1.74693 2.00 49
12.50017 1.20948 5.38 2522
6.91008 0.83728 5.75 3798
-13.06453 3.12069 4.15 609
0.49226 2.62679 5.92 4638
11.74390 5.72461 5.65 3415
-11.56427 7.14604 4.99 1585
3.17639 6.63449 5.72 3677
-6.98726 5.86656 5.78 3995
6.00121 8.28193 3.92 477
-5.29482 8.20370 4.85 1359
0.37767 9.08294 2.81 134
3.80593 9.27624 5.32 2363
11.92686 10.85889 5.39 2545
10.87491 11.65607 4.82 1292
-5.08554 12.25533 5.20 2042
6.24487 11.98633 5.25 2164
-5.05232 12.11954 5.39 2539
-11.33491 11.98695 5.41 2581
-7.30422 12.45619 5.64 3374
13.47408 14.20223 5.94 4727
1.10935 12.48674 5.99 5022
