14.32631 -12.24843 4.05 552
7.16714 -12.24963 4.99 1602
-1.78497 -11.08915 5.08 1792
5.52800 -12.14581 5.81 4141
8.60331 -10.49730 4.63 1037
-13.71732 -9.40401 4.70 1126
-5.02529 -8.51981 5.61 3279
-1.69046 -8.72822 5.67 3466
11.70148 -9.42657 5.79 4014
-14.98694 -8.11606 5.85 4293
-2.44128 -7.81590 3.85 434
-10.92882 -6.73423 4.37 780
15.00050 -5.87045 3.94 486
3.12647 -6.10096 5.34 2407
-10.66971 -4.00381 1.35 22
-14.12360 -3.22304 5.26 2202
12.04345 -2.10091 5.32 2355
-7.78230 -1.64762 5.41 2589
-2.59174 -1.17079 5.46 2720
2.13203 -1.09549 5.48 2815
11.37579 0.81459 3.34 245
-10.77807 2.63670 3.52 292
2.08096 5.34646 5.49 2844
-6.48701 6.74255 2.61 102
-6.48541 6.74097 3.80 404
-6.57578 6.23201 4.79 1238
11.05729 7.87782 2.56 97
7.22455 7.23443 4.42 819
-11.98474 9.92994 5.66 3432
-7.42417 11.76187 3.44 271
11.27252 11.50401 4.63 1042
1.08634 11.29317 5.08 1771
-7.25820 11.31801 5.82 4170
-7.46956 11.88451 5.97 4901
4.93171 13.55289 4.50 893
9.13538 13.59608 5.68 3497
