2.25029 -13.74162 5.43 2643
11.20039 -12.95343 5.59 3176
6.57492 -11.83458 5.90 4506
-12.93514 -11.59754 4.37 785
-2.32437 -7.07223 5.25 2183
2.27984 -4.14334 4.81 1270
-3.41621 -4.88855 5.68 3500
-11.49465 -3.36586 5.31 2320
12.47258 -2.73197 5.50 2849
-1.12537 -1.98602 5.67 3471
-6.13019 0.56998 5.62 3285
11.58967 0.40013 4.31 721
-5.25963 0.28249 5.01 1640
4.07845 0.54474 5.55 3047
-9.42364 2.25945 4.57 975
0.45528 1.39390 5.18 2005
-2.55451 2.99259 5.41 2596
-3.22307 2.72147 5.42 2629
-1.94263 5.44453 5.94 4711
2.24508 6.09453 5.98 4939
10.32387 7.93683 5.46 2744
5.42146 7.09934 5.57 3119
9.21509 7.81579 5.90 4505
3.27190 8.51035 5.19 2028
7.95177 10.85575 5.24 2149
8.38136 10.11364 5.50 2860
-3.90067 10.27691 5.94 4710
9.03705 11.20775 5.57 3121
0.57844 13.75227 5.12 1882
