-2.80344 -13.09511 4.41 817
-5.44165 -12.57432 5.79 4028
-0.07289 -13.42146 5.95 4783
-5.50995 -11.30325 5.68 3506
11.35028 -8.60089 5.22 2094
-0.04830 -10.14485 3.21 216
-10.52472 -7.63750 5.95 4769
10.35410 -7.29481 5.38 2525
-4.61074 -7.78853 5.50 2861
-4.82942 -7.77461 5.83 4206
-10.19093 -5.93755 5.91 4546
11.40377 -2.23066 5.49 2831
5.54181 -6.19707 5.64 3363
-8.86265 -2.63905 5.39 2551
-7.22346 -3.97003 5.97 4886
-8.74228 -1.05418 5.46 2731
-9.03827 -1.40996 5.96 4833
8.57735 -1.17923 5.78 3960
9.35070 -0.22724 5.95 4809
-7.15958 -0.48666 5.75 3808
-2.12611 -2.28586 4.74 1169
8.74318 4.09719 5.46 2750
8.10577 4.22908 5.57 3122
2.76237 -1.31789 5.62 3284
-1.52777 -0.74375 4.71 1130
5.92898 3.15746 5.61 3273
-1.34201 0.65506 5.90 4533
-4.69609 7.02455 4.36 764
-1.97077 1.89458 5.27 2215
-4.16906 7.03245 5.79 4049
1.93546 2.10027 4.25 658
4.28148 5.08469 5.86 4323
-0.20891 3.16748 5.58 3165
3.55432 8.93485 5.07 1759
0.68869 6.12178 2.02 52
