8.80992 -13.15738 5.58 3169
8.37926 -11.77990 2.65 108
9.09725 -10.46638 4.43 833
-13.20691 -9.25065 4.86 1371
5.00345 -6.09362 3.80 405
5.00342 -6.09131 3.80 407
5.59064 -6.81545 5.26 2214
-12.96600 -4.35845 5.56 3085
7.29820 -2.87173 5.33 2380
-13.03753 -1.47874 4.43 831
-13.03753 -1.47874 4.83 1326
-13.20046 -1.74216 5.91 4566
9.42854 -1.52054 6.00 5035
12.44856 -0.54953 5.54 3008
9.10004 -1.07933 5.71 3629
-7.90962 -0.65566 5.77 3934
8.67678 0.70979 3.67 350
12.10869 1.16665 3.85 439
1.91116 0.59261 5.17 2000
10.19878 0.36154 5.20 2067
-11.27720 0.39880 5.63 3314
-11.46635 2.94547 4.60 1005
-13.01441 2.25869 4.94 1498
-7.51431 2.00713 5.71 3652
-13.01276 2.25784 5.88 4435
5.43222 1.58667 5.93 4688
13.58633 4.23800 5.12 1865
9.40739 4.49065 4.09 573
7.14737 4.85768 5.81 4120
-2.57383 5.46771 5.89 4481
-13.73192 4.91628 5.91 4553
6.98864 6.52067 4.52 924
-9.32187 5.81676 4.55 960
10.10264 8.46415 4.76 1206
11.22280 7.58916 5.44 2664
-0.51259 7.65607 5.70 3609
13.60378 11.24635 4.83 1327
-9.46489 12.55555 5.85 4289
-4.00677 13.69736 4.93 1476
