2.33506 -13.48106 4.99 1601
12.65874 -14.66261 5.00 1614
-5.65672 -12.77849 5.09 1801
14.11775 -14.03471 5.12 1879
-2.58969 -12.64070 5.21 2078
2.27090 -12.68424 5.79 4026
13.56974 -13.76755 5.85 4258
12.13416 -12.51777 2.21 66
-12.86816 -12.43996 3.25 224
13.81843 -12.48515 5.25 2194
-5.79160 -11.92906 5.35 2419
13.25662 -12.94920 5.57 3129
6.20879 -10.76349 4.07 561
4.46557 -11.13013 4.14 605
-2.16718 -11.03688 4.75 1186
1.50034 -9.85987 5.47 2774
1.25645 -10.71436 5.98 4964
7.78899 -10.10767 6.00 5049
10.42563 -9.20458 4.45 846
-4.46740 -8.78766 5.52 2945
10.66649 -10.09381 5.55 3059
-4.32442 -6.96893 2.25 71
-7.27439 -7.94818 3.73 375
-1.55980 -7.35807 4.44 843
-9.47368 -8.65023 5.17 1992
5.33739 -7.38272 5.20 2048
7.79271 -7.63499 5.48 2795
-2.28682 -6.36598 4.45 850
-5.46013 -6.05101 5.24 2158
13.84481 -6.83767 6.00 5056
-7.32453 -5.57328 4.49 885
-10.96286 -5.13910 4.84 1341
-8.77230 -5.20376 5.08 1785
-10.43945 -5.39699 5.42 2615
-13.71329 -6.18873 5.43 2655
-10.91197 -4.89789 5.73 3749
-10.87670 -5.06339 5.76 3855
8.80672 -5.50276 5.82 4159
3.64645 -5.34679 5.96 4870
-9.42383 -4.50973 3.61 328
6.80274 -3.16497 5.76 3870
-9.17710 -4.43879 5.88 4398
-9.61415 -4.49219 5.88 4414
-5.01469 -3.25075 5.95 4793
-10.92539 -4.11865 6.00 5075
-0.39701 -2.27380 4.45 855
-1.66295 -1.82429 5.08 1770
0.37172 -2.03388 5.20 2068
-7.44621 -2.12792 5.43 2653
-12.81536 -2.60039 5.54 3006
-10.23094 -1.92291 5.60 3240
-9.96030 -1.91500 5.80 4073
-11.42161 -2.66385 5.80 4089
5.62366 -0.56488 3.97 503
-1.80487 -1.24719 4.78 1224
-7.17728 -1.43892 5.49 2835
-0.47690 -0.61956 5.58 3136
2.23753 -0.17839 5.75 3841
-1.61136 -0.68358 5.78 3950
-8.62518 -0.66767 5.93 4681
-12.03041 -0.60016 4.53 935
-7.82629 0.13360 5.01 1631
-9.78720 0.71888 5.37 2490
6.77525 2.29322 3.68 352
0.39716 2.66459 4.83 1332
-8.73344 2.02524 5.60 3234
8.62658 2.73588 5.21 2077
-4.54045 3.10135 5.31 2336
3.04124 3.85596 5.65 3422
-4.90027 3.37788 5.82 4151
-6.63225 6.23886 4.79 1241
5.90370 7.34451 4.89 1412
9.02478 7.31323 5.87 4358
-10.95498 7.88720 3.96 497
-11.10674 8.63868 4.59 997
-13.63302 8.48370 4.64 1054
9.36214 9.74427 4.01 519
10.91051 9.67924 4.89 1411
-14.10033 10.36728 5.77 3938
-12.79662 10.77879 4.50 902
-12.79372 10.77628 4.62 1021
5.55805 11.97211 5.27 2231
-11.60535 11.51066 5.64 3367
0.87873 11.93628 5.90 4514
4.78120 11.17162 5.96 4871
-9.98914 12.20645 4.50 894
-13.17543 12.79795 4.70 1128
