1.86647 -13.23860 4.83 1314
0.56896 -13.08693 4.88 1397
-2.46233 -10.64739 4.25 668
-8.61543 -10.48395 4.94 1489
2.38188 -10.97797 5.27 2219
13.89136 -9.15540 5.30 2318
-8.23645 -9.34404 5.67 3494
6.77141 -9.45332 5.82 4171
4.09727 -8.63991 3.57 315
-8.09634 -8.76929 4.54 945
3.73880 -8.52898 5.92 4639
-9.15654 -7.13245 5.43 2660
8.67461 -7.40730 5.69 3539
5.14699 -5.70880 4.07 565
-8.28756 -5.62552 4.80 1266
-6.73739 -5.17277 4.89 1422
13.43916 -5.26997 5.59 3180
6.97978 -5.39061 5.79 4038
11.56850 -4.33617 5.31 2341
6.54398 -3.85454 5.90 4515
-11.76574 -2.94955 5.57 3107
-10.00091 -2.11623 5.60 3224
-3.32930 -3.33050 5.99 5016
-8.68211 -0.85014 3.66 346
-11.30749 -1.58754 5.74 3761
-9.58246 0.16982 4.73 1161
8.41247 -0.06805 5.04 1704
-8.79159 -0.45435 5.08 1772
-2.30724 -0.06085 5.17 1987
-9.21827 0.62934 5.93 4678
-1.74044 0.23275 4.33 738
11.98098 2.51530 5.17 1978
-6.77821 0.72600 5.42 2625
6.25784 0.56095 5.52 2954
-7.45554 2.64295 2.23 67
-5.63995 4.18173 3.44 272
3.29469 4.19169 5.56 3078
10.55500 5.11313 5.75 3797
10.67903 4.59711 5.98 4975
-4.42087 5.65631 4.83 1325
0.01475 4.43010 4.98 1576
8.73478 5.48847 5.67 3474
2.41803 4.62217 5.70 3596
-2.06426 4.51790 5.79 4037
-13.21341 6.54193 5.96 4875
-12.44206 7.36056 2.27 75
-4.10319 5.91578 4.63 1033
2.44638 5.86980 4.71 1144
-8.53073 7.63947 5.94 4728
-3.91868 8.02910 2.47 91
0.99270 7.20012 2.68 110
-3.94642 7.53987 5.55 3053
3.94395 7.80125 5.78 3990
-7.40563 7.93036 5.79 4043
-4.47630 8.65033 4.82 1286
-8.97010 10.36292 5.40 2563
-12.95137 10.52748 5.55 3019
-10.33217 10.25114 5.74 3754
-12.34451 10.47804 5.80 4065
-2.57027 9.12861 5.84 4233
-2.72770 8.43618 5.92 4611
-14.58809 12.55390 5.43 2658
-7.38170 11.61433 4.16 613
-12.11760 11.83826 5.88 4410
5.27852 12.32380 3.38 256
4.23413 12.45262 5.63 3346
5.89087 13.76859 5.26 2208
-4.40865 13.03179 5.39 2550
-1.29388 12.73373 5.55 3031
6.44080 13.52885 5.58 3141
-11.05758 14.33469 5.59 3194
6.31114 14.23973 6.00 5034
