-12.55604 -14.08990 5.57 3109
-12.75495 -10.99671 4.96 1543
-3.87183 -10.51188 5.99 5018
-3.18832 -7.88377 2.43 86
5.84114 -7.47454 3.54 299
12.11856 -8.25051 5.89 4480
5.84348 -7.71369 5.94 4764
9.21565 -6.62797 5.94 4762
-1.54963 -6.29452 5.99 5023
7.17572 -4.01553 4.26 669
0.27683 -3.90188 4.33 741
4.96825 -1.73220 5.55 3041
-14.58075 -1.02743 2.56 96
-10.20216 -1.19819 4.65 1061
-3.43549 -0.73063 5.56 3070
6.11671 -1.31466 5.75 3802
13.28986 0.11746 3.34 242
6.06299 2.54352 4.62 1027
14.77410 2.29408 5.24 2148
14.77470 2.29445 5.94 4741
-8.70139 5.22286 5.25 2170
2.27036 6.74186 4.54 947
4.61579 5.82421 5.62 3299
-6.51400 7.91862 4.82 1293
12.73962 8.05970 5.47 2760
13.70202 7.01070 5.87 4354
14.05891 8.59492 4.62 1028
-15.24598 10.51415 5.75 3851
3.60487 12.33759 5.31 2332
-1.17635 13.20668 4.73 1164
-5.02015 12.57608 5.64 3379
