7.56871 -12.41362 2.83 139
0.64440 -13.50177 4.88 1403
10.04694 -13.68997 5.78 3977
-9.11797 -13.36903 5.85 4296
11.80216 -11.78468 5.67 3480
11.10354 -11.48744 5.77 3924
12.56747 -8.45240 5.33 2394
-7.99594 -6.89574 5.10 1827
2.97282 -8.06275 5.70 3580
2.18475 -4.68325 5.12 1883
9.82485 -4.13417 5.91 4592
-6.30302 -2.94289 4.74 1179
6.19982 -3.47319 4.78 1232
9.84632 -3.19076 5.22 2093
9.84632 -3.19076 5.22 2103
-0.99229 -3.98718 5.68 3503
6.94844 -3.84833 5.96 4826
-1.58304 -2.21788 5.02 1656
-8.96309 0.93345 5.57 3099
-3.29007 1.25355 5.69 3531
4.24759 1.74982 4.90 1423
-0.28064 1.45533 5.46 2730
-1.54655 2.58340 5.85 4300
-11.46116 2.32615 5.87 4365
8.44611 1.75503 5.99 5010
-1.62875 3.60992 4.81 1276
8.37398 3.77066 5.60 3221
-7.44077 5.56755 4.95 1517
-2.80913 6.29055 5.46 2733
-3.30757 5.66751 5.48 2820
-5.42658 8.12429 4.81 1279
-3.43473 8.16225 5.29 2270
-8.75007 8.30290 5.66 3457
-4.00679 9.44300 5.00 1610
-4.85757 8.45663 5.18 2021
-6.07256 9.22274 5.54 2996
9.78511 11.17831 4.26 673
8.34704 10.73506 4.80 1263
3.58440 10.42864 4.94 1493
-4.17525 10.06411 4.95 1526
2.84555 10.42913 5.78 3987
-3.98296 11.45612 4.36 759
-6.83787 12.50321 5.70 3573
