12.39382 -12.06477 2.00 49
-5.64363 -13.72863 4.81 1272
-3.59177 -13.64280 5.81 4119
4.54288 -11.35933 2.23 69
7.07602 -11.85481 3.84 428
11.65797 -10.75999 4.15 609
-4.79874 -11.02559 4.54 952
9.24449 -12.06506 4.63 1032
-11.38637 -11.27587 4.81 1268
-3.60446 -11.96360 5.67 3476
-10.82710 -10.54248 2.70 119
-10.82699 -10.54132 5.12 1875
-9.11074 -8.49071 5.80 4077
8.71297 -9.15750 5.85 4263
2.35455 -8.08032 3.68 355
-13.62947 -6.54276 4.46 861
12.43276 -6.50653 4.99 1585
-1.65696 -8.00949 5.26 2213
0.04235 -7.39439 5.51 2890
0.95070 -6.46407 5.58 3139
3.78978 -4.93666 4.14 603
-1.71929 -4.39132 5.99 4981
0.52041 -2.82941 5.37 2486
6.94513 -3.20818 5.56 3062
-1.28710 -2.30153 3.47 281
11.81583 -1.74092 5.41 2581
1.77846 -0.89578 5.46 2725
8.71495 1.24712 4.82 1295
-4.73126 0.38247 5.51 2917
13.58420 2.90867 4.76 1199
5.33184 2.37534 5.07 1761
10.75707 2.79901 5.62 3300
14.39359 2.92205 5.63 3334
11.97650 2.91270 5.83 4193
5.32950 2.37637 6.00 5027
1.22262 3.26448 4.31 720
9.71301 4.50704 5.45 2707
-8.06613 3.42793 5.48 2804
-12.98322 5.38134 3.03 181
4.06944 5.58568 5.11 1847
0.69439 6.28963 5.50 2865
-5.42460 6.00484 5.64 3380
-4.73257 7.52500 3.50 286
3.06653 8.15918 5.02 1652
2.84682 8.06004 5.02 1663
4.67534 7.47049 5.24 2154
-9.52300 7.99051 5.73 3716
8.34743 10.66788 4.62 1023
9.06200 10.90159 5.75 3818
13.30258 11.18047 5.87 4376
8.76647 11.67883 5.37 2478
-10.51920 12.59609 5.70 3581
12.06926 14.66717 4.26 674
-10.24783 13.64970 5.39 2556
