4.94817 -11.36305 5.91 4562
-13.16775 -11.30143 5.98 4956
2.26529 -10.62643 5.25 2177
8.78166 -10.33527 5.51 2914
1.75470 -8.47386 0.98 15
-8.70700 -9.24489 6.00 5074
-4.09517 -7.90732 5.19 2034
4.39237 -7.11412 5.21 2073
-3.46773 -7.33314 5.94 4755
-8.72153 -6.30973 4.79 1245
7.35073 -5.13058 5.01 1639
-3.88715 -5.48026 5.55 3024
-13.97998 -4.27940 4.66 1085
4.07643 -1.73159 4.69 1120
-3.42684 -0.74522 4.38 787
5.29837 -0.55932 5.73 3735
1.55271 -0.22582 5.75 3832
-14.89231 -1.28242 5.87 4387
1.13077 0.10277 5.89 4443
-6.96814 1.60657 5.79 4040
-6.64908 2.21805 5.99 4993
-13.27022 4.84012 3.65 342
-13.27022 4.84012 3.68 353
11.98951 4.77071 5.15 1948
-12.57226 4.66552 5.93 4677
2.12387 5.22102 5.97 4912
5.05173 6.04122 3.37 253
14.50649 9.03689 4.26 670
-14.50639 9.47486 5.71 3661
12.65876 8.33509 5.91 4571
0.58377 9.75502 5.69 3534
-8.46002 11.60947 3.38 255
4.88997 11.95819 4.94 1506
7.99558 11.80434 5.36 2461
