1.26810 -6.19300 5.47 2756
1.57608 -3.97405 5.28 2257
3.43890 -7.28916 5.49 2841
-5.14657 -9.94756 5.42 2631
-5.87067 -3.63208 5.46 2747
-4.41186 -3.11767 5.58 3131
5.50599 -6.17650 5.77 3911
-2.48743 0.31393 5.57 3105
-3.26282 -0.49557 5.91 4544
6.56441 -9.04756 5.77 3918
-5.37247 -0.02860 4.32 724
-4.59085 1.51638 5.65 3395
-4.56968 1.23073 5.65 3421
9.57693 -3.87492 5.29 2296
-7.24605 0.13805 5.95 4821
-8.00048 2.55792 4.91 1445
9.75804 0.10260 5.91 4550
-8.61631 3.66334 5.06 1743
9.96136 0.58276 5.77 3936
1.71002 5.56394 5.88 4421
5.08064 5.55155 5.95 4779
-8.19479 5.78578 3.83 423
-1.75656 8.28828 3.89 463
-2.66451 8.43987 4.68 1097
-2.66464 8.48010 5.27 2224
-1.26192 10.25917 4.24 657
-8.81004 8.48376 5.93 4657
-9.31860 8.99717 5.34 2414
-12.57172 6.35645 5.50 2848
-6.39166 11.23149 5.95 4792
7.34503 12.44342 5.47 2763
5.93232 11.66608 5.86 4313
