-9.84984 -12.33733 5.69 3531
-2.16456 -12.07155 4.90 1423
-6.76566 -12.22693 5.46 2730
-8.00170 -11.02894 5.85 4300
2.05328 -12.20130 5.99 5010
-8.03573 -9.97834 4.81 1276
2.03240 -10.15678 5.60 3221
13.19278 -9.87820 5.62 3310
-13.85305 -7.78208 4.95 1517
7.93002 -8.27117 5.78 3974
-9.10028 -7.22125 5.46 2733
-9.63714 -7.83158 5.48 2820
11.63169 -7.00475 5.74 3787
-11.65266 -5.28068 4.81 1279
-9.63707 -5.31969 5.29 2270
14.58962 -5.24735 5.95 4788
-10.14715 -4.02061 5.00 1610
-11.05845 -4.97032 5.18 2021
-12.24428 -4.15782 5.54 2996
3.59759 -2.86347 4.26 673
2.17968 -3.23870 4.80 1263
-2.52304 -3.34884 4.94 1493
-10.28404 -3.39716 4.95 1526
-3.25523 -3.31877 5.78 3987
-10.01811 -2.02907 4.36 759
-12.82670 -0.87844 5.70 3573
0.08090 1.07506 4.90 1430
-12.58758 4.85078 5.00 1627
-7.57648 4.69130 5.42 2614
14.81146 7.05151 4.74 1170
5.25416 5.74043 5.82 4154
14.59052 7.33464 5.87 4343
12.10811 7.50052 5.98 4933
1.60267 7.97994 5.25 2182
10.45040 9.16489 4.82 1305
9.60608 10.33252 4.98 1570
-2.69097 10.38848 5.89 4470
-1.07818 11.47757 2.90 157
12.82019 12.61697 5.50 2857
-1.08411 11.47258 5.60 3233
2.72440 11.76199 5.91 4578
12.63758 12.53797 5.94 4725
-9.23318 12.89231 5.02 1658
-4.03295 12.90338 5.95 4813
