-9.66986 -11.89877 4.26 675
4.32338 -13.58215 4.90 1424
10.11496 -12.85465 5.77 3907
13.58748 -10.94419 5.65 3402
4.01809 -11.32985 5.86 4314
3.96003 -11.93776 5.87 4378
-2.36172 -11.42857 5.90 4541
8.41219 -10.20357 5.58 3142
-9.03246 -9.19363 5.73 3748
1.73794 -8.51613 5.22 2095
14.11220 -8.02880 5.56 3084
11.24517 -8.47501 5.72 3674
13.15996 -7.29567 5.92 4606
-8.65854 -7.75289 5.96 4851
10.51011 -7.13596 4.64 1052
-3.38931 -7.76277 4.91 1443
8.61826 -7.04872 5.05 1721
11.12111 -6.38520 5.36 2450
-12.00947 -6.01141 5.47 2758
-8.99690 -6.35428 5.89 4444
7.14277 -4.48825 5.47 2773
9.51649 -3.52902 5.80 4095
7.90562 -3.41908 5.92 4631
-3.71825 -2.00110 5.36 2469
-8.08926 -0.39805 3.72 367
-12.62897 0.64825 5.73 3738
-8.70835 1.67921 4.99 1580
8.35763 1.02970 5.45 2694
10.93636 2.16014 5.92 4636
-2.57920 1.82350 5.64 3377
-0.44164 2.54643 5.85 4259
-10.20799 2.52152 5.94 4748
1.26766 2.98772 5.35 2445
3.10214 4.79213 4.35 756
11.21110 6.41598 4.99 1599
-2.36811 4.74320 5.21 2076
-5.31300 5.69731 5.36 2456
-1.66633 4.36397 5.88 4434
-3.60000 5.63898 4.48 879
1.08848 6.10736 4.87 1388
6.23207 6.78802 5.20 2053
-7.75656 7.37411 5.20 2065
2.28376 6.16046 5.33 2388
-4.17843 7.05615 5.35 2421
-3.13768 6.10494 5.94 4759
-3.62863 9.11538 4.98 1564
-0.38000 8.91488 5.94 4723
-12.58158 12.52224 5.61 3264
-10.89965 12.62760 5.42 2627
