4.13242 -12.89727 4.41 811
2.93944 -13.35364 4.63 1034
-8.14433 -13.74419 4.93 1478
12.29949 -14.90241 5.01 1648
14.36554 -15.14192 5.16 1964
3.07298 -11.23786 4.24 655
-5.84670 -11.65069 4.76 1207
9.78610 -12.40174 4.82 1306
-14.23749 -12.77959 4.93 1470
-10.02541 -12.76512 4.95 1528
-6.65926 -12.65601 5.14 1927
14.47786 -12.65311 5.51 2889
-0.38849 -11.86861 5.68 3522
6.67679 -12.30743 5.70 3610
-0.74541 -12.19276 5.72 3706
7.16937 -12.04234 5.82 4155
13.99780 -13.75008 5.90 4502
6.91935 -10.43300 1.78 33
6.90771 -10.44475 4.27 680
1.95917 -9.76811 4.71 1137
6.89299 -11.27506 5.23 2115
11.41514 -11.84751 5.33 2373
2.19605 -8.79596 4.11 578
-6.48960 -9.58480 4.49 891
7.92212 -10.05112 5.13 1884
-11.91395 -10.05490 5.14 1908
1.78179 -9.11148 5.23 2112
-5.61157 -9.53376 5.66 3429
-5.95791 -9.66612 5.72 3687
7.58633 -9.52776 5.76 3874
2.17312 -9.46816 5.84 4228
11.89042 -9.64949 5.99 5006
-6.49702 -7.38768 4.89 1420
6.46322 -7.50071 5.05 1726
0.71569 -7.10688 5.06 1747
4.30349 -7.78276 5.17 1993
8.26649 -8.46549 5.83 4185
4.61169 -7.29920 5.99 4982
12.13161 -7.41299 4.99 1601
4.26773 -5.74996 5.09 1801
-6.47588 -6.63132 5.10 1828
7.30604 -5.98520 5.21 2078
12.15808 -6.62116 5.79 4026
-2.68842 -4.56929 3.25 224
4.22335 -4.90705 5.35 2419
-8.97746 -5.43626 5.54 3011
-5.42031 -5.64879 5.85 4271
7.89903 -4.46477 4.75 1186
-9.13218 -3.68616 5.20 2051
11.70387 -3.73927 5.47 2774
11.36086 -4.55530 5.98 4964
5.85790 -1.98632 5.52 2945
-6.44107 -2.18611 5.94 4724
6.19324 -0.20959 2.25 71
3.17796 -0.84367 3.73 375
8.90839 -0.90586 4.44 843
0.95666 -1.28403 5.17 1992
-7.23408 -0.96784 5.31 2338
-8.53208 -1.62484 5.79 4015
8.28967 0.16006 4.45 850
-8.22940 0.11386 4.83 1315
5.16433 0.82337 5.24 2158
-5.69421 0.91299 5.25 2191
3.37276 1.49871 4.49 885
-0.14602 2.31711 4.84 1341
1.98774 2.01929 5.08 1785
0.33843 2.00791 5.42 2615
-2.91049 1.58334 5.43 2655
-0.07274 2.54869 5.73 3749
-0.05468 2.38231 5.76 3855
-6.31552 2.10198 5.80 4099
-6.25791 3.78942 2.70 117
1.41925 2.77290 3.61 328
1.66814 2.81671 5.88 4398
1.23468 2.81038 5.88 4414
5.90381 3.55355 5.95 4793
-0.00905 3.31665 6.00 5075
10.64895 4.04273 4.45 855
-5.96906 4.30766 4.66 1075
-6.39057 4.47819 5.03 1689
9.41963 4.62768 5.08 1770
-5.87732 4.30095 5.11 1839
11.45614 4.20286 5.20 2068
3.60885 4.92483 5.43 2653
-1.69964 5.00753 5.54 3006
0.88785 5.41362 5.60 3240
1.15403 5.39389 5.80 4073
-0.34971 4.80245 5.80 4089
-7.61272 4.46424 5.96 4860
-13.45129 4.32707 5.96 4864
9.34089 5.22250 4.78 1224
3.94675 5.58327 5.49 2835
10.75593 5.71752 5.58 3136
13.57595 5.88369 5.75 3841
9.59949 5.76980 5.78 3950
2.59443 6.49842 5.93 4681
-0.74117 6.90523 4.53 935
-14.04752 6.88109 4.99 1581
3.46720 7.21817 5.01 1631
-11.90834 7.48118 5.06 1738
1.58977 7.99602 5.37 2490
-3.78881 7.98953 5.90 4526
12.02380 8.95991 4.83 1332
2.76408 9.20039 5.60 3234
7.06396 9.88198 5.31 2336
-4.81913 10.65142 5.39 2538
6.73216 10.19616 5.82 4151
-4.49152 11.21412 5.35 2438
-4.99062 11.03429 5.43 2647
-3.22550 11.74643 5.77 3902
-2.76275 12.45070 4.65 1063
5.30104 13.25775 4.79 1241
-7.36838 12.66233 5.36 2464
