-9.00794 -13.43555 2.83 138
2.19177 -13.15563 5.38 2512
-1.07655 -13.50573 5.89 4468
2.97089 -11.09272 5.07 1758
11.42825 -11.99962 5.98 4932
-3.92672 -9.75065 5.06 1732
-10.18885 -9.12227 5.53 2959
9.69872 -7.12219 5.55 3021
4.74570 -7.93591 5.74 3785
-8.21423 -6.42136 4.80 1262
-2.38746 -6.44482 5.38 2509
9.00907 -5.65016 5.55 3038
14.09965 -5.74792 5.97 4881
10.12362 -5.18834 4.66 1083
8.22372 -4.66631 5.34 2404
-0.02341 -4.88359 5.36 2452
8.22854 -4.67725 5.56 3083
-0.20358 -5.14167 5.87 4379
5.41513 -2.08675 4.42 823
4.70056 -1.81715 5.47 2769
2.29103 -0.98844 4.06 554
10.56290 -0.24607 4.65 1055
-13.20074 0.71194 4.66 1078
9.41340 0.89497 5.80 4072
12.10464 3.58114 4.76 1204
-11.61373 3.28989 5.75 3845
12.46374 5.66636 5.23 2131
5.36160 5.57717 5.42 2617
-9.52289 5.93172 2.06 55
-0.43258 5.91618 4.37 778
-2.94741 6.55346 5.23 2129
-0.19843 8.05399 3.27 230
9.45621 7.31746 4.51 914
-5.79400 8.28573 5.90 4499
9.18437 9.16257 5.16 1965
6.70064 9.53915 5.50 2884
-6.28698 9.11755 5.87 4384
-5.59185 11.03197 5.79 4032
-0.89837 12.03675 4.36 772
-2.47361 11.86617 5.87 4380
5.24985 12.47598 5.98 4965
