9.65271 -13.43225 5.24 2163
-2.33568 -13.80176 5.48 2799
-12.04869 -13.11667 5.58 3169
4.35546 -13.08831 5.63 3333
-12.38929 -11.72063 2.65 108
1.43479 -11.09778 5.85 4284
-3.72365 -11.88566 5.97 4907
-11.57446 -10.42461 4.43 833
10.45116 -10.59287 5.49 2840
8.83475 -8.75012 5.15 1952
-3.93280 -8.87721 5.73 3742
12.89385 -7.55380 3.20 214
-4.19400 -6.99433 5.63 3345
11.58005 -6.48390 4.38 788
-14.89056 -6.60321 5.26 2214
4.24073 -4.79196 4.84 1350
-12.87175 -2.70968 5.33 2380
9.91017 -2.23460 5.91 4583
14.69192 -1.58004 5.93 4684
-10.62993 -1.48314 6.00 5035
1.79960 -1.31871 4.57 968
14.47796 -0.91087 4.98 1569
-7.56828 -0.70827 5.54 3008
-10.92917 -1.02106 5.71 3629
-11.23202 0.79854 3.67 350
-7.78689 1.01421 3.85 439
-9.73227 0.34563 5.20 2067
8.39249 1.14685 5.56 3061
-14.46864 1.91493 5.93 4688
-3.90873 2.83408 5.00 1607
-6.13436 3.93946 5.12 1865
-10.24095 4.52460 4.09 573
11.58899 4.99103 5.35 2446
-1.46873 5.22745 5.69 3566
-12.49183 5.07930 5.81 4120
0.62257 5.69798 3.75 379
-12.53822 6.76565 4.52 924
-9.27738 8.42534 4.76 1206
3.40432 7.55362 5.25 2189
11.29979 8.49937 5.41 2583
-8.22681 7.45271 5.44 2664
3.27840 8.95208 2.77 128
-5.64923 10.83929 4.83 1327
13.18050 10.97232 5.65 3405
3.58824 9.93870 5.76 3876
-2.65698 11.73809 5.70 3597
10.07599 13.64583 5.04 1694
