7.01438 -11.52857 5.24 2138
2.12820 -10.21794 3.74 377
0.95895 -10.56728 5.60 3244
2.79351 -9.38571 4.51 907
-3.67560 -8.54800 5.30 2316
2.32731 -8.53148 5.78 3978
-10.91376 -9.25694 5.93 4693
-1.40635 -7.76926 5.24 2152
1.33799 -8.04589 5.41 2585
4.79935 -7.03452 5.69 3562
5.53874 -6.19726 4.68 1098
-5.04635 -6.72287 4.84 1339
7.37802 -5.42093 4.73 1168
-13.13375 -4.66008 5.10 1830
-4.60374 -3.10095 4.07 562
-0.66682 -4.09262 5.43 2637
-8.24899 -4.14617 5.78 3993
8.93150 -1.69035 2.87 147
6.60733 -2.35999 3.68 354
0.73659 -2.51396 4.28 698
-13.09519 -1.85353 5.80 4074
-7.36711 -1.51209 5.87 4386
-1.40498 -0.23811 5.28 2261
7.17653 1.22250 5.18 2004
-13.59947 -0.25064 5.22 2084
7.67479 0.72588 5.88 4401
7.97752 0.23660 5.99 5012
11.15662 1.79345 5.08 1784
1.40000 2.90423 5.49 2846
-9.85059 3.22680 5.88 4426
-3.50143 4.95953 4.51 912
8.96097 4.88071 5.58 3170
-11.03325 7.43143 3.77 391
8.53011 8.05835 5.09 1799
-7.85355 7.21495 5.51 2910
1.76837 7.20796 5.70 3599
0.99761 7.80342 5.99 4998
8.95770 7.78152 6.00 5039
-9.34008 8.18196 4.73 1166
6.07886 9.80401 4.69 1116
15.05247 11.53073 5.54 3004
3.99547 13.01970 2.91 158
-11.24331 13.72486 4.42 826
-9.66970 13.06269 5.55 3049
-5.50140 12.65570 5.89 4471
-9.91545 12.89035 5.99 4989
