-11.22317 -12.81342 4.85 1354
-7.21284 -12.83388 5.37 2489
-8.19223 -11.24684 4.12 594
3.96052 -10.80359 5.13 1894
-2.80236 -10.70418 5.52 2929
11.51130 -11.25015 5.57 3104
-11.10607 -9.66865 3.49 285
-3.35948 -9.57445 5.75 3838
1.59828 -7.19680 5.18 2023
-8.44379 -8.73776 5.68 3518
-7.14818 -8.21037 5.83 4221
4.68425 -7.49861 5.53 2976
5.92188 -5.84750 5.70 3578
11.65836 -6.20664 4.77 1217
12.82651 -5.27840 5.51 2897
11.56208 -5.36116 5.69 3561
4.76467 -5.39040 5.71 3621
-9.94087 -4.76856 5.70 3601
-13.41729 -4.26872 5.98 4973
-13.48531 -3.82024 2.10 61
-12.85000 -3.23077 5.51 2898
-7.15407 -0.66677 3.90 468
-0.51600 -0.67617 4.74 1181
7.03623 -1.34753 3.88 458
-5.70508 0.49580 5.92 4648
-8.24006 1.61552 4.28 694
11.48403 1.00551 3.94 485
-1.24151 3.25883 4.71 1146
-7.55691 2.59342 5.81 4127
11.77695 2.88765 2.39 83
-6.47765 5.10795 5.77 3939
-9.27580 4.34406 5.79 4048
-5.67683 5.55070 5.53 2971
-7.79310 5.71713 5.83 4209
-13.13117 7.13550 5.42 2609
12.83017 6.10495 5.43 2643
-8.89234 7.98947 5.61 3255
-1.91597 9.86815 4.37 785
9.03998 13.28066 5.25 2183
