-5.10418 -12.28509 4.69 1109
11.63944 -12.89172 5.34 2399
1.28467 -10.71059 4.79 1251
-13.73646 -11.20979 4.89 1411
-3.11154 -9.09474 5.48 2800
-9.94500 -8.35482 4.58 979
-5.73681 -8.30082 4.72 1150
4.40128 -8.21302 4.88 1398
-0.93156 -7.27653 5.70 3579
7.64242 -6.04716 5.70 3583
0.40342 -4.92529 4.77 1216
0.70267 -5.37167 4.94 1496
-4.02591 -3.25391 4.69 1111
-2.07342 -3.93659 5.91 4581
-2.16991 -1.53978 5.01 1647
-3.45672 -1.05403 5.66 3459
4.81942 1.30564 4.94 1490
-9.06641 0.15788 5.73 3743
-2.47436 0.80754 5.74 3750
-10.10684 2.07455 5.73 3711
7.85392 2.47228 5.86 4335
8.93112 3.76106 5.60 3225
-13.73013 4.95857 5.86 4332
-14.41175 4.11655 5.96 4852
-6.76750 5.63168 5.78 3964
-3.18458 6.05054 5.85 4298
3.81656 7.05139 4.12 592
0.10224 7.78677 5.06 1734
-7.63541 7.35672 5.84 4254
8.47056 9.43789 4.60 1004
-2.36915 8.90729 5.94 4705
10.37592 10.38298 3.61 329
10.17871 9.73974 5.31 2347
-10.45113 10.37574 5.77 3894
13.35594 10.03935 6.00 5052
-6.85673 10.99831 4.79 1243
