-5.03670 -12.24368 1.77 32
2.78781 -13.27122 5.60 3245
-10.21804 -11.84784 5.70 3616
-3.69457 -11.78216 4.93 1481
-10.38333 -10.28057 5.81 4109
-12.09746 -9.52805 3.31 236
-10.81726 -8.62493 5.55 3026
-9.01166 -8.22302 5.35 2424
1.45461 -6.91581 5.40 2575
-7.59955 -6.94517 5.50 2863
-5.32476 -6.10512 5.85 4269
4.86656 -4.53516 5.96 4830
-5.11461 -2.71530 5.89 4474
-2.77197 -1.80465 6.00 5063
6.55361 -0.28070 3.65 344
4.58807 -0.09392 4.65 1068
3.12896 -0.11016 5.85 4257
13.42433 3.92707 4.60 1008
-3.48692 0.77049 5.24 2156
-12.98737 4.96936 5.30 2314
-2.72998 2.29765 5.32 2354
-4.36976 2.73711 5.43 2644
-12.88549 8.86164 3.84 431
-5.49984 7.09980 3.87 453
-6.05452 6.38341 4.95 1515
-12.36145 8.60722 5.20 2064
6.25087 6.75160 5.24 2134
-5.29551 7.38964 4.94 1495
-7.49487 8.14910 5.71 3659
12.61303 12.65760 3.05 186
12.26132 12.45325 5.02 1665
1.90191 8.64993 5.50 2850
0.64064 10.18643 5.79 4027
8.44139 14.29461 2.08 60
