2.68988 -13.48236 5.24 2163
-9.30125 -13.75653 5.48 2799
-2.55911 -13.09595 5.63 3333
-5.43790 -11.07643 5.85 4284
-10.66484 -11.81484 5.97 4907
3.54053 -10.67088 5.49 2840
1.98695 -8.82117 5.15 1952
-10.80846 -8.78076 5.73 3742
15.13108 -8.22505 5.77 3910
6.00792 -7.68971 3.20 214
-11.03079 -6.87927 5.63 3345
4.74277 -6.61067 4.38 788
13.13259 -5.46345 5.03 1684
11.02565 -5.91333 5.33 2382
-2.48640 -4.80723 4.84 1350
8.51267 -2.99115 4.91 1442
3.19428 -2.36624 5.91 4583
7.89881 -1.81428 5.93 4684
11.56998 -0.61719 3.48 282
-4.85016 -1.28643 4.57 968
7.70484 -1.14883 4.98 1569
11.57169 -0.61751 5.39 2533
-14.32804 -0.46819 5.54 3008
-14.51221 1.27946 3.85 439
1.77151 1.02627 5.56 3061
-10.51624 3.01945 5.00 1607
-12.75603 4.19377 5.12 1865
12.55926 3.48764 6.00 5064
13.26115 4.55348 5.00 1611
5.00745 4.76040 5.35 2446
-7.99091 5.36103 5.69 3566
-5.87302 5.77337 3.75 379
-3.04288 7.54808 5.25 2189
4.80162 8.24541 5.41 2583
-3.13713 8.94981 2.77 128
-12.10320 11.14425 4.83 1327
8.43946 9.93437 5.56 3077
6.70075 10.63280 5.65 3405
-2.80527 9.92569 5.76 3876
-9.04392 11.94443 5.70 3597
11.39443 12.42821 5.96 4839
11.11835 13.97063 3.14 203
3.71266 13.39026 5.04 1694
13.03555 13.61931 5.12 1860
