5.04602 -14.97547 5.57 3105
3.93168 -14.70358 5.91 4544
3.24735 -12.58752 4.32 724
4.99731 -12.47884 5.65 3395
4.75955 -12.64533 5.65 3421
-7.62956 -13.07423 5.52 2928
2.43201 -10.85788 5.95 4821
4.13756 -8.96548 4.91 1445
-7.21249 -9.76550 4.45 851
4.77330 -7.87238 5.06 1743
-9.87659 -12.89822 5.11 1852
-10.38808 -13.19879 5.36 2458
-7.29046 -9.69948 5.47 2787
6.81464 -7.15608 3.83 423
-2.63972 -6.15332 4.26 671
-7.98204 -9.01593 5.97 4911
-9.24768 -7.91004 4.11 583
12.04030 -10.59598 4.68 1097
-4.18485 -4.96038 4.91 1438
12.07515 -10.57506 5.27 2224
0.98076 -4.75629 5.85 4278
8.80514 -5.26558 5.93 4657
-4.37402 -2.59596 5.04 1701
8.97752 -4.57602 5.34 2414
5.05408 -3.16758 5.50 2848
12.43849 -5.93395 5.95 4792
-4.48077 -0.99809 5.18 2007
-6.78161 -2.42845 5.65 3406
-13.77431 -3.35121 4.00 516
2.23832 0.03514 5.05 1723
10.86243 -0.14409 5.60 3220
-2.78204 2.57574 5.88 4433
-2.89027 3.76358 3.87 454
-9.78552 1.78018 5.59 3205
-0.36439 3.85491 5.93 4659
0.24640 4.73046 3.62 334
-1.08656 4.10746 5.55 3023
-8.04883 5.38205 4.97 1561
-12.33873 2.70843 5.57 3114
2.93775 5.84246 5.67 3472
-2.79332 7.92812 2.69 114
6.22897 7.02636 5.75 3846
-6.96018 7.15758 5.89 4452
1.39753 6.91038 5.91 4564
-1.76309 9.43417 3.05 187
-6.99689 8.38196 5.35 2443
10.72093 7.47940 5.61 3262
-4.80070 8.83528 5.74 3789
-5.47009 9.21383 4.11 586
1.97861 9.71896 4.80 1265
-4.98443 9.91414 5.15 1936
7.14602 9.31632 5.71 3623
11.72229 7.82022 5.83 4224
-10.64022 8.36361 5.96 4873
-10.04453 9.87929 3.64 341
-9.66131 9.86937 4.72 1154
2.34604 11.24731 4.87 1391
10.40368 9.97412 5.75 3829
1.78883 12.06215 5.90 4497
-11.66077 8.98119 5.90 4536
8.41652 11.00875 5.97 4924
-9.83001 12.18741 4.90 1437
-11.47638 11.39546 5.17 1988
1.17750 13.38319 5.51 2891
12.17139 10.51341 5.85 4291
