1.54672 -13.72019 4.27 682
0.80066 -13.17281 4.85 1357
8.96761 -14.37409 6.00 5030
-4.20843 -12.49996 2.17 64
-5.11482 -11.97219 3.86 443
-1.56730 -12.36528 4.33 740
-3.97385 -12.27957 4.66 1082
1.44102 -11.68992 4.71 1131
-11.88565 -13.02013 5.34 2403
3.35066 -12.44820 5.89 4483
13.07562 -11.21413 2.55 95
12.26308 -10.51691 5.77 3898
4.94465 -9.63406 5.77 3925
13.41870 -10.27972 5.83 4192
-4.44410 -8.57904 5.84 4239
8.90327 -9.37075 5.90 4540
-11.08412 -8.66675 5.31 2327
14.40418 -7.90464 3.87 446
-12.61921 -6.92538 5.75 3849
-6.18669 -6.65490 5.77 3944
-1.23762 -5.70505 5.89 4464
9.16432 -6.20281 5.98 4928
2.83946 -4.66716 5.25 2174
4.25790 -5.56964 5.84 4246
12.60911 -4.31595 3.04 183
-1.17411 -4.00451 5.47 2759
2.82838 -3.10574 5.79 4021
11.15258 -3.54692 5.98 4942
12.73293 -3.23046 3.41 263
-6.27087 -1.61749 5.13 1888
-13.23730 -2.66328 5.48 2802
1.68692 -2.19207 5.59 3191
6.92027 -2.32174 5.69 3533
11.07094 -2.60677 5.98 4930
-1.71690 -0.26083 4.27 686
10.47236 -0.65788 5.60 3237
8.23182 0.45689 3.88 460
-5.28397 -0.13206 4.64 1050
6.88867 0.08371 5.09 1800
-8.43121 0.94579 5.44 2674
-6.30959 -0.03378 5.80 4063
-2.12222 0.41326 5.98 4961
-12.47466 0.66712 5.76 3872
-9.69063 1.00880 5.79 4019
3.26401 2.95727 4.85 1360
5.66835 4.35457 2.75 124
13.06526 4.34420 5.15 1938
-10.22932 5.82177 5.32 2361
-9.75831 6.18001 5.73 3712
14.12345 6.75351 4.19 626
13.29104 8.84253 4.23 651
-2.65853 8.21688 4.91 1439
-3.81374 9.13442 5.86 4325
-9.63978 9.48859 5.55 3020
4.98746 11.62025 5.10 1832
-6.27843 13.09181 5.89 4466
