-0.92171 -13.37783 5.20 2047
-0.80673 -13.01400 5.67 3486
12.38887 -11.52591 5.69 3564
-5.02381 -9.36675 3.94 483
-9.34940 -9.32093 5.35 2444
-12.06927 -8.86607 5.95 4787
-8.81511 -6.07198 5.33 2381
-12.82813 -5.43846 5.83 4188
-5.34271 -4.77049 4.66 1080
10.05297 -2.51160 4.31 722
2.97476 -4.02653 5.14 1912
0.85345 -0.74727 5.45 2687
-8.94044 -1.03135 5.75 3793
-12.43364 -0.90214 5.98 4955
7.59726 1.79966 4.46 859
2.69154 2.25471 5.98 4957
-12.25512 3.52847 5.14 1923
-1.31407 4.01820 5.22 2096
-10.21202 4.31648 5.57 3097
-4.00428 5.21235 4.02 533
-2.23524 4.58350 5.95 4817
2.38912 6.40811 5.43 2662
13.07295 7.45395 5.64 3364
-14.11971 7.10984 5.64 3384
-1.70451 7.67559 5.39 2540
3.14348 8.23311 5.95 4797
10.88061 8.92495 5.56 3073
12.33192 9.21767 5.89 4463
-0.13309 10.21616 5.20 2062
-0.88700 10.90482 5.45 2700
-2.16283 10.31244 5.66 3453
0.40910 9.98552 5.82 4178
-6.31018 10.91373 5.94 4743
8.88928 12.27827 5.85 4270
2.54709 12.28932 5.93 4667
6.03969 13.13737 3.13 199
4.35787 13.40141 5.97 4891
