2.12116 -12.69250 2.69 114
11.06500 -15.12188 5.75 3846
-2.13917 -12.77362 5.89 4452
6.15669 -14.41980 5.91 4564
3.38540 -11.35990 3.05 187
-1.96122 -11.54860 5.35 2443
0.28112 -11.45783 5.74 3789
-0.31542 -10.97371 4.11 586
7.15563 -11.69013 4.80 1265
0.28012 -10.36123 5.15 1936
12.29962 -12.95072 5.71 3623
-5.53540 -10.97377 5.96 4873
-4.67708 -9.58189 3.64 341
-4.30581 -9.65289 4.72 1154
7.74321 -10.23226 4.87 1391
7.30643 -9.33928 5.90 4497
-6.41468 -10.20186 5.90 4536
13.80038 -11.46149 5.97 4924
-4.05385 -7.37606 4.90 1437
-5.78808 -7.88199 5.17 1988
6.89238 -7.94997 5.51 2891
-14.27307 -9.87909 5.52 2947
-0.23541 -5.49139 4.04 542
-1.93128 -6.38161 4.15 611
9.40724 -7.42188 4.53 937
-13.69161 -8.56563 4.85 1358
-8.20826 -7.72931 5.11 1846
-10.00705 -7.05460 5.23 2110
-13.80208 -8.42812 5.23 2123
9.60254 -7.40016 5.31 2335
-13.71012 -8.77008 5.34 2401
-3.15112 -6.08525 5.61 3256
11.73530 -8.16015 5.79 4013
-8.91407 -7.36499 5.99 5004
1.02349 -4.26126 1.33 20
1.02503 -4.26167 1.73 30
-6.86400 -4.73177 3.13 198
-4.58947 -5.46857 4.32 728
-2.61357 -4.62820 4.33 732
-2.42628 -4.41349 4.72 1149
1.00978 -4.29297 4.86 1369
-8.14746 -6.32216 5.17 1985
3.54562 -4.35024 5.31 2321
-3.85272 -4.68318 5.91 4586
1.82511 -4.84982 5.95 4798
1.12282 -5.21273 6.00 5060
-11.59061 -4.98388 4.61 1017
-6.26181 -3.33685 4.94 1502
-5.76667 -3.81945 5.03 1686
-3.53771 -3.50859 5.57 3096
-4.64823 -3.89748 5.70 3591
-1.18989 -4.06207 5.92 4608
-5.52235 -1.96799 4.11 588
-11.45184 -4.25633 5.13 1903
-7.06156 -2.34037 5.15 1940
-6.76148 -3.04824 5.15 1947
-8.81216 -2.43080 5.30 2300
12.46946 -4.18517 5.63 3335
-7.21839 -2.04420 5.83 4195
-13.73250 -4.78823 5.93 4703
0.22997 -0.54988 3.59 320
10.36483 -2.60004 4.53 929
-11.38336 -1.89960 4.60 1000
4.25489 -1.55196 4.69 1113
5.29950 -0.76641 5.72 3699
5.64902 -0.80790 5.76 3886
5.71743 -0.88356 5.90 4522
-2.49990 -1.39909 5.96 4857
4.78673 0.17620 1.25 19
8.95256 -0.77920 4.60 1001
6.07937 0.77326 4.62 1022
9.51663 0.25688 4.92 1462
3.79036 0.27346 4.93 1477
-8.38035 0.00163 5.13 1892
-8.35414 -0.09664 5.15 1950
2.03247 0.74437 5.48 2809
-11.47209 -0.92459 5.74 3780
8.13393 -0.53913 5.99 5011
-0.86247 1.70571 2.80 133
-12.55515 -0.28637 3.91 472
1.31905 1.36212 5.50 2855
9.62705 0.82522 5.89 4491
2.07790 3.91375 1.63 25
6.42249 3.45923 4.03 539
6.42790 3.47166 5.17 1976
0.51694 3.18136 5.39 2546
-5.97999 2.79494 5.41 2597
4.99322 4.57379 4.65 1057
6.73788 3.89303 5.32 2351
-4.13641 4.88634 5.44 2672
-5.19592 3.86344 5.57 3103
-10.66274 3.30074 5.79 4009
1.87245 4.73105 5.80 4062
0.37200 4.96971 5.92 4643
4.42050 5.05811 6.00 5038
-0.19735 6.66664 5.00 1618
-11.76837 6.32157 3.89 467
-9.08364 7.14715 4.62 1029
6.52261 6.54253 5.93 4673
9.76643 8.17144 5.71 3662
-13.67199 7.70420 5.76 3868
-10.99126 8.37820 5.81 4130
-7.95173 7.73430 5.96 4867
-1.76061 10.48693 3.96 495
12.65271 8.63327 5.48 2803
6.46049 9.57831 5.73 3745
13.18138 9.33458 5.83 4204
1.40807 11.77891 4.82 1297
8.04606 11.63387 5.16 1966
-2.55652 12.76574 2.60 101
1.78664 13.48486 3.91 476
-2.62004 12.84923 4.47 867
11.72725 11.77229 5.89 4487
