-2.12330 -12.61376 5.68 3502
-5.94384 -12.43538 5.97 4890
-4.25775 -11.02507 5.92 4640
13.55830 -6.79062 5.72 3688
11.30223 -6.89598 5.96 4858
6.27133 -9.65576 5.98 4968
3.81664 -8.03570 5.41 2594
-11.61656 -5.11116 5.43 2634
-11.60556 -6.21597 5.74 3758
-12.15562 -4.57958 5.96 4872
4.97932 -5.18887 5.54 3005
-1.53813 -4.07751 4.55 957
-2.80320 -2.50846 5.73 3747
-7.21860 0.80499 5.05 1722
2.78338 -0.44424 5.42 2608
-2.08689 -0.44461 5.45 2693
-9.43446 5.05257 5.10 1809
-8.63670 4.50809 5.43 2642
6.69515 3.85789 4.29 712
-6.90927 3.78276 5.07 1764
-11.00292 9.33228 5.78 3960
-10.42790 8.22145 5.95 4809
0.50089 3.31608 4.96 1540
7.58753 6.84097 5.26 2199
9.09257 12.58738 5.28 2249
-6.19029 6.97478 5.46 2750
-5.80790 7.49833 5.57 3122
9.08452 12.58370 5.85 4302
5.83506 8.39060 5.50 2868
-5.89404 9.93548 5.61 3273
-5.17720 17.83086 5.90 4533
-3.74955 17.87575 5.27 2215
-5.20885 14.09457 4.25 658
2.17390 18.17702 4.36 764
1.95164 17.67419 5.79 4049
-3.43839 10.63460 5.86 4323
-3.31355 15.64226 5.58 3165
0.36728 9.67802 5.07 1759
-0.97274 13.51458 2.02 52
