-1.80846 -12.54271 3.76 389
5.90220 -12.87422 5.09 1804
-7.31923 -12.13876 5.17 1978
-13.45171 -11.95169 5.52 2954
-3.36951 -13.58143 5.77 3941
1.05209 -11.42718 4.76 1198
-7.68625 -9.17016 5.75 3797
2.96194 -10.74363 5.79 4047
9.79730 -8.68303 5.80 4068
-7.76084 -9.70060 5.98 4975
5.31843 -8.11531 4.54 953
-9.23585 -8.15475 5.67 3474
4.99932 -6.67093 4.21 633
11.31977 -6.64830 5.06 1749
7.33064 -6.31113 5.76 3882
13.61454 -3.70235 5.39 2552
-12.85228 -4.20910 5.78 3990
9.43458 -4.29917 5.00 1608
-0.66261 -4.76465 5.59 3215
12.34331 -2.47169 5.70 3590
-9.90448 -0.54198 3.38 256
7.05305 -1.63144 4.80 1255
8.86818 -1.64453 5.03 1674
6.49053 -1.90821 5.10 1822
-10.82254 -0.02745 5.63 3346
7.60976 -1.59343 5.85 4268
3.62213 -0.39049 5.23 2122
-8.81070 0.53604 5.26 2208
-8.39493 0.11088 5.58 3141
1.09584 -1.27465 5.89 4489
-8.25508 0.80143 6.00 5034
6.99752 1.41124 4.47 866
2.81987 1.00530 4.84 1338
11.49729 2.04769 5.27 2234
-3.14779 1.16138 5.78 3989
-4.06646 3.54585 4.52 921
6.08773 3.58213 5.80 4103
-1.96206 3.93150 5.95 4776
-11.83423 6.57990 4.74 1174
-7.92458 6.09323 4.99 1590
-13.29786 8.20300 5.29 2273
-9.85407 5.73666 5.59 3184
-0.99130 5.34942 5.80 4096
8.17673 6.15387 5.87 4366
-6.49370 8.90307 4.54 939
-8.70012 9.12401 5.18 2025
5.52707 8.63405 5.44 2668
-10.15753 9.11286 5.81 4142
5.52557 9.28772 4.63 1040
-5.86102 10.91885 3.98 511
-2.24020 10.87687 5.16 1975
-13.09496 14.30520 5.87 4396
9.52827 12.26602 5.94 4752
-8.10927 12.49015 5.28 2250
12.22705 15.88599 5.43 2634
13.23371 15.38474 5.74 3758
1.11414 13.00831 4.87 1386
-11.56434 16.98149 5.41 2590
-11.63161 17.26054 5.66 3441
11.48220 15.63897 5.96 4872
