14.13087 -12.15044 4.75 1184
-0.43443 -13.49537 5.25 2166
-11.57477 -12.82847 5.89 4482
11.00253 -11.04405 3.05 185
-10.17469 -10.74069 3.97 505
4.62382 -12.23019 5.14 1917
11.01637 -11.42709 5.76 3867
9.38998 -9.23005 3.45 274
-12.32848 -10.15080 5.99 4985
-11.99510 -7.74742 5.15 1949
-6.58774 -9.07118 5.32 2364
-14.16019 -4.39730 5.37 2474
-2.72298 -5.98700 5.41 2599
-10.38544 -5.28988 5.74 3783
-11.57844 -5.56878 5.99 4999
2.04715 -5.42973 5.09 1805
-5.27741 -4.17377 5.97 4894
-8.48947 -3.40119 3.60 326
-9.35693 -2.06150 3.14 202
-7.85464 -1.56781 5.95 4802
8.98243 -1.61609 6.00 5055
3.47216 -0.15549 5.27 2222
-1.51712 2.31598 3.17 206
-6.62529 2.55137 4.48 877
-1.09020 2.82006 4.50 899
-12.62967 5.05622 5.91 4570
12.02972 6.28921 5.52 2925
-12.62428 6.03672 5.66 3447
4.97684 5.55395 5.74 3755
2.43869 5.62744 4.59 998
-4.80201 5.71920 4.83 1330
-7.21728 6.33964 5.75 3828
8.13866 6.37184 6.00 5053
9.75642 9.12129 4.84 1349
-4.56972 9.47747 5.27 2225
-3.45945 9.33193 5.47 2772
3.74877 9.50937 5.48 2814
13.52498 10.83262 5.67 3461
10.34663 10.80717 5.16 1957
1.22250 9.82647 5.20 2045
11.91925 11.32364 5.80 4057
3.20275 10.31803 5.93 4692
1.95994 12.52186 3.80 408
12.63682 14.60590 5.58 3137
