7.68338 -11.98647 4.46 859
2.71928 -11.52153 5.98 4957
-12.34628 -10.22506 5.14 1923
-1.32240 -9.72856 5.22 2096
-10.26993 -9.42669 5.57 3097
-4.01897 -8.52244 4.02 533
-2.24658 -9.15679 5.95 4817
2.39153 -7.32107 5.43 2662
13.05591 -6.27554 5.64 3364
-14.11204 -6.61901 5.64 3384
-1.70146 -6.05459 5.39 2540
3.13399 -5.49975 5.95 4797
10.83121 -4.81312 5.56 3073
12.26802 -4.52325 5.89 4463
-0.13211 -3.53724 5.20 2062
-0.87914 -2.85971 5.45 2700
-2.14645 -3.44239 5.66 3453
0.40629 -3.76461 5.82 4178
-6.25413 -2.85095 5.94 4743
8.78403 -1.51455 5.85 4270
2.51687 -1.50376 5.93 4667
5.95699 -0.67725 3.13 199
4.29572 -0.42054 5.97 4891
8.86202 0.49234 5.37 2497
9.94111 1.56314 5.41 2591
5.15191 0.61868 5.75 3831
5.17396 2.59670 3.82 418
9.46790 2.33447 4.55 956
-6.97744 2.17284 5.78 3959
1.75411 4.74872 4.56 966
-7.33087 4.40188 5.90 4507
9.30906 6.79871 4.81 1283
11.14912 7.18778 5.62 3286
10.10888 7.74537 5.25 2166
-0.91680 7.14725 5.89 4482
0.16453 9.33203 3.97 505
-2.00812 9.66029 5.99 4985
-9.40568 11.81804 4.25 663
-2.01603 12.06822 5.15 1949
3.48119 11.40367 5.32 2364
