337.31750 -43.49556 3.97 507
22.09125 -43.31833 3.41 261
6.55083 -43.68000 3.94 483
6.57083 -42.30611 2.39 82
44.56542 -40.30472 3.24 220
344.41293 -29.62222 1.16 17
48.01792 -28.98694 3.87 447
347.36166 -21.17250 3.66 349
30.00125 -21.07778 4.00 514
350.74249 -20.10056 3.97 508
10.89750 -17.98667 2.04 53
343.66251 -15.82083 3.27 231
26.01708 -15.93750 3.50 286
17.14750 -10.18222 3.45 273
27.86500 -10.33500 3.73 372
4.85708 -8.82389 3.56 306
21.00583 -8.18333 3.60 321
44.10708 -8.89806 3.89 462
34.83625 -2.97750 3.04 183
349.29126 3.28222 3.69 359
40.82500 3.23583 3.47 276
45.57000 4.08972 2.53 94
