305.25293 -14.78139 3.08 191
304.51376 -12.54472 3.57 316
269.75668 -9.77361 3.34 245
311.91916 -9.49583 3.77 396
278.80167 -8.24417 3.85 441
286.56207 -4.88250 3.44 272
275.32751 -2.89889 3.26 225
302.82626 -0.82139 3.23 218
298.11832 1.00556 3.90 469
266.97333 2.70722 3.75 382
270.16125 2.93167 3.97 505
291.37457 3.11472 3.36 251
265.86832 4.56722 2.77 128
318.95584 5.24778 3.92 479
298.82834 6.40667 3.71 366
297.69583 8.86833 0.77 12
271.83749 9.56389 3.73 375
296.56500 10.61333 2.72 120
263.73376 12.56000 2.08 60
286.35251 13.86333 2.99 170
258.66208 14.39028 3.48 283
309.38751 14.59528 3.63 340
309.90958 15.91194 3.77 395
296.84708 18.53417 3.82 417
299.68918 19.49222 3.47 281
275.92459 21.76972 3.84 431
258.75793 24.83917 3.14 203
292.68042 27.95972 3.08 190
266.61459 27.72056 3.42 266
271.88583 28.76250 3.83 423
269.44125 29.24778 3.70 362
318.23416 30.22694 3.20 214
255.07249 30.92639 3.92 478
284.73584 32.68944 3.24 223
311.55292 33.97028 2.46 90
282.51999 33.36278 3.45 275
299.07666 35.08333 3.89 467
258.76166 36.80917 3.16 204
269.06332 37.25056 3.86 444
279.23459 38.78361 0.03 5
318.69791 38.04556 3.72 371
305.55707 40.25667 2.20 65
314.29333 41.16722 3.94 486
316.23291 43.92778 3.72 370
