24.42875 -57.23667 0.46 9
68.49917 -55.04500 3.27 227
17.09625 -55.24583 3.92 477
95.98792 -52.69583 -0.72 2
34.12750 -51.51222 3.56 307
28.98958 -51.60889 3.70 360
86.82125 -51.06639 3.85 434
102.48417 -50.61472 2.93 160
22.81292 -49.07278 3.95 487
43.47042 -49.89028 4.00 515
99.44042 -43.19611 3.17 206
63.50042 -42.29444 3.86 442
89.78667 -42.81528 3.96 495
44.56542 -40.30472 3.24 220
87.74000 -35.76833 3.12 196
82.80292 -35.47056 3.87 450
84.91208 -34.07417 2.64 107
66.00917 -34.01694 3.96 494
64.47375 -33.79833 3.56 308
95.52833 -33.43639 3.85 435
95.07833 -30.06333 3.02 179
68.88750 -30.56222 3.82 413
48.01792 -28.98694 3.87 447
76.36542 -22.37111 3.19 211
86.11583 -22.44833 3.60 324
49.87917 -21.75778 3.69 356
82.06125 -20.75944 2.84 140
87.83042 -20.87917 3.81 411
95.67500 -17.95583 1.98 46
83.18250 -17.82222 2.58 98
78.23292 -16.20556 3.31 236
86.73875 -14.82194 3.55 304
89.10125 -14.16778 3.71 363
69.54500 -14.30389 3.87 449
59.50750 -13.50861 2.95 162
86.93917 -9.66972 2.06 57
55.81208 -9.76333 3.54 299
53.23250 -9.45833 3.73 373
78.63458 -8.20167 0.12 7
44.10708 -8.89806 3.89 462
79.40167 -6.84444 3.60 323
93.71375 -6.27472 3.98 510
83.85833 -5.91000 2.77 126
76.96250 -5.08639 2.79 130
69.07958 -3.35250 3.93 480
34.83625 -2.97750 3.04 183
81.11917 -2.39694 3.36 248
84.68667 -2.60000 3.81 410
84.05333 -1.20194 1.70 29
85.18958 -1.94278 2.05 54
83.00167 -0.29917 2.23 68
