260.50250 -24.99944 3.27 230
287.44083 -21.02361 2.89 155
284.43250 -21.10667 3.51 289
286.17084 -21.74167 3.77 393
273.44083 -21.05889 3.86 445
290.41833 -17.84722 3.93 482
257.59457 -15.72472 2.43 86
264.39667 -15.39861 3.54 303
305.25293 -14.78139 3.08 191
304.51376 -12.54472 3.57 316
249.28958 -10.56722 2.56 97
269.75668 -9.77361 3.34 245
278.80167 -8.24417 3.85 441
244.58041 -4.69250 3.24 222
286.56207 -4.88250 3.44 272
275.32751 -2.89889 3.26 225
302.82626 -0.82139 3.23 218
247.72833 1.98389 3.82 416
298.11832 1.00556 3.90 469
266.97333 2.70722 3.75 382
270.16125 2.93167 3.97 505
291.37457 3.11472 3.36 251
265.86832 4.56722 2.77 128
298.82834 6.40667 3.71 366
297.69583 8.86833 0.77 12
254.41708 9.37500 3.20 213
271.83749 9.56389 3.73 375
296.56500 10.61333 2.72 120
263.73376 12.56000 2.08 60
286.35251 13.86333 2.99 170
258.66208 14.39028 3.48 283
296.84708 18.53417 3.82 417
299.68918 19.49222 3.47 281
245.48000 19.15306 3.75 381
247.55499 21.48972 2.77 127
275.92459 21.76972 3.84 431
258.75793 24.83917 3.14 203
292.68042 27.95972 3.08 190
266.61459 27.72056 3.42 266
271.88583 28.76250 3.83 423
269.44125 29.24778 3.70 362
255.07249 30.92639 3.92 478
250.32167 31.60306 2.81 135
284.73584 32.68944 3.24 223
311.55292 33.97028 2.46 90
282.51999 33.36278 3.45 275
