161.69250 -49.42000 2.69 114
190.37917 -48.95972 2.17 64
159.32542 -48.22583 3.84 428
189.42583 -48.54111 3.86 443
227.98375 -48.73778 3.87 455
220.48250 -47.38833 2.30 78
208.88499 -47.28833 2.55 95
214.85083 -46.05778 3.55 305
230.67043 -44.68944 3.37 253
209.67000 -44.80361 3.87 454
224.63292 -43.13389 2.68 112
218.87666 -42.15778 2.31 79
207.40417 -42.47389 3.04 184
224.79042 -42.10417 3.13 200
209.56792 -42.10083 3.83 421
153.68417 -42.12194 3.85 437
207.37625 -41.68778 3.41 263
202.76125 -39.40750 3.88 459
220.49001 -37.79361 4.00 518
211.67084 -36.37000 2.06 58
200.14917 -36.71222 2.75 123
173.25043 -31.85778 3.54 302
211.59293 -26.68250 3.27 229
188.59666 -23.39667 2.65 108
199.73042 -23.17167 3.00 174
182.53125 -22.61972 3.00 173
183.95168 -17.54194 2.59 99
187.46625 -16.51556 2.95 163
162.40625 -16.19361 3.11 193
169.83542 -14.77861 3.56 309
201.29832 -11.16139 0.98 15
220.76500 -5.65833 3.88 460
190.41499 -1.44944 3.65 343
190.41499 -1.44944 3.68 353
203.67332 -0.59583 3.37 252
184.97667 -0.66694 3.89 464
177.67375 1.76472 3.61 330
193.90083 3.39750 3.38 256
