56.80958 -74.23889 3.24 221
300.14792 -72.91056 3.96 500
252.16624 -69.02778 1.92 42
311.23959 -66.20306 3.42 267
302.18167 -66.18194 3.56 311
266.43332 -64.72389 3.62 336
334.62543 -60.25972 2.86 145
262.77457 -60.68389 3.62 335
313.70251 -58.45417 3.65 345
349.35751 -58.23583 3.99 513
306.41208 -56.73500 1.94 44
261.34833 -56.37750 3.34 244
261.32501 -55.53000 2.85 143
342.13876 -51.31694 3.49 285
271.65793 -50.09167 3.66 348
309.39166 -47.29139 3.11 195
332.05832 -46.96111 1.74 31
340.66708 -46.88472 2.10 61
276.74332 -45.96833 3.51 288
347.59000 -45.24667 3.90 470
337.31750 -43.49556 3.97 507
290.97168 -40.61611 3.97 506
328.48209 -37.36500 3.01 178
344.41293 -29.62222 1.16 17
285.65292 -29.88028 2.60 101
286.73499 -27.67056 3.32 240
283.81625 -26.29667 2.02 52
281.41418 -26.99083 3.17 209
321.66666 -22.41139 3.74 377
287.44083 -21.02361 2.89 155
284.43250 -21.10667 3.51 289
347.36166 -21.17250 3.66 349
286.17084 -21.74167 3.77 393
290.41833 -17.84722 3.93 482
326.76001 -16.12722 2.87 148
325.02292 -16.66222 3.68 355
343.66251 -15.82083 3.27 231
