347.36166 -21.17250 3.66 349
350.74249 -20.10056 3.97 508
10.89750 -17.98667 2.04 53
326.76001 -16.12722 2.87 148
325.02292 -16.66222 3.68 355
343.66251 -15.82083 3.27 231
26.01708 -15.93750 3.50 286
17.14750 -10.18222 3.45 273
4.85708 -8.82389 3.56 306
21.00583 -8.18333 3.60 321
343.15375 -7.57972 3.74 378
335.41418 -1.38722 3.84 432
331.44583 -0.31972 2.96 165
349.29126 3.28222 3.69 359
332.54999 6.19778 3.53 298
326.04666 9.87500 2.39 83
340.36542 10.83139 3.40 260
346.19043 15.20528 2.49 92
3.30917 15.18361 2.83 138
22.87083 15.34583 3.62 331
341.63293 23.56556 3.95 493
342.50082 24.60167 3.48 284
331.75293 25.34500 3.76 390
345.94376 28.08278 2.42 85
2.09708 29.09056 2.06 55
28.27042 29.57889 3.41 262
340.75043 30.22139 2.94 161
9.83208 30.86083 3.27 226
