58.53292 31.88361 2.85 141
56.07958 32.28833 3.83 419
74.24833 33.16611 2.69 113
32.38583 34.98722 3.00 171
17.43292 35.62056 2.06 56
46.29417 38.84028 3.39 257
14.18833 38.49944 3.87 446
47.04208 40.95556 2.12 62
59.46333 40.01028 2.89 151
76.62875 41.23444 3.17 205
75.61958 41.07583 3.75 379
30.97500 42.32972 2.26 73
56.29833 42.57861 3.77 391
75.49208 43.82333 2.99 168
47.37417 44.85722 3.80 404
79.17250 45.99806 0.08 6
55.73125 47.78750 3.01 175
24.49833 48.62833 3.57 312
51.08083 49.86111 1.79 34
43.56458 52.76250 3.95 488
46.19917 53.50639 2.93 159
9.24292 53.89694 3.66 346
89.88167 54.28472 3.72 368
42.67417 55.89556 3.76 385
10.12708 56.53722 2.23 67
12.27500 57.81583 3.44 269
2.29458 59.14972 2.27 74
14.17708 60.71667 2.47 91
21.45417 60.23528 2.68 110
28.59875 63.67000 3.38 254
342.42001 66.20056 3.52 293
322.16501 70.56083 3.23 219
30.85875 72.42139 3.98 509
354.83667 77.63250 3.21 216
37.95292 89.26417 2.02 51
