309.90958 15.91194 3.77 395
296.84708 18.53417 3.82 417
299.68918 19.49222 3.47 281
341.63293 23.56556 3.95 493
342.50082 24.60167 3.48 284
331.75293 25.34500 3.76 390
292.68042 27.95972 3.08 190
340.75043 30.22139 2.94 161
318.23416 30.22694 3.20 214
284.73584 32.68944 3.24 223
311.55292 33.97028 2.46 90
282.51999 33.36278 3.45 275
299.07666 35.08333 3.89 467
279.23459 38.78361 0.03 5
318.69791 38.04556 3.72 371
305.55707 40.25667 2.20 65
314.29333 41.16722 3.94 486
345.48041 42.32611 3.62 337
316.23291 43.92778 3.72 370
310.35791 45.28028 1.25 19
296.24374 45.13083 2.87 147
303.40793 46.74139 3.79 403
303.86792 47.71444 3.98 512
337.82291 50.28250 3.77 397
269.15167 51.48889 2.23 70
292.42624 51.72972 3.79 402
262.60834 52.30139 2.79 131
289.27582 53.36861 3.77 394
268.38208 56.87278 3.75 383
332.71375 58.20111 3.35 247
337.29291 58.41528 3.75 384
2.29458 59.14972 2.27 74
311.32251 61.83889 3.43 268
319.64499 62.58556 2.44 88
257.19666 65.71472 3.17 208
342.42001 66.20056 3.52 293
288.13876 67.66167 3.07 188
322.16501 70.56083 3.23 219
297.04333 70.26778 3.83 424
230.18208 71.83389 3.05 187
275.26416 72.73278 3.57 315
30.85875 72.42139 3.98 509
222.67625 74.15556 2.08 59
