47.04208 40.95556 2.12 62
59.46333 40.01028 2.89 151
30.97500 42.32972 2.26 73
56.29833 42.57861 3.77 391
47.37417 44.85722 3.80 404
354.39124 46.45806 3.82 418
55.73125 47.78750 3.01 175
24.49833 48.62833 3.57 312
51.08083 49.86111 1.79 34
43.56458 52.76250 3.95 488
46.19917 53.50639 2.93 159
9.24292 53.89694 3.66 346
42.67417 55.89556 3.76 385
10.12708 56.53722 2.23 67
12.27500 57.81583 3.44 269
332.71375 58.20111 3.35 247
337.29291 58.41528 3.75 384
2.29458 59.14972 2.27 74
14.17708 60.71667 2.47 91
21.45417 60.23528 2.68 110
28.59875 63.67000 3.38 254
342.42001 66.20056 3.52 293
322.16501 70.56083 3.23 219
297.04333 70.26778 3.83 424
30.85875 72.42139 3.98 509
354.83667 77.63250 3.21 216
37.95292 89.26417 2.02 51
