221.56207 1.89278 3.72 369
193.90083 3.39750 3.38 256
237.70416 4.47778 3.71 365
236.06708 6.42556 2.65 109
195.54417 10.95917 2.83 139
233.70042 10.53750 3.80 407
233.70042 10.53917 3.80 408
236.54707 15.42194 3.67 351
239.11333 15.66167 3.85 439
208.67125 18.39778 2.68 111
213.91542 19.18250 -0.04 3
245.48000 19.15306 3.75 381
247.55499 21.48972 2.77 127
239.87582 25.92028 2.00 50
233.67207 26.71472 2.23 69
235.68584 26.29556 3.84 430
221.24667 27.07417 2.70 118
231.95708 29.10583 3.68 354
217.95750 30.37139 3.58 318
250.32167 31.60306 2.81 135
228.87582 33.31472 3.47 280
194.00708 38.31833 2.90 157
218.01958 38.30833 3.03 181
250.72417 38.92222 3.53 297
225.48666 40.39056 3.50 287
244.93500 46.31333 3.89 465
176.51250 47.77944 3.71 364
206.88499 49.31333 1.86 39
262.60834 52.30139 2.79 131
178.45750 53.69472 2.44 87
200.98125 54.92528 2.27 75
200.98500 54.92167 3.95 491
193.50708 55.95972 1.77 32
165.46042 56.38250 2.37 81
268.38208 56.87278 3.75 383
183.85667 57.03250 3.31 237
231.23250 58.96611 3.29 234
