177.67375 1.76472 3.61 330
193.90083 3.39750 3.38 256
145.28751 9.89222 3.52 291
158.20293 9.30667 3.85 438
195.54417 10.95917 2.83 139
170.98125 10.52917 3.94 485
152.09293 11.96722 1.35 22
177.26500 14.57194 2.14 63
168.56000 15.42944 3.34 243
151.83333 16.76278 3.52 292
154.99292 19.84167 2.61 102
154.99417 19.84056 3.80 406
168.52708 20.52361 2.56 96
146.46292 23.77417 2.98 167
154.17250 23.41722 3.44 271
148.19083 26.00694 3.88 458
169.61958 33.09417 3.48 282
140.26375 34.39250 3.13 197
163.32793 34.21500 3.83 420
139.71124 36.80250 3.82 414
194.00708 38.31833 2.90 157
155.58208 41.49944 3.05 185
135.16000 41.78278 3.97 503
154.27417 42.91444 3.45 274
167.41583 44.49861 3.01 177
135.90625 47.15667 3.60 326
176.51250 47.77944 3.71 364
134.80167 48.04167 3.14 202
206.88499 49.31333 1.86 39
143.21417 51.67722 3.17 207
178.45750 53.69472 2.44 87
200.98125 54.92528 2.27 75
200.98500 54.92167 3.95 491
193.50708 55.95972 1.77 32
165.46042 56.38250 2.37 81
183.85667 57.03250 3.31 237
147.74750 59.03861 3.80 405
