344.41293 -29.62222 1.16 17
285.65292 -29.88028 2.60 101
286.73499 -27.67056 3.32 240
283.81625 -26.29667 2.02 52
281.41418 -26.99083 3.17 209
321.66666 -22.41139 3.74 377
287.44083 -21.02361 2.89 155
284.43250 -21.10667 3.51 289
347.36166 -21.17250 3.66 349
286.17084 -21.74167 3.77 393
290.41833 -17.84722 3.93 482
326.76001 -16.12722 2.87 148
325.02292 -16.66222 3.68 355
343.66251 -15.82083 3.27 231
305.25293 -14.78139 3.08 191
304.51376 -12.54472 3.57 316
311.91916 -9.49583 3.77 396
343.15375 -7.57972 3.74 378
322.88959 -5.57111 2.91 158
286.56207 -4.88250 3.44 272
335.41418 -1.38722 3.84 432
331.44583 -0.31972 2.96 165
302.82626 -0.82139 3.23 218
298.11832 1.00556 3.90 469
291.37457 3.11472 3.36 251
318.95584 5.24778 3.92 479
332.54999 6.19778 3.53 298
298.82834 6.40667 3.71 366
297.69583 8.86833 0.77 12
326.04666 9.87500 2.39 83
296.56500 10.61333 2.72 120
340.36542 10.83139 3.40 260
286.35251 13.86333 2.99 170
309.38751 14.59528 3.63 340
346.19043 15.20528 2.49 92
309.90958 15.91194 3.77 395
296.84708 18.53417 3.82 417
299.68918 19.49222 3.47 281
341.63293 23.56556 3.95 493
342.50082 24.60167 3.48 284
