136.99918 -43.43250 2.21 66
153.68417 -42.12194 3.85 437
142.67500 -40.46667 3.60 327
202.76125 -39.40750 3.88 459
200.14917 -36.71222 2.75 123
130.02583 -35.30833 3.97 502
130.89792 -33.18639 3.68 352
173.25043 -31.85778 3.54 302
188.59666 -23.39667 2.65 108
182.53125 -22.61972 3.00 173
183.95168 -17.54194 2.59 99
187.46625 -16.51556 2.95 163
162.40625 -16.19361 3.11 193
156.52251 -16.83639 3.81 412
169.83542 -14.77861 3.56 309
152.64708 -12.35417 3.61 329
141.89667 -8.65861 1.98 48
190.41499 -1.44944 3.65 343
190.41499 -1.44944 3.68 353
144.96417 -1.14278 3.91 473
184.97667 -0.66694 3.89 464
177.67375 1.76472 3.61 330
138.59125 2.31417 3.88 457
193.90083 3.39750 3.38 256
145.28751 9.89222 3.52 291
158.20293 9.30667 3.85 438
195.54417 10.95917 2.83 139
170.98125 10.52917 3.94 485
152.09293 11.96722 1.35 22
177.26500 14.57194 2.14 63
