276.04291 -34.38472 1.85 37
252.54083 -34.29333 2.29 76
271.45209 -30.42417 2.99 169
285.65292 -29.88028 2.60 101
275.24875 -29.82806 2.70 119
286.73499 -27.67056 3.32 240
283.81625 -26.29667 2.02 52
281.41418 -26.99083 3.17 209
276.99249 -25.42167 2.81 136
260.50250 -24.99944 3.27 230
287.44083 -21.02361 2.89 155
284.43250 -21.10667 3.51 289
286.17084 -21.74167 3.77 393
273.44083 -21.05889 3.86 445
290.41833 -17.84722 3.93 482
257.59457 -15.72472 2.43 86
264.39667 -15.39861 3.54 303
305.25293 -14.78139 3.08 191
304.51376 -12.54472 3.57 316
269.75668 -9.77361 3.34 245
311.91916 -9.49583 3.77 396
278.80167 -8.24417 3.85 441
286.56207 -4.88250 3.44 272
275.32751 -2.89889 3.26 225
302.82626 -0.82139 3.23 218
298.11832 1.00556 3.90 469
266.97333 2.70722 3.75 382
270.16125 2.93167 3.97 505
291.37457 3.11472 3.36 251
265.86832 4.56722 2.77 128
298.82834 6.40667 3.71 366
297.69583 8.86833 0.77 12
254.41708 9.37500 3.20 213
271.83749 9.56389 3.73 375
296.56500 10.61333 2.72 120
263.73376 12.56000 2.08 60
286.35251 13.86333 2.99 170
258.66208 14.39028 3.48 283
309.38751 14.59528 3.63 340
309.90958 15.91194 3.77 395
296.84708 18.53417 3.82 417
299.68918 19.49222 3.47 281
275.92459 21.76972 3.84 431
258.75793 24.83917 3.14 203
