211.59293 -26.68250 3.27 229
188.59666 -23.39667 2.65 108
199.73042 -23.17167 3.00 174
182.53125 -22.61972 3.00 173
183.95168 -17.54194 2.59 99
187.46625 -16.51556 2.95 163
162.40625 -16.19361 3.11 193
169.83542 -14.77861 3.56 309
201.29832 -11.16139 0.98 15
220.76500 -5.65833 3.88 460
190.41499 -1.44944 3.65 343
190.41499 -1.44944 3.68 353
203.67332 -0.59583 3.37 252
184.97667 -0.66694 3.89 464
177.67375 1.76472 3.61 330
193.90083 3.39750 3.38 256
195.54417 10.95917 2.83 139
170.98125 10.52917 3.94 485
177.26500 14.57194 2.14 63
168.56000 15.42944 3.34 243
208.67125 18.39778 2.68 111
213.91542 19.18250 -0.04 3
168.52708 20.52361 2.56 96
221.24667 27.07417 2.70 118
