252.44624 -59.04139 3.76 388
313.70251 -58.45417 3.65 345
349.35751 -58.23583 3.99 513
306.41208 -56.73500 1.94 44
261.34833 -56.37750 3.34 244
261.32501 -55.53000 2.85 143
254.65500 -55.99028 3.13 201
342.13876 -51.31694 3.49 285
271.65793 -50.09167 3.66 348
262.96042 -49.87611 2.95 164
309.39166 -47.29139 3.11 195
332.05832 -46.96111 1.74 31
340.66708 -46.88472 2.10 61
276.74332 -45.96833 3.51 288
347.59000 -45.24667 3.90 470
337.31750 -43.49556 3.97 507
264.32999 -42.99778 1.87 40
266.89624 -40.12694 3.03 182
290.97168 -40.61611 3.97 506
265.62207 -39.03000 2.41 84
328.48209 -37.36500 3.01 178
267.46457 -37.04333 3.21 215
274.40668 -36.76167 3.11 194
276.04291 -34.38472 1.85 37
271.45209 -30.42417 2.99 169
285.65292 -29.88028 2.60 101
275.24875 -29.82806 2.70 119
286.73499 -27.67056 3.32 240
283.81625 -26.29667 2.02 52
281.41418 -26.99083 3.17 209
276.99249 -25.42167 2.81 136
321.66666 -22.41139 3.74 377
287.44083 -21.02361 2.89 155
284.43250 -21.10667 3.51 289
286.17084 -21.74167 3.77 393
273.44083 -21.05889 3.86 445
290.41833 -17.84722 3.93 482
326.76001 -16.12722 2.87 148
325.02292 -16.66222 3.68 355
305.25293 -14.78139 3.08 191
304.51376 -12.54472 3.57 316
311.91916 -9.49583 3.77 396
278.80167 -8.24417 3.85 441
322.88959 -5.57111 2.91 158
286.56207 -4.88250 3.44 272
275.32751 -2.89889 3.26 225
335.41418 -1.38722 3.84 432
331.44583 -0.31972 2.96 165
302.82626 -0.82139 3.23 218
