-7.40361 -12.91669 4.29 710
-4.82706 -13.23870 4.61 1011
-9.53308 -12.14521 5.28 2258
-4.63737 -13.60187 5.45 2691
-4.32890 -12.39085 5.55 3051
5.73380 -11.32442 5.00 1612
3.35660 -9.72033 5.75 3811
3.51975 -8.48195 4.47 865
-0.01830 -9.52288 5.05 1729
-4.75713 -8.58825 5.19 2037
-0.00650 -8.97676 5.35 2418
-1.61629 -8.34711 5.77 3916
11.30809 -6.50640 5.73 3738
-13.06166 -5.33402 5.98 4951
-13.60042 -4.51165 5.09 1804
2.94623 -6.42708 5.52 2922
1.50465 -4.42335 5.30 2315
-3.43215 -4.67613 5.88 4437
12.69348 -3.78413 5.94 4748
7.98297 -2.72343 5.28 2244
-4.16542 -2.75488 5.71 3631
-8.39498 -2.05266 5.80 4068
-12.35920 0.09499 4.54 953
4.61149 -1.18154 5.08 1773
-12.11442 1.55385 4.21 633
-6.23417 -0.74048 5.06 1749
12.81713 1.67672 5.20 2065
-9.78952 1.02298 5.76 3882
3.95321 0.78143 4.03 540
-3.04634 1.11294 5.39 2552
-7.07936 2.10009 5.00 1608
-3.73208 2.70074 5.70 3590
6.34634 4.13480 5.61 3264
-8.27653 5.46216 4.80 1255
-6.59800 4.75986 5.03 1674
-8.90677 5.41988 5.10 1822
7.77071 4.96664 5.42 2627
1.84913 4.84981 5.44 2681
-7.74402 5.28501 5.85 4268
-11.03054 7.95108 5.23 2122
-13.78313 8.11325 5.89 4489
-0.53619 5.85045 5.94 4745
-7.17088 8.31599 4.47 866
-11.25941 9.58310 4.84 1338
-2.79175 7.16567 5.27 2234
12.99807 10.30235 5.32 2353
8.79916 8.93298 5.60 3236
1.94147 8.77623 4.29 711
-7.19055 10.70471 5.80 4103
-13.25146 15.27510 5.80 4096
-4.26745 12.27643 5.87 4366
11.93405 15.35455 4.80 1257
