-13.23980 -15.38998 5.27 2239
11.24001 -14.03499 5.50 2887
-6.02621 -12.68855 5.14 1909
5.74492 -12.42921 5.70 3584
4.95867 -11.28099 5.82 4157
-10.12063 -11.31947 4.72 1155
-1.43374 -9.87104 5.94 4744
-1.95017 -8.51347 4.51 917
12.16475 -10.73264 5.17 2002
5.55814 -9.73092 5.22 2089
4.37510 -8.94262 5.61 3276
9.21399 -8.40078 5.61 3272
2.03149 -6.85857 4.81 1273
10.15483 -5.86141 4.40 805
-14.13741 -6.47386 5.61 3254
4.97648 -3.90162 -0.72 2
7.22458 -4.51994 4.39 799
-1.91753 -2.91930 5.17 1995
-1.07391 -3.62089 5.29 2287
9.60424 -4.06741 5.80 4092
4.96516 -3.19074 5.98 4934
-2.73624 -1.51954 3.85 441
13.03245 -3.28171 5.14 1920
10.05903 -2.53922 5.40 2577
6.63106 -2.85826 5.60 3235
0.17588 -1.66620 5.67 3468
14.22503 -4.35177 5.96 4862
10.86753 -1.76059 2.93 159
6.53335 -0.65470 5.27 2220
-8.83886 -1.43716 5.45 2696
14.22812 -0.95012 4.93 1478
-12.24615 -0.54659 5.03 1692
-12.84190 -0.05633 5.38 2513
8.82671 1.88164 4.93 1470
12.74605 0.56951 4.95 1528
5.87956 2.25063 5.76 3866
-6.97254 3.67180 5.46 2737
11.78768 3.70301 5.14 1908
-3.19208 4.59654 5.31 2334
-6.78575 5.28609 5.86 4305
1.13314 6.74731 5.93 4702
-0.33984 8.19809 5.81 4143
9.50913 8.81993 3.17 205
-0.21599 9.89027 3.96 498
2.01942 10.78849 5.50 2883
2.69218 13.29662 5.58 3133
-5.59803 12.66595 5.82 4160
-8.63226 12.09400 5.87 4348
