-1.39225 -13.04265 5.52 2949
10.05842 -10.78906 2.85 142
-6.67505 -10.94194 5.11 1850
7.11502 -10.42081 3.83 422
6.39777 -8.11935 4.97 1550
8.55781 -9.20289 5.11 1855
1.29097 -8.88265 5.61 3267
2.38871 -8.48875 5.61 3278
14.74452 -7.90244 5.72 3701
-0.36134 -7.93760 4.82 1302
-12.28097 -7.22811 5.30 2299
-12.57181 -6.60041 5.35 2420
9.08438 -7.39045 5.77 3940
-13.43494 -6.70656 5.83 4219
10.89536 -5.22954 4.04 543
-8.03094 -6.49382 4.53 932
-5.88666 -6.45623 4.93 1473
10.29601 -6.27878 5.49 2843
3.54470 -6.17073 5.90 4513
-13.35460 -4.45589 5.15 1943
6.77617 -4.63774 5.59 3199
5.74506 -3.15410 5.57 3095
-12.15302 -2.96746 5.71 3669
-3.95567 -1.50805 3.39 257
-7.92166 -1.98736 4.23 648
-7.07500 -2.02515 5.33 2374
13.19460 -1.81942 5.51 2911
-11.55260 -1.05459 5.90 4493
-2.29764 -0.50394 4.63 1036
-5.60348 -0.29595 4.70 1124
3.56954 -0.06983 5.81 4105
-0.59274 -0.97962 5.96 4861
-3.06046 1.36045 2.12 62
9.96010 0.54411 2.89 153
14.39582 1.78687 4.71 1139
-9.90624 0.79327 4.91 1450
-5.25728 1.56805 5.89 4486
6.36624 3.77072 3.77 397
0.35963 4.56520 4.95 1522
-2.55868 6.70890 3.80 406
-8.84809 6.38174 5.43 2657
-0.54536 5.52269 5.47 2776
7.32527 7.16134 5.66 3450
6.25473 8.06163 5.66 3437
2.97243 8.38374 5.31 2333
-6.68562 9.71775 5.88 4407
5.32717 10.92959 3.01 177
11.35933 11.52931 4.04 544
2.44694 11.06261 4.36 762
8.35799 11.33937 5.37 2492
-4.73038 10.09487 5.47 2777
12.67707 12.75260 4.14 600
3.80390 11.39927 4.23 647
2.80866 11.11568 5.47 2784
7.71193 12.36740 5.76 3885
2.45208 11.21426 5.82 4148
-1.52229 11.29053 5.90 4494
0.96845 13.64568 1.79 34
-2.46026 13.33464 4.05 551
-8.12589 13.23550 4.12 593
2.11185 13.17550 4.67 1094
1.82915 12.53957 4.98 1579
0.72953 12.73041 5.29 2297
1.98833 13.65043 5.58 3156
0.42623 12.52762 5.93 4697
