13.60436 -13.04371 5.22 2091
-14.99678 -12.40443 5.31 2345
-6.31267 -12.81388 5.92 4620
7.34573 -13.35615 5.93 4680
-8.76717 -13.17147 5.99 5009
12.13158 -12.45554 6.00 5078
-7.43962 -11.41573 4.47 873
11.28785 -11.20322 4.78 1231
7.80307 -11.75135 4.91 1441
1.64098 -11.24087 4.95 1530
3.42939 -11.31906 5.78 3961
-2.85830 -12.37405 5.89 4451
13.40076 -11.21818 5.90 4525
9.24928 -12.17996 5.95 4774
-8.92121 -10.39072 3.72 368
-2.31228 -9.82509 4.46 857
-9.22396 -10.29456 5.33 2385
-0.28049 -10.19596 5.34 2405
10.59903 -10.96751 5.98 4938
2.35486 -9.49896 4.59 989
0.97435 -8.87737 5.00 1623
4.91282 -8.55918 5.36 2468
3.87174 -9.22224 5.46 2743
6.60070 -8.05848 4.57 973
10.42261 -7.60749 5.97 4917
-9.88985 -5.96934 3.69 357
3.68418 -5.54893 4.20 630
-1.80190 -6.64713 5.50 2875
1.74987 -5.00324 1.64 26
-10.32124 -4.08239 3.19 212
9.59072 -4.79574 5.27 2235
12.04418 -3.43383 0.50 10
-8.58871 -2.97866 5.33 2393
-14.02234 -2.74509 5.39 2541
6.13299 -3.33717 5.88 4432
-9.99430 -1.40683 4.36 774
-4.10820 -2.04078 5.34 2411
0.58497 -2.15205 5.80 4080
5.11195 -0.06101 3.54 303
5.72183 -0.93746 4.09 574
14.46288 -0.25795 4.12 590
5.01103 -0.67245 4.41 807
-3.60284 -0.21924 5.43 2633
5.11307 -0.05986 5.61 3251
9.11183 -0.56582 5.79 4050
10.18880 -0.06185 5.80 4078
12.41354 -0.50788 5.99 4994
-8.49197 0.28859 4.65 1059
5.13589 0.35899 5.60 3232
-8.49747 2.04604 5.19 2030
-11.47296 2.50917 5.37 2494
-12.04192 1.75072 5.40 2572
-1.32020 1.83944 5.56 3071
12.45906 2.28390 5.87 4357
5.74796 1.45847 5.94 4751
-14.14627 3.72128 4.27 681
9.93269 3.77356 4.91 1451
-13.50504 3.26056 5.46 2727
13.11587 4.09673 5.70 3576
-7.90623 4.91417 4.07 559
9.27408 5.48366 5.29 2286
-9.18007 5.96731 4.74 1177
10.19664 6.07537 5.52 2946
10.84117 5.91100 5.59 3197
4.63109 5.94192 5.64 3354
9.09006 6.29448 5.72 3676
-5.12314 7.46845 4.68 1103
-13.61255 8.46741 4.69 1118
-3.41473 7.70996 4.82 1298
-13.65923 8.30330 5.07 1754
2.56970 8.08427 5.50 2862
-8.04713 7.03016 5.81 4134
3.46213 7.38275 5.94 4734
8.89681 8.14331 6.00 5072
7.05331 9.08033 4.86 1373
-2.74938 8.32341 5.18 2012
-13.98888 8.64829 5.79 4052
1.45739 10.17120 4.99 1603
2.35787 10.98556 5.42 2628
4.03902 9.74627 5.46 2745
-7.48265 9.95716 5.48 2817
9.06867 10.81590 5.49 2836
5.63716 9.75166 5.54 2992
2.64655 9.97976 5.77 3947
4.01141 11.89265 4.38 789
-4.12152 11.96550 5.00 1624
-9.43105 12.39468 5.10 1816
4.44443 11.82451 5.69 3529
14.36672 13.86507 5.14 1921
11.50592 13.78284 5.92 4644
