-11.71034 -13.35187 4.66 1073
13.81747 -13.13861 5.16 1974
-1.82497 -13.44851 5.61 3270
-2.60936 -12.41828 3.90 469
-14.52205 -12.28191 5.10 1829
-10.77147 -11.07121 5.80 4097
-10.97407 -9.69150 5.85 4275
-11.96903 -9.42485 3.36 251
-15.07114 -6.97113 5.59 3204
-7.13356 -6.28522 5.17 1982
7.95319 -6.35362 5.31 2339
-1.59779 -4.92529 3.71 363
-8.84240 -3.52749 4.45 848
1.40706 -3.72858 5.52 2941
-4.87462 -3.24994 5.91 4602
-3.11980 -1.54022 0.77 12
-1.94874 -2.10386 4.71 1134
0.33244 -1.97488 5.91 4559
-4.62891 0.86548 2.72 120
13.31270 0.31743 5.05 1720
-3.02290 0.57977 5.11 1835
11.22750 1.94485 4.03 538
-11.82678 2.85125 5.16 1972
-5.85522 2.54795 5.27 2226
-14.30551 2.45059 5.28 2247
-1.26280 1.95231 5.28 2266
12.80667 2.09606 5.43 2640
-3.79079 2.50655 5.72 3705
-7.79104 1.82089 5.98 4950
-13.63591 3.51187 5.53 2958
11.41806 4.34054 5.38 2505
13.04176 4.79942 5.72 3704
-11.29828 4.33195 5.74 3763
6.68623 4.93341 5.95 4773
12.58579 6.56747 3.63 338
11.81989 6.64685 4.68 1096
-10.23798 6.48022 5.56 3087
-14.64311 6.58814 5.63 3336
13.85755 6.60541 5.99 5000
13.24267 8.44101 3.77 393
14.58569 7.32924 4.43 835
4.74184 7.17586 4.95 1525
13.05696 8.32851 5.97 4888
-1.31387 9.12960 5.36 2449
-0.74046 9.34180 5.53 2970
-7.52644 8.99420 5.66 3454
1.15811 8.29240 5.67 3493
-6.25476 10.37455 4.37 779
0.01812 10.35268 5.37 2483
1.35328 9.73458 5.80 4079
6.71378 10.83003 5.80 4084
-4.14330 11.81042 3.82 413
-6.55888 11.13523 4.37 786
1.07457 11.72917 5.96 4827
-0.40681 13.11912 3.47 276
-8.34055 13.67372 5.00 1615
-3.61302 12.65542 5.00 1630
1.68534 13.82865 5.10 1815
-11.36330 13.84518 5.16 1958
-11.02586 13.96030 5.81 4114
