-10.23420 -16.49586 5.28 2248
6.00615 -14.29743 5.45 2713
1.93492 -13.06215 5.47 2785
7.91028 -14.77080 5.53 2979
11.61449 -18.71856 5.79 4012
11.99215 -17.97382 5.47 2771
-8.37885 -14.88778 5.57 3120
-7.45302 -13.32440 5.70 3577
12.43399 -15.39902 4.35 750
-8.99645 -12.62988 5.52 2939
12.85553 -14.69950 4.07 560
0.96612 -8.74354 5.19 2033
-12.55115 -11.07547 4.75 1187
-8.47920 -7.49426 3.24 221
4.51220 -7.00448 5.09 1795
-2.21268 -6.89357 5.47 2754
1.41560 -5.17452 5.78 3970
-1.89491 -1.86802 5.31 2331
12.12037 -3.44595 3.78 399
10.03219 -3.23716 5.40 2571
-4.11969 -1.58963 5.54 3017
12.11661 -3.44159 5.69 3550
7.71219 -0.61615 5.38 2524
7.28026 -0.91896 5.56 3067
-13.45219 -2.29967 5.96 4856
5.99448 0.98736 5.06 1748
-0.82971 3.84711 4.83 1316
12.60773 0.26742 5.17 1994
4.01401 4.00623 5.11 1833
6.40706 4.83880 5.71 3622
3.49102 5.67781 4.35 753
7.23759 5.30953 5.01 1633
-13.78699 4.47386 3.85 437
1.94336 7.88176 5.34 2413
5.31200 9.15295 4.65 1058
-1.91812 9.03168 5.20 2054
-8.91995 8.07370 5.24 2137
-9.60542 8.09677 5.87 4345
-10.39033 9.02703 3.35 246
2.17253 10.28599 3.76 386
-12.63456 8.83848 4.51 911
7.56807 10.11493 5.05 1719
-6.97730 10.32970 5.40 2569
-10.43495 9.42498 5.45 2698
-8.28447 9.45200 5.75 3850
-7.29117 9.21442 5.79 4053
-13.32408 9.74596 4.56 965
-13.05858 10.30993 4.97 1553
-9.10818 11.12003 5.94 4747
10.98888 12.07234 5.80 4101
