-7.40350 -12.26546 5.02 1652
-7.63707 -12.34007 5.02 1663
-5.87227 -13.14954 5.24 2154
7.38290 -10.88062 5.04 1710
8.70611 -9.97558 4.20 629
-1.86660 -10.37648 4.62 1023
-1.14172 -10.22974 5.75 3818
3.00985 -10.45176 5.87 4376
12.14503 -9.83959 5.87 4389
-1.35080 -9.43017 5.37 2478
2.13393 -6.92511 4.26 674
11.77259 -4.59422 4.82 1289
7.64558 -5.65891 5.65 3404
4.67940 -4.90933 3.89 464
0.66664 -5.43306 4.76 1203
-5.10311 -4.21289 5.75 3817
8.53629 -4.15143 5.79 4055
-13.01224 -2.02745 4.76 1201
12.39218 -2.47285 6.00 5058
8.72798 -0.91004 4.90 1431
-12.50430 -1.41795 5.57 3115
-14.15247 0.99760 5.63 3326
4.30797 -1.18112 5.91 4560
-4.67547 0.74831 5.84 4252
-8.43324 3.26329 5.66 3431
7.49200 4.48221 5.08 1781
-3.59019 3.34126 5.51 2907
7.48844 4.44818 5.53 2986
0.43235 3.99792 5.93 4695
-4.99835 5.59771 5.97 4921
-0.43818 6.52087 4.95 1521
-10.71085 7.28331 5.25 2175
-4.78221 6.56031 5.74 3757
13.05808 7.66357 5.80 4094
13.05840 7.66364 5.83 4214
-4.48018 6.36668 5.87 4359
4.79165 7.35804 5.74 3760
-1.49290 8.02750 5.81 4104
-2.41624 7.43832 5.86 4334
-2.61598 7.58331 5.92 4633
8.55859 10.04559 4.85 1363
7.31603 8.77498 5.29 2272
-6.26639 12.79599 3.29 233
0.34095 11.81854 4.01 528
3.01905 13.58861 5.40 2566
-12.14371 14.43414 5.46 2751
