-14.23615 -13.13798 5.16 1974
14.40941 -12.96807 5.58 3160
7.69984 -12.01824 5.67 3490
6.76749 -10.67544 5.10 1818
9.43326 -10.04378 5.64 3366
-7.19926 -7.81544 5.23 2114
-1.42893 -6.52139 3.92 478
7.62762 -5.89019 5.30 2308
-5.27921 -6.15401 5.61 3280
6.34280 -5.77487 5.67 3485
-4.97481 -5.52736 5.94 4714
0.98510 -4.37060 5.16 1962
-11.05878 -5.39336 5.58 3162
13.80411 -4.35796 6.00 5061
0.36707 -3.62526 5.82 4177
-6.78895 -3.36447 5.99 5017
14.09522 -2.20495 5.65 3412
8.18661 -0.09702 2.39 82
-1.86078 0.01340 4.49 883
-3.25678 0.19238 4.69 1115
-13.91657 0.33581 5.05 1720
-7.27332 1.21364 5.48 2819
-14.31470 2.14777 5.43 2640
14.70820 2.17418 5.80 4066
-0.38068 1.64825 5.96 4842
12.47685 3.05559 5.54 2988
-8.17584 3.61450 5.58 3135
-10.21532 3.63514 5.98 4971
-8.15701 5.20646 5.17 1983
13.86016 4.55953 5.60 3247
-13.91296 4.83434 5.72 3704
-14.26167 6.64109 3.63 338
8.17483 6.66178 5.94 4754
-12.98880 6.56727 5.99 5000
-13.48900 8.45281 3.77 393
-12.22365 7.22207 4.43 835
-13.68140 8.35828 5.97 4888
-11.10104 8.64438 4.27 683
-11.10552 8.64493 5.14 1928
8.10455 10.25100 4.34 744
9.98730 10.22790 5.29 2290
0.68209 13.55972 4.08 568
5.82402 12.95016 5.45 2701
-6.41062 12.98143 5.65 3386
11.06785 13.64448 5.68 3511
10.37842 13.83646 5.77 3908
