0.17783 -13.63093 4.11 587
3.68188 -11.70620 5.92 4646
2.98405 -7.83904 5.47 2768
13.39779 -8.62334 5.71 3665
2.85950 -8.06765 5.92 4615
-0.85494 -6.28609 5.79 4016
-1.94527 -6.39832 5.90 4509
-3.41467 -5.27634 5.14 1926
2.63046 -3.32443 4.46 858
-7.99656 -1.23311 5.28 2259
-11.55888 -0.49213 5.35 2435
-1.13952 -0.06602 5.75 3792
-0.49958 -0.26682 5.83 4213
-10.65667 0.55798 4.69 1108
9.64583 1.05976 3.87 450
-1.85764 2.40935 4.90 1432
6.54831 2.46852 5.89 4492
11.48435 1.18734 5.91 4547
2.99828 2.78948 5.39 2543
14.24898 3.01147 5.93 4666
6.09899 6.37439 5.71 3624
12.51834 7.63091 5.61 3259
7.08270 8.62718 4.09 575
-5.50672 8.41555 5.20 2066
5.48481 8.35294 5.45 2706
13.16483 8.27081 5.52 2934
5.72021 8.70119 5.84 4250
-13.93761 9.78131 4.85 1361
12.32069 9.91440 4.88 1395
4.34362 10.45224 5.95 4800
12.78704 10.95135 3.69 359
-13.02886 11.90278 4.00 514
3.57378 12.38975 4.75 1189
-8.76160 12.23908 5.86 4310
-13.13898 12.25704 5.41 2601
-4.38357 13.72957 5.88 4418
