-5.67096 -13.68096 5.28 2248
10.35612 -17.20177 5.45 2713
6.84415 -14.60722 5.47 2785
12.04718 -18.32582 5.53 2979
-3.44887 -12.80607 5.57 3120
-2.09247 -11.65458 5.70 3577
-3.30368 -10.48724 5.52 2939
7.32220 -10.17363 5.19 2033
-6.08810 -7.85943 4.75 1187
-1.18953 -5.84726 3.24 221
11.30319 -9.71954 5.09 1795
4.89333 -7.35116 5.47 2754
-9.18181 -6.89851 5.01 1650
8.91556 -6.92933 5.78 3970
6.82278 -2.69042 5.31 2331
-6.09976 -3.34092 5.53 2982
4.79843 -1.70257 5.54 3017
-4.14569 0.61712 5.96 4856
-12.00756 -0.59936 4.09 576
-10.06761 0.71556 4.11 577
9.70049 2.40443 4.83 1316
-9.61056 1.80798 4.84 1344
-13.36562 0.04715 5.55 3044
-13.27260 0.23464 5.69 3537
-3.98069 4.58014 5.83 4212
-2.31094 7.05843 3.85 437
-9.15054 7.03629 4.99 1598
13.70041 5.38073 5.34 2413
10.34484 7.69589 5.20 2054
3.37655 8.95179 5.24 2137
-11.26413 6.98896 5.74 3779
2.73975 9.18361 5.87 4345
2.30131 10.30103 3.35 246
0.14471 10.80402 4.51 911
-4.79835 9.43249 4.72 1147
-6.64145 9.77736 5.24 2140
-11.09728 8.34956 5.26 2204
5.93673 10.49298 5.40 2569
2.38683 10.69004 5.45 2698
-6.69515 9.67089 5.54 3013
4.41794 10.06069 5.75 3850
5.27994 9.53165 5.79 4053
-0.20800 11.86506 4.56 965
0.21842 12.31558 4.97 1553
4.17731 11.88951 5.94 4747
