-3.14678 -12.91169 5.28 2248
12.15559 -19.20812 5.45 2713
9.07133 -16.00799 5.47 2785
-0.82494 -12.43432 5.57 3120
0.69703 -11.53375 5.70 3577
-12.28280 -14.81291 2.80 132
-0.30450 -10.17657 5.52 2939
-12.36827 -15.22436 5.97 4905
10.27944 -11.69324 5.19 2033
-2.60958 -7.12002 4.75 1187
2.53554 -5.96087 3.24 221
-12.81024 -11.01557 5.07 1766
8.32109 -8.47669 5.47 2754
-5.47747 -5.65910 5.01 1650
12.40970 -8.74506 5.78 3970
11.01456 -4.17904 5.31 2331
-1.88666 -2.67571 5.53 2982
9.15611 -2.86098 5.54 3017
0.67692 0.90103 5.96 4856
-7.21012 0.97775 4.09 576
-5.10844 1.95432 4.11 577
-10.92868 1.32446 4.69 1105
-4.48554 2.95294 4.84 1344
-8.42480 1.82912 5.55 3044
-8.30429 1.99767 5.69 3537
1.48557 4.78061 5.83 4212
3.53742 6.96099 3.85 437
-3.18852 8.01419 4.99 1598
9.49222 7.93644 5.24 2137
-5.25953 8.29774 5.74 3779
8.89585 8.26681 5.87 4345
8.64301 9.44351 3.35 246
6.58215 10.27868 4.51 911
1.47167 9.69354 4.72 1147
-0.28454 10.31956 5.24 2140
-4.87664 9.60662 5.26 2204
12.30377 9.06314 5.40 2569
8.79211 9.81578 5.45 2698
-0.35459 10.22305 5.54 3013
10.71390 8.87272 5.75 3850
11.48804 8.21141 5.79 4053
-13.24108 9.52014 2.86 144
6.40619 11.38358 4.56 965
6.90324 11.76349 4.97 1553
10.77495 10.72619 5.94 4747
-9.43360 12.39031 5.35 2429
