3.88147 -11.19599 1.79 35
-14.01758 -9.47940 5.13 1900
8.73348 -11.42349 5.48 2807
7.99617 -10.57143 5.83 4223
-10.61270 -8.11315 3.67 351
-13.50126 -6.52665 4.67 1088
-2.25279 -6.01222 4.97 1557
0.27436 -5.87580 5.12 1881
-3.17410 -6.57631 5.82 4166
-12.13882 -2.02127 5.14 1913
8.39552 -3.40257 5.30 2314
-12.47384 -0.75539 4.76 1210
-11.75185 -1.77985 4.80 1264
-7.95947 -2.76187 5.94 4712
0.66691 -3.54040 6.00 5069
0.22712 -2.13137 5.75 3852
-2.34961 -1.62485 5.96 4859
6.17857 -0.26494 3.84 431
13.06618 2.80950 3.87 453
-7.66571 0.80319 4.56 962
13.05728 1.89626 4.95 1515
0.37517 -1.26292 5.00 1625
6.73245 -0.15332 5.20 2064
-6.96227 -0.21951 5.69 3530
1.59256 -0.15600 5.93 4689
13.05353 3.16663 4.94 1495
10.82558 2.41898 5.71 3659
-5.91540 3.79149 5.17 1989
-6.75364 3.94203 5.72 3688
-4.18370 4.31090 5.83 4190
-8.32424 5.51706 5.96 4858
-13.81313 7.43236 5.98 4968
-0.41672 7.85376 4.84 1343
8.50199 8.89331 5.38 2499
-11.33503 11.40400 5.54 3005
6.54277 10.71068 5.80 4060
6.68606 11.83508 5.14 1930
10.58578 15.92946 5.77 3943
11.97960 16.10069 5.91 4596
-9.23041 16.34164 5.42 2608
