-1.75018 -13.45049 5.38 2524
-2.06494 -13.88693 5.56 3067
10.97741 -13.89804 4.35 757
-3.90386 -12.45871 5.06 1748
4.76911 -11.32652 3.98 510
-11.42484 -11.91236 4.83 1316
2.57700 -11.01414 5.17 1994
-6.75680 -10.18335 5.11 1833
-4.72475 -8.62263 5.71 3622
9.62616 -9.87497 5.79 4034
-7.77982 -8.74356 4.35 753
-4.08300 -7.91310 5.01 1633
13.79901 -10.46249 5.07 1750
-9.95146 -7.12267 5.34 2413
-7.10664 -4.87313 4.65 1058
12.18156 -6.82693 4.82 1291
-10.46041 -4.76576 3.76 386
-5.26609 -3.28750 5.05 1719
1.31952 -2.68035 3.27 229
13.31575 -2.83943 5.17 2003
13.12571 -2.36900 5.60 3241
12.79099 -2.59214 5.74 3764
11.69967 -1.93452 5.78 3997
-2.67620 -0.46496 5.80 4101
13.08812 -3.11450 5.81 4145
4.07880 0.94771 5.50 2887
-12.97483 -0.31254 5.14 1909
-1.42564 1.68494 5.70 3584
-2.34734 2.68062 5.82 4157
13.81672 1.77703 5.63 3319
-8.84840 3.12083 5.94 4744
-9.57210 4.38138 4.51 917
4.56807 4.25258 5.17 2002
-1.97305 4.27610 5.22 2089
13.08114 3.26293 5.59 3187
-3.24249 4.87674 5.61 3276
1.42061 6.10108 5.61 3272
-5.85718 6.59526 4.81 1273
10.10523 6.78029 5.96 4855
2.01343 8.73481 4.40 805
-3.35668 9.96248 -0.72 2
-1.04336 9.65845 4.39 799
11.68103 9.14113 4.94 1505
-10.41938 9.98192 5.17 1995
-9.45631 9.39193 5.29 2287
8.62925 10.29552 5.39 2537
1.24194 10.44209 5.80 4092
10.46212 9.20074 5.87 4352
7.42847 9.87050 5.97 4893
-3.46871 10.67521 5.98 4934
-11.47539 11.28986 3.85 441
10.10595 11.59385 5.10 1812
4.50503 11.70030 5.14 1920
1.49104 12.03630 5.40 2577
-1.85860 11.24176 5.60 3235
-8.49935 11.54883 5.67 3468
5.79760 10.79762 5.96 4862
2.18780 12.93110 2.93 159
-2.26210 13.45796 5.27 2220
