1.23892 -12.85811 2.45 89
2.41933 -12.66649 5.54 3000
-6.49529 -12.53649 1.50 23
7.23938 -12.54774 3.96 497
7.18431 -11.77912 4.59 997
4.68811 -11.61878 4.64 1054
-5.59185 -11.04124 3.47 280
-1.04383 -10.86453 4.64 1049
1.06504 -10.79917 5.38 2517
-2.96534 -10.34661 5.46 2739
-1.58200 -9.69472 5.58 3146
4.48557 -9.71559 5.77 3938
-3.58446 -8.83207 1.84 36
-1.59715 -9.32619 3.85 435
5.80210 -9.46636 4.50 902
5.80459 -9.46915 4.62 1021
-1.77409 -8.74478 4.66 1072
-0.35339 -9.05887 5.28 2243
7.05610 -8.88981 5.64 3367
8.72735 -8.39503 4.50 894
5.69533 -7.46580 4.70 1128
-6.66253 -7.57004 5.59 3212
-5.88909 -7.26547 5.63 3344
-3.20011 -7.21412 5.69 3528
1.68643 -7.17350 5.78 3965
0.33181 -8.09648 5.87 4373
-2.41389 -8.18494 5.92 4627
15.04631 -6.55165 2.81 135
9.17175 -6.91849 3.34 244
-8.12754 -5.92817 3.87 448
-0.40294 -6.80161 4.40 804
-0.41492 -6.25659 4.98 1573
9.08438 -6.98681 5.33 2376
-7.02221 -6.49869 5.46 2724
7.69108 -6.58741 5.62 3306
4.11067 -6.51504 5.85 4303
-5.33542 -5.33721 3.02 179
-1.06659 -4.54848 4.79 1237
3.11145 -4.17168 4.85 1356
12.40814 -4.95900 5.11 1854
2.20510 -4.24337 5.61 3271
-3.96489 -5.31096 5.71 3648
4.50648 -4.81871 5.83 4189
4.50908 -4.82030 5.87 4368
11.72122 -4.31487 4.20 628
4.45948 -3.19787 4.45 853
-7.66872 -4.18974 5.30 2305
8.64539 -3.64967 5.90 4530
2.43753 -3.93527 5.95 4785
10.17963 -1.86260 5.63 3329
-7.85961 -0.33080 4.68 1100
-8.52858 -0.47731 4.83 1333
-8.03348 -0.70687 5.74 3776
-2.65822 -1.22652 5.84 4226
-14.14108 0.57704 3.95 487
0.72027 1.34555 4.96 1545
-8.67053 1.15979 5.64 3357
4.30668 0.76292 5.66 3434
5.38505 0.34167 5.74 3765
6.53499 0.36737 5.93 4691
-13.82943 2.01538 4.43 828
13.06623 1.83297 4.61 1014
-14.29666 1.39857 5.70 3575
-7.84472 3.91749 4.37 777
9.76485 3.61065 5.18 2011
2.32657 2.91464 5.63 3332
-9.75657 3.81092 5.79 4007
-11.52174 4.24896 -1.46 1
1.53828 5.20540 5.33 2372
-0.17496 4.94310 5.70 3607
-5.37793 5.93973 4.12 591
6.77163 6.42114 4.94 1503
-10.34802 6.48071 5.39 2560
-1.24312 6.05394 5.46 2726
-13.71546 7.74449 4.82 1309
4.59865 7.48694 4.97 1554
-8.00265 8.08425 5.00 1629
8.66898 7.34245 5.04 1693
-11.11024 7.45589 5.29 2276
-11.37690 6.92891 5.32 2360
0.32327 7.74821 5.45 2689
10.79921 6.88018 5.69 3563
5.35712 7.51759 5.70 3614
10.67866 8.20855 5.17 1991
1.71912 8.58547 5.78 3969
-14.65044 8.86659 5.97 4887
-8.75879 10.86895 4.07 558
9.48042 10.63400 5.48 2810
-4.52902 11.98815 5.39 2534
-2.33790 12.06727 5.78 3979
2.66668 11.63696 5.79 4039
-11.48347 13.53417 5.66 3449
3.20239 13.36192 5.75 3827
-1.46071 13.00909 5.95 4778
