-11.22170 -10.89386 5.50 2853
10.55699 -12.22796 5.94 4739
5.78643 -10.78322 5.57 3125
14.41663 -8.65665 5.94 4763
-4.95701 -6.89696 5.68 3517
3.80640 -6.36208 3.62 335
-11.13913 -5.99064 5.38 2512
-14.47190 -6.18405 5.89 4468
-10.22700 -3.99126 5.07 1758
9.28137 -4.00608 5.84 4245
6.48944 -4.84937 5.97 4909
-1.93629 -5.29572 5.98 4932
12.27448 -2.68317 5.10 1813
5.20992 -3.46246 5.80 4081
4.81931 -2.05922 5.89 4462
10.89969 -0.70343 4.75 1192
10.89953 -0.70037 4.83 1312
2.02324 -1.12456 5.38 2514
2.16469 -1.02999 5.50 2871
-3.28380 -0.44296 5.55 3021
-8.24575 -0.96113 5.74 3785
11.15606 1.40672 2.64 106
7.24398 0.49110 5.24 2147
-3.86013 1.04820 5.55 3038
1.09540 0.64496 5.97 4881
-2.73243 1.43538 4.66 1083
-4.56792 2.07027 5.34 2404
-12.88064 2.38282 5.36 2452
-4.56389 2.05913 5.56 3083
12.75579 1.84641 5.87 4338
-13.08077 2.13430 5.87 4379
9.60099 3.35723 5.86 4316
-7.19212 4.82794 4.42 823
12.00968 5.33042 4.79 1246
-7.89230 5.14851 5.47 2769
11.34415 5.26128 5.74 3769
-10.27685 6.15661 4.06 554
-1.95286 6.30127 4.65 1055
13.64044 8.73025 5.63 3318
-3.00613 7.52390 5.80 4072
-0.16361 10.00118 4.76 1204
11.61194 11.20492 5.82 4168
0.34116 12.05982 5.23 2131
-6.73501 12.57585 5.42 2617
10.04059 13.60418 3.41 264
-12.64011 13.43327 4.37 778
