-12.47709 -12.99054 5.16 1959
3.84913 -11.49824 5.44 2665
14.00246 -9.30885 5.35 2448
-6.24377 -10.57930 5.59 3211
3.80219 -8.23229 4.04 545
-8.14487 -8.59180 5.00 1606
11.03317 -8.36101 5.84 4255
13.89446 -6.06662 5.17 1979
-9.66032 -5.56736 5.67 3473
5.02142 -4.02959 5.01 1642
8.62902 -3.60382 6.00 5026
-14.40656 -0.43349 5.37 2480
3.33133 -1.48072 5.77 3921
-4.13650 -1.07686 5.05 1714
12.02518 0.06236 5.96 4824
12.39238 1.48148 4.48 875
2.86808 1.03410 4.92 1461
-11.04487 2.02447 5.02 1653
4.40324 0.88086 5.38 2519
11.24329 1.39270 5.53 2984
13.49092 2.13235 5.96 4835
-9.26427 2.72789 2.23 70
10.56030 3.27238 3.79 401
11.67065 2.77770 5.73 3732
-12.44124 3.74901 5.99 5015
-1.26721 3.23808 5.36 2467
2.39128 4.12591 5.51 2918
9.94624 3.99765 5.75 3820
5.94307 3.61630 5.81 4112
1.38646 4.11177 5.88 4412
-0.02520 3.00880 6.00 5044
7.59710 5.11368 3.77 394
5.09744 4.87990 5.38 2520
-11.36548 6.34247 5.75 3795
11.58875 8.05467 5.82 4162
-5.90849 6.19085 5.95 4790
-13.31704 8.73713 4.87 1381
-13.33127 8.75667 4.88 1399
0.51219 7.61179 5.04 1706
4.02232 7.92472 5.48 2796
-8.76104 10.20871 3.75 384
5.97221 9.78659 5.12 1868
-1.39328 9.71610 4.77 1220
6.26167 11.01117 4.99 1582
13.59901 12.22856 5.14 1914
3.08314 10.86490 5.66 3446
7.44527 11.09084 5.91 4597
13.61007 14.18143 4.96 1546
-2.88775 12.23482 4.98 1567
1.97928 13.01475 4.66 1086
