12.52653 -12.19998 5.42 2621
-2.05447 -10.50997 5.42 2606
-8.69820 -9.76551 4.11 585
-7.18629 -8.81940 5.70 3587
5.00773 -8.56231 5.73 3720
13.86172 -10.00211 5.96 4832
-10.60143 -7.57503 4.14 601
-4.01213 -6.92023 4.50 896
-9.55874 -8.22429 5.86 4322
6.95180 -4.60501 5.24 2138
2.11227 -3.31580 3.74 377
0.95140 -3.65979 5.60 3244
2.77514 -2.49523 4.51 907
-3.65480 -1.66774 5.30 2316
2.31418 -1.65141 5.78 3978
-10.84352 -2.36813 5.93 4693
-1.39960 -0.89713 5.24 2152
1.33116 -1.17102 5.41 2585
4.78019 -0.16883 5.69 3562
5.52174 0.66252 4.68 1098
-5.02793 0.14044 4.84 1339
7.36170 1.43476 4.73 1168
-13.11577 2.19289 5.10 1830
-4.60540 3.75045 4.07 562
-0.66633 2.75915 5.43 2637
-8.24240 2.70568 5.78 3993
8.94875 5.16428 2.87 147
6.61516 4.49255 3.68 354
0.73734 4.33824 4.28 698
-13.11810 5.00050 5.80 4074
-7.38280 5.34326 5.87 4386
-1.40997 6.62449 5.28 2261
7.21378 8.09790 5.18 2004
-13.64761 6.61188 5.22 2084
7.71034 7.59639 5.88 4401
8.01010 7.10283 5.99 5012
11.22167 8.67515 5.08 1784
1.40991 9.80033 5.49 2846
-9.92393 10.12760 5.88 4426
-3.53435 11.88964 4.51 912
9.04442 11.80934 5.58 3170
