5.67191 -12.67379 5.49 2834
-10.38729 -11.16937 5.78 3952
8.91150 -12.04339 5.99 5008
2.06301 -8.83663 3.95 488
12.90533 -8.14164 4.60 1003
3.12895 -7.38579 3.48 284
-8.71277 -6.70877 5.92 4630
-10.28839 -6.06999 3.76 385
8.43304 -6.00315 4.76 1205
-14.62579 -4.93093 5.08 1778
14.97136 -5.96672 5.98 4945
-10.72151 -4.19301 5.78 3981
-3.31735 -4.40198 5.79 4004
7.20179 -2.45029 2.42 85
-5.63900 -2.17760 4.81 1271
-14.38651 -0.93180 5.53 2973
-10.36158 -1.04141 5.70 3612
-7.94631 -1.68702 5.89 4475
0.52447 -0.94736 4.79 1252
0.88800 0.30610 2.94 161
12.13346 1.11690 5.59 3201
12.28289 3.07688 5.32 2352
-3.56074 2.57108 5.98 4974
13.07645 3.95592 5.57 3108
-2.88031 3.55888 5.65 3411
-8.64221 4.66743 4.29 707
-8.86316 4.67501 5.58 3149
-7.71099 6.58029 5.33 2379
4.37096 8.82325 5.74 3773
-6.57767 10.88964 4.13 597
2.24391 10.23793 5.90 4501
4.14361 9.82329 5.91 4576
11.17940 11.90587 5.77 3890
-6.99465 13.69124 4.49 890
-0.19876 12.49764 4.88 1407
13.89965 13.75978 5.22 2101
-1.10406 13.32508 5.73 3734
-2.01873 13.54542 5.88 4442
1.09505 13.08752 5.95 4796
