-6.62519 -11.88106 5.68 3502
-10.37871 -11.06676 5.97 4890
-8.46514 -9.95515 5.92 4640
10.53750 -8.36046 5.17 1989
9.78091 -8.76564 5.72 3688
11.57342 -6.85678 5.83 4190
7.55774 -8.49226 5.96 4858
2.15544 -10.36519 5.98 4968
0.01860 -8.35993 5.41 2594
12.27557 -1.68366 4.84 1343
1.64835 -5.75270 5.54 3005
-4.58334 -3.55476 4.55 957
-5.56445 -1.79119 5.73 3747
-9.36716 2.23860 5.05 1722
0.29909 -0.70941 5.42 2608
-4.50281 0.12281 5.45 2693
-10.83539 6.82207 5.10 1809
-10.13720 6.14476 5.43 2642
4.87638 2.85355 4.29 712
-8.54882 5.12774 5.07 1764
10.20012 8.50017 6.00 5051
-1.30570 3.38593 4.96 1540
6.25947 5.63135 5.26 2199
8.71106 11.01281 5.28 2249
-7.28834 8.15571 5.46 2750
-6.81989 8.60591 5.57 3122
8.70256 11.01060 5.85 4302
4.80552 7.45758 5.50 2868
-6.48682 11.02728 5.61 3273
-4.42337 18.69205 5.90 4533
-3.00544 18.48158 5.27 2215
-5.09541 15.01143 4.25 658
2.88065 17.72392 4.36 764
2.57634 17.26872 5.79 4049
-3.93901 11.28586 5.86 4323
-2.95767 16.20194 5.58 3165
-0.34912 9.67643 5.07 1759
-1.01308 13.69090 2.02 52
