13.16124 -10.59261 4.94 1495
10.93315 -11.35392 5.71 3659
-5.95590 -9.95827 5.17 1989
-6.79761 -9.80572 5.72 3688
-4.20748 -9.43234 5.83 4190
-8.34913 -8.21569 5.96 4858
-13.79579 -6.29707 5.98 4968
-0.41581 -5.87712 4.84 1343
8.46398 -4.84448 5.38 2499
-11.22227 -2.36988 5.54 3005
6.48754 -3.05051 5.80 4060
6.61331 -1.94773 5.14 1930
10.37758 2.02245 5.77 3943
11.73962 2.18694 5.91 4596
-9.04078 2.41822 5.42 2608
-3.21144 2.25529 4.29 712
4.38522 3.21574 6.00 5051
-7.66958 6.63093 4.96 1540
-0.39594 3.51371 5.26 2199
9.19771 8.99032 5.64 3378
7.12663 6.74712 5.98 4936
4.83385 6.07227 5.28 2249
-9.30145 14.24692 5.46 2750
-8.64110 14.28614 5.57 3122
4.82609 6.07599 5.85 4302
-0.35429 5.84159 5.50 2868
-6.81899 15.94049 5.61 3273
-3.17950 18.09020 4.25 658
4.64050 14.92714 4.36 764
0.64055 19.36661 5.27 2215
4.12511 14.77859 5.79 4049
-4.66307 14.45746 5.86 4323
-0.76945 17.58984 5.58 3165
-2.90727 10.86937 5.07 1759
-0.86835 14.38660 2.02 52
