311.23959 -66.20306 3.42 267
302.18167 -66.18194 3.56 311
56.05000 -64.80694 3.85 433
29.69250 -61.56972 2.86 144
334.62543 -60.25972 2.86 145
313.70251 -58.45417 3.65 345
349.35751 -58.23583 3.99 513
24.42875 -57.23667 0.46 9
306.41208 -56.73500 1.94 44
17.09625 -55.24583 3.92 477
342.13876 -51.31694 3.49 285
34.12750 -51.51222 3.56 307
28.98958 -51.60889 3.70 360
22.81292 -49.07278 3.95 487
309.39166 -47.29139 3.11 195
332.05832 -46.96111 1.74 31
340.66708 -46.88472 2.10 61
16.52083 -46.71861 3.31 235
347.59000 -45.24667 3.90 470
2.35292 -45.74750 3.88 456
337.31750 -43.49556 3.97 507
22.09125 -43.31833 3.41 261
6.55083 -43.68000 3.94 483
6.57083 -42.30611 2.39 82
328.48209 -37.36500 3.01 178
344.41293 -29.62222 1.16 17
321.66666 -22.41139 3.74 377
347.36166 -21.17250 3.66 349
350.74249 -20.10056 3.97 508
10.89750 -17.98667 2.04 53
326.76001 -16.12722 2.87 148
325.02292 -16.66222 3.68 355
343.66251 -15.82083 3.27 231
17.14750 -10.18222 3.45 273
