188.59666 -23.39667 2.65 108
182.53125 -22.61972 3.00 173
183.95168 -17.54194 2.59 99
187.46625 -16.51556 2.95 163
162.40625 -16.19361 3.11 193
156.52251 -16.83639 3.81 412
169.83542 -14.77861 3.56 309
152.64708 -12.35417 3.61 329
141.89667 -8.65861 1.98 48
190.41499 -1.44944 3.65 343
190.41499 -1.44944 3.68 353
144.96417 -1.14278 3.91 473
184.97667 -0.66694 3.89 464
177.67375 1.76472 3.61 330
138.59125 2.31417 3.88 457
133.84833 5.94556 3.11 192
131.69417 6.41889 3.38 255
145.28751 9.89222 3.52 291
158.20293 9.30667 3.85 438
170.98125 10.52917 3.94 485
152.09293 11.96722 1.35 22
177.26500 14.57194 2.14 63
168.56000 15.42944 3.34 243
151.83333 16.76278 3.52 292
131.17125 18.15417 3.94 484
154.99292 19.84167 2.61 102
154.99417 19.84056 3.80 406
168.52708 20.52361 2.56 96
146.46292 23.77417 2.98 167
154.17250 23.41722 3.44 271
148.19083 26.00694 3.88 458
