9.21300 -12.22113 5.09 1803
12.92512 -11.37541 5.28 2247
13.49866 -10.25090 5.53 2958
-5.89693 -10.93933 5.89 4445
8.52494 -8.32174 2.99 168
6.40578 -8.70622 5.23 2132
6.28919 -8.31339 5.89 4449
12.22229 -7.24734 5.63 3336
6.52489 -6.69715 4.02 536
11.80428 -6.51086 5.57 3126
-13.22964 -4.12049 4.67 1091
-2.92905 -4.19331 5.77 3928
-5.61312 -2.91306 5.25 2173
5.97859 -3.54548 5.38 2526
2.28560 -2.48028 4.36 766
5.25007 -2.53817 5.69 3548
-1.55874 -2.45605 5.78 3991
-7.13791 -2.45362 5.99 4980
2.87331 -0.90099 5.88 4405
1.81533 0.75611 4.19 624
-10.04942 1.35915 4.36 763
-10.05889 0.29644 5.10 1823
-12.12584 1.49636 5.28 2263
11.33166 0.57822 6.00 5047
-5.19236 2.49275 3.84 427
11.62679 2.24005 4.77 1212
-6.27152 2.78788 4.95 1532
-12.35213 2.56834 4.96 1544
-12.35490 2.56812 5.18 2010
3.91562 1.99048 5.48 2793
11.33700 2.00444 5.64 3368
10.44484 2.40273 5.93 4675
4.66992 3.68253 4.59 993
-10.83754 3.34453 5.06 1742
-5.63304 4.59068 5.41 2588
11.98989 4.53442 5.43 2636
-1.41248 4.94948 5.61 3258
-2.27298 4.97397 5.84 4242
-3.26675 5.33232 5.90 4537
-6.52289 6.22377 5.27 2232
8.36800 6.03226 5.77 3922
1.87157 9.17569 4.83 1328
13.35406 9.16740 5.18 2019
6.11538 8.68310 5.27 2229
-13.92430 8.91566 5.46 2723
6.58881 8.78660 5.69 3559
-9.99885 8.69795 5.86 4309
-9.99912 8.69252 5.90 4531
4.34747 10.96416 5.62 3296
-9.90529 12.43572 3.83 419
-5.76994 12.36126 5.12 1866
8.12068 12.13492 5.55 3033
-12.89092 13.36456 3.70 361
13.44338 13.95146 4.97 1551
-5.75005 13.75628 5.63 3327
-4.22974 13.65847 5.83 4199
-6.08652 13.49796 5.99 4983
