294.79834 5.39778 5.17 1982
281.36832 5.49972 5.83 4196
287.24957 6.07333 5.22 2086
279.16293 6.67194 5.45 2712
283.86459 6.61528 5.57 3102
276.99500 6.19417 5.73 3730
293.52249 7.37889 4.45 848
274.78958 7.25972 5.39 2532
276.41168 8.03194 5.65 3407
279.11584 9.12250 5.39 2531
286.74417 11.07139 5.09 1803
291.24249 11.94444 5.16 1972
295.64166 11.82667 5.27 2226
289.45416 11.59528 5.28 2247
294.21875 11.27333 5.98 4950
289.91376 12.37472 5.53 2958
275.64709 12.02889 5.89 4445
286.35251 13.86333 2.99 168
284.77374 13.62250 5.23 2132
291.60043 13.02389 5.74 3763
284.69543 13.90667 5.89 4449
292.34207 14.59583 5.56 3087
289.11166 14.54472 5.63 3336
284.90582 15.06833 4.02 536
288.83374 15.08361 5.57 3126
294.32251 16.46278 5.66 3454
277.76834 16.92861 5.77 3928
295.26208 17.47611 4.37 779
275.70416 17.82667 5.25 2173
284.56125 17.36083 5.38 2526
281.75543 18.18139 4.36 766
295.02417 18.01389 4.37 786
284.02582 18.10528 5.69 3548
278.80249 18.20333 5.78 3991
274.53207 18.13139 5.99 4980
293.64542 19.77333 5.00 1615
291.36917 19.79861 5.16 1958
291.61957 19.89139 5.81 4114
282.22250 19.32861 5.88 4405
281.41541 20.54639 4.19 624
291.55499 20.09778 5.63 3322
288.76083 20.20333 6.00 5047
275.92459 21.76972 3.84 427
289.05417 21.39028 4.77 1212
275.07458 21.96139 4.95 1532
283.06833 21.42528 5.48 2793
288.82251 21.23222 5.64 3368
288.15292 21.55444 5.93 4675
283.68707 22.64500 4.59 993
275.53625 23.28528 5.41 2588
289.43167 23.02556 5.43 2636
278.87668 23.60556 5.61 3258
278.19250 23.61694 5.84 4242
277.39874 23.86611 5.90 4537
292.17624 24.66500 4.44 839
274.79459 24.44611 5.27 2232
286.66000 24.25083 5.77 3922
292.23749 24.76861 5.81 4108
