161.69250 -49.42000 2.69 113
168.13792 -49.10111 5.36 2457
173.73666 -49.13667 5.50 2885
159.32542 -48.22583 3.84 426
158.23708 -47.00333 5.02 1657
151.54707 -47.37000 5.08 1786
173.98167 -47.64167 5.25 2178
174.39125 -47.74722 5.44 2680
155.06958 -47.69917 5.65 3418
166.13000 -47.67917 5.67 3462
173.80499 -47.37250 5.71 3663
177.78625 -45.17361 4.46 863
176.43292 -45.69000 5.29 2295
157.98958 -45.06667 5.74 3752
168.31125 -44.37222 5.80 4058
158.14000 -44.61889 5.91 4594
175.33250 -43.09583 5.55 3027
153.88126 -43.11250 5.60 3226
164.99750 -43.80722 5.81 4132
153.68417 -42.12194 3.85 440
165.03876 -42.22583 4.39 792
172.14626 -42.67417 5.08 1768
166.81917 -42.63861 5.15 1951
155.58167 -41.65000 4.83 1322
154.61749 -41.66833 5.96 4853
152.65791 -41.71500 5.98 4948
176.62958 -40.50056 4.91 1449
173.40543 -40.58694 5.39 2542
173.20042 -40.43639 5.64 3372
153.44125 -40.34583 5.90 4500
158.80376 -39.56278 5.38 2506
155.87209 -38.01000 5.33 2370
164.17958 -37.13778 4.60 1002
171.38792 -37.74778 5.89 4459
175.86333 -37.19028 5.98 4941
170.80292 -36.16472 5.00 1617
171.37250 -36.06306 5.22 2090
166.22583 -35.80472 5.43 2656
175.05333 -34.74472 4.70 1123
162.48750 -34.05806 5.61 3281
164.80792 -33.73722 5.71 3658
174.14583 -33.57000 5.74 3786
175.43333 -32.49972 5.22 2106
160.67999 -32.71583 5.64 3360
167.47250 -32.36750 5.81 4115
173.62292 -32.83139 5.98 4946
173.25043 -31.85778 3.54 302
156.78792 -31.06778 4.25 666
173.22542 -31.08722 5.04 1700
162.05917 -31.68833 5.88 4438
157.39751 -30.60722 5.56 3072
