157.37083 -29.66361 5.58 3150
154.53168 -28.99194 5.34 2399
146.05042 -27.76944 4.79 1251
159.30708 -27.41250 4.89 1421
166.33292 -27.29361 4.94 1492
166.49001 -27.28778 5.71 3628
148.55125 -25.93250 4.88 1398
144.25082 -25.29667 5.70 3579
151.08749 -24.28556 5.70 3583
145.32083 -23.59167 4.77 1216
145.56000 -23.91556 4.94 1496
158.50375 -23.74528 5.08 1788
163.37292 -20.13889 5.24 2162
148.71750 -19.00944 4.94 1490
164.94376 -18.29889 4.08 570
151.01208 -18.10167 5.86 4335
161.71667 -17.29667 5.42 2622
151.78958 -17.14167 5.60 3225
162.40625 -16.19361 3.11 193
156.52251 -16.83639 3.81 410
159.64583 -16.87667 4.91 1447
164.87875 -16.35389 5.89 4478
147.86958 -14.84667 4.12 592
145.07668 -14.33222 5.06 1734
165.04832 -14.08333 5.88 4416
151.28125 -13.06472 4.60 1004
159.38834 -13.38444 4.82 1310
157.74918 -13.58833 5.58 3148
163.57417 -13.75806 5.66 3442
152.64708 -12.35417 3.61 329
152.52458 -12.81611 5.31 2347
159.13499 -12.23028 5.70 3593
154.82001 -12.52806 6.00 5052
165.81207 -11.30361 5.50 2877
