83.24833 -64.22750 5.34 2413
88.52542 -63.09000 4.65 1058
76.89167 -63.39972 5.20 2054
83.40625 -62.48972 3.76 386
91.76417 -62.15472 5.05 1719
69.19000 -62.07750 5.40 2569
68.39167 -62.82361 5.79 4053
102.04750 -61.94139 3.27 229
96.05708 -60.28111 5.80 4101
71.08792 -59.73278 5.27 2239
105.81500 -59.17806 5.50 2887
81.58042 -58.91250 5.14 1909
97.99333 -58.75417 5.70 3584
96.76667 -58.00222 5.82 4157
76.37750 -57.47278 4.72 1155
88.08458 -57.15611 5.94 4744
87.45708 -56.16667 4.51 917
106.07625 -56.74972 5.17 2002
97.36875 -56.85278 5.22 2089
95.73250 -56.37000 5.61 3276
101.82792 -55.54000 5.61 3272
92.57458 -54.96861 4.81 1273
102.46375 -53.62222 4.40 805
72.73000 -53.46139 5.61 3254
95.98792 -52.69583 -0.72 2
98.74417 -52.97556 4.39 799
87.72167 -52.10889 5.17 1995
88.70917 -52.63528 5.29 2287
101.47375 -52.41000 5.80 4092
95.90708 -52.18111 5.98 4934
86.82125 -51.06639 3.85 441
105.21458 -51.40250 5.14 1920
101.72000 -51.26583 5.40 2577
97.82625 -51.82611 5.60 3235
90.20500 -51.21639 5.67 3468
106.80542 -51.96778 5.96 4862
102.48417 -50.61472 2.93 159
97.45458 -50.23917 5.27 2220
79.84208 -50.60611 5.45 2696
105.97375 -49.58389 4.93 1478
76.24167 -49.57778 5.03 1692
75.70250 -49.15139 5.38 2513
99.65667 -48.22028 4.93 1470
104.06667 -48.72111 4.95 1528
96.43167 -48.17722 5.76 3866
82.53958 -47.07778 5.46 2737
102.47750 -46.61472 5.14 1908
86.61417 -46.59722 5.31 2334
82.90042 -45.92528 5.86 4305
91.16750 -45.07889 5.93 4702
