68.91375 10.16083 4.25 664
73.72417 10.15083 4.65 1059
63.65125 10.01111 5.22 2099
73.69542 11.42611 5.19 2030
71.50708 11.70556 5.37 2494
71.10750 11.14611 5.40 2572
79.01708 11.34139 5.56 3071
66.87000 11.21250 5.88 4431
60.17000 12.49028 3.47 278
69.53958 12.51083 4.27 681
70.01417 12.19778 5.46 2727
74.09292 13.51444 4.07 559
67.20917 13.04750 5.03 1672
67.65542 13.72444 5.40 2562
62.25667 13.39833 5.95 4780
68.46208 14.84444 4.65 1066
66.65167 14.71361 4.69 1107
73.13333 14.25056 4.74 1177
64.99042 14.03528 5.59 3208
65.51458 14.07722 5.72 3682
67.09750 14.74083 5.90 4518
67.16542 15.87083 3.40 259
64.94833 15.62750 3.65 345
67.14375 15.96222 3.84 430
66.58667 15.61833 4.49 889
76.14208 15.40417 4.68 1103
69.81875 15.91806 4.69 1118
77.42500 15.59722 4.82 1298
69.78833 15.79972 5.07 1754
65.15125 15.09528 5.26 2205
67.66208 15.69194 5.48 2798
67.53583 15.63806 5.58 3157
73.95958 15.04000 5.81 4134
68.98000 16.50917 0.85 13
67.64042 16.19389 4.78 1229
67.11000 16.35972 4.97 1549
77.92333 16.04556 5.18 2012
65.85417 16.77722 5.64 3382
69.53917 16.03333 5.79 4052
65.73375 17.54250 3.76 387
66.37250 17.92806 4.29 704
66.02417 17.44389 4.80 1253
74.34292 17.15361 5.48 2817
61.99750 17.33972 5.89 4456
76.86250 18.64500 5.00 1624
72.84375 18.83972 5.10 1816
60.20333 18.19389 5.89 4450
67.15417 19.18028 3.53 295
62.29167 19.60917 5.50 2870
66.23792 19.04167 5.98 4944
64.31500 20.57861 4.94 1514
76.95167 20.41833 5.30 2319
65.59500 20.82139 5.91 4601
69.56583 20.68472 5.92 4624
65.88500 20.98222 5.99 5002
75.77375 21.59000 4.64 1047
64.85875 21.14222 5.35 2442
64.90292 21.77361 5.38 2515
64.59667 21.57917 5.65 3427
67.00333 21.62000 5.72 3683
76.98125 21.70472 5.89 4479
66.34208 22.29389 4.22 643
66.57708 22.81361 4.28 689
70.56125 22.95694 4.28 697
61.17375 22.08194 4.36 771
79.81917 22.09639 4.94 1491
66.35417 22.19972 5.28 2255
66.82292 22.99639 5.53 2962
59.21708 22.47806 5.63 3340
61.33417 22.00889 5.90 4508
74.45292 23.94861 5.79 4036
61.09042 24.10583 5.47 2788
77.02750 24.26528 5.50 2872
65.64542 25.62917 5.37 2479
74.53917 25.05028 5.81 4125
62.70792 26.48083 5.41 2580
65.08875 27.35083 4.95 1523
61.65167 27.60000 5.20 2056
73.19625 27.89750 5.97 4925
81.57292 28.60750 1.65 27
70.33250 28.61500 5.78 3954
68.65833 28.96111 5.88 4419
61.75208 29.00139 5.23 2133
80.30292 29.57000 5.76 3856
