67.70875 -44.95389 5.07 1756
64.81917 -44.26806 5.34 2410
48.10750 -44.41972 5.93 4698
49.98208 -43.06972 4.27 685
63.50042 -42.29444 3.86 444
52.47917 -42.63417 5.78 3994
70.14042 -41.86389 4.45 845
62.71083 -41.99361 4.93 1471
54.27375 -40.27472 4.58 984
58.59667 -40.35722 5.71 3668
55.70875 -37.31361 4.59 996
57.14958 -37.62056 4.73 1160
70.51458 -37.14444 5.05 1716
57.14750 -37.62222 5.40 2574
57.36375 -36.20028 4.17 618
51.88917 -35.68139 5.71 3665
67.66792 -35.65361 5.96 4863
66.00917 -34.01694 3.96 496
58.41208 -34.73222 5.11 1857
72.86750 -34.90639 5.86 4317
64.47375 -33.79833 3.56 306
55.56208 -31.93833 5.00 1609
68.88750 -30.56222 3.82 414
56.98333 -30.16778 5.54 3015
70.78875 -30.76556 5.68 3523
60.16958 -30.49083 5.93 4671
68.37750 -29.76667 4.51 905
56.61417 -29.33806 5.90 4521
48.01792 -28.98694 3.87 450
49.51167 -28.79694 5.91 4547
61.40583 -27.65167 5.59 3186
51.59375 -27.31750 5.93 4666
