200.82875 -4.92444 5.89 4443
194.91458 -3.81194 5.79 4040
195.14958 -3.36861 5.99 4993
190.41499 -1.44944 3.65 342
190.41499 -1.44944 3.68 353
190.90875 -1.57694 5.93 4677
184.97667 -0.66694 3.89 462
184.66792 -0.78722 5.90 4510
189.59332 1.85472 5.71 3661
182.42207 1.89778 5.95 4806
200.42332 2.08722 5.69 3534
193.90083 3.39750 3.38 255
185.08749 3.31250 4.96 1541
179.98708 3.65528 5.37 2491
199.40125 5.46972 4.80 1267
182.51418 5.80694 5.72 3694
200.54042 5.15472 5.87 4347
180.21832 6.61417 4.66 1081
190.48792 6.80667 5.59 3193
191.40459 7.67333 5.22 2092
181.30208 8.73306 4.12 589
199.19376 9.42417 5.22 2102
191.59375 9.54000 5.67 3481
195.54417 10.95917 2.83 139
190.47125 10.23556 4.88 1403
197.30167 10.02222 5.78 3977
183.35793 10.26222 5.85 4296
198.63042 11.33167 5.67 3480
198.13708 11.55611 5.77 3924
199.31500 13.67556 5.33 2394
184.00082 14.89889 5.10 1827
192.22583 14.12250 5.70 3580
