114.31958 -4.11111 5.13 1898
126.41500 -3.90639 3.90 470
119.93375 -3.67972 4.93 1484
132.34042 -3.44306 5.31 2322
126.61333 -3.98750 5.59 3181
126.14583 -3.75111 5.61 3252
122.14833 -2.98389 4.34 745
131.51042 -2.04889 5.70 3605
128.50667 -2.15167 5.81 4118
120.30542 -1.39250 4.68 1101
131.81250 -1.89722 5.29 2281
135.49167 -0.48278 5.67 3491
117.92500 1.76694 5.14 1915
120.56625 2.33444 4.39 791
119.58583 2.22472 5.29 2280
126.39792 2.10222 5.73 3715
130.80624 3.39861 4.30 715
129.68916 3.34139 4.44 840
115.39667 3.62472 5.94 4756
120.30750 4.87972 5.65 3417
128.43124 4.75667 5.87 4363
114.82542 5.22500 0.38 8
133.84833 5.94556 3.11 194
129.41417 5.70361 4.16 614
132.10834 5.83778 4.36 770
114.14458 5.86167 5.91 4575
131.69417 6.41889 3.38 254
128.96249 6.62000 5.99 5001
126.47833 7.56444 5.13 1899
135.68668 7.29806 5.85 4276
118.88083 8.86278 5.86 4326
124.12875 9.18556 3.52 290
129.27417 9.65556 5.88 4413
116.56750 10.76833 5.30 2301
131.18750 10.08167 5.66 3443
134.62167 11.85778 4.25 667
133.98167 11.62611 5.41 2587
126.68292 12.65444 5.50 2867
130.80125 12.68083 5.64 3361
131.73334 12.11000 5.87 4355
121.26875 13.11806 5.12 1863
115.46583 13.48056 5.77 3933
115.51333 14.20833 5.56 3080
127.15542 14.21083 5.95 4782
