151.08749 -24.28556 5.70 3583
145.32083 -23.59167 4.77 1216
145.56000 -23.91556 4.94 1496
141.82668 -22.34389 4.69 1111
143.35918 -22.86389 5.91 4581
143.30208 -21.11583 5.01 1647
142.30251 -20.74861 5.66 3459
148.71750 -19.00944 4.94 1490
137.99458 -19.74778 5.73 3743
143.08501 -19.40028 5.74 3750
137.26791 -18.32861 5.73 3711
151.01208 -18.10167 5.86 4335
151.78958 -17.14167 5.60 3225
134.68292 -16.13278 5.86 4332
134.14207 -16.70944 5.96 4852
139.88834 -15.83444 5.78 3964
142.59418 -15.57722 5.85 4298
147.86958 -14.84667 4.12 592
145.07668 -14.33222 5.06 1734
139.28125 -14.57361 5.84 4254
151.28125 -13.06472 4.60 1004
143.23250 -13.51694 5.94 4705
152.64708 -12.35417 3.61 329
152.52458 -12.81611 5.31 2347
137.29791 -12.35778 5.77 3894
154.82001 -12.52806 6.00 5052
139.94333 -11.97500 4.79 1243
140.12083 -9.55583 4.80 1261
141.89667 -8.65861 1.98 47
148.12666 -8.10500 5.05 1712
154.40750 -8.06889 5.24 2145
137.39792 -8.78778 5.46 2722
139.17207 -8.74472 5.47 2786
137.17583 -8.58944 5.60 3228
152.73250 -8.41833 5.65 3416
152.53125 -8.40833 5.91 4574
139.17375 -6.35306 5.24 2143
141.94501 -6.07111 5.38 2516
143.63625 -5.91500 5.56 3066
141.35001 -5.11750 5.59 3216
