220.62666 -64.97528 3.19 210
201.00208 -64.53583 4.53 937
226.20084 -64.03167 5.17 1986
246.98875 -64.05806 5.27 2218
201.30792 -64.48528 5.31 2335
231.88792 -64.53139 5.71 3635
205.04543 -64.57694 5.79 4013
238.78542 -63.43056 2.85 143
243.85957 -63.68556 3.85 433
209.41208 -63.68667 4.71 1141
229.41208 -63.61056 4.86 1380
223.14583 -63.81000 5.87 4371
224.18333 -62.78083 5.11 1848
221.32208 -62.87583 5.36 2460
214.96458 -61.27306 5.23 2119
204.30083 -61.69194 5.63 3335
219.89958 -60.83528 -0.01 4
210.95583 -60.37306 0.61 11
219.90042 -60.83556 1.33 21
229.23625 -60.95750 5.09 1797
223.89417 -60.11417 5.20 2043
229.70375 -60.49639 5.46 2740
230.79333 -60.65694 5.67 3477
229.15167 -60.90389 5.73 3741
239.02499 -60.48278 5.76 3862
238.88458 -60.17778 5.77 3929
230.84457 -59.32083 4.51 916
234.98541 -59.90833 5.95 4771
229.37833 -58.80111 4.07 557
215.65417 -58.45944 4.92 1458
205.50458 -58.78722 5.38 2518
240.88292 -57.77528 4.63 1039
213.73750 -57.08583 5.07 1762
242.32750 -57.93444 5.57 3111
243.95708 -57.91222 5.63 3320
215.08125 -56.38667 4.33 739
210.85918 -56.21361 5.92 4622
227.81667 -55.34611 5.54 3001
237.77834 -55.05583 5.73 3736
218.38499 -54.99833 5.87 4397
209.13750 -54.70444 6.00 5045
212.47833 -53.43917 4.75 1190
213.31833 -53.66583 5.56 3082
237.52875 -53.20944 5.77 3932
208.42958 -53.37361 5.89 4460
215.95168 -53.17667 6.00 5066
228.07124 -52.09917 3.41 261
221.75542 -52.38361 5.21 2083
208.02000 -52.81167 5.25 2192
224.07208 -52.80972 5.38 2527
234.70625 -52.37278 5.44 2667
208.80083 -52.16111 5.71 3633
218.37457 -52.68000 5.87 4392
212.39583 -51.50472 6.00 5024
218.15375 -50.45694 4.42 820
209.82208 -50.37000 5.91 4595
219.47166 -49.42583 4.05 553
240.80376 -49.22972 4.65 1065
217.58708 -49.51917 5.37 2477
226.85793 -49.08833 5.77 3903
227.98375 -48.73778 3.87 447
230.45084 -48.31778 5.65 3414
227.99001 -48.74361 5.69 3565
237.48958 -48.91194 5.84 4243
228.97417 -48.07417 5.95 4795
220.48250 -47.38833 2.30 78
229.63333 -47.87500 4.27 687
226.28000 -47.05111 4.72 1148
226.28000 -47.05111 4.82 1296
230.53458 -47.92778 5.00 1619
224.13333 -47.87917 5.64 3373
221.62125 -47.44111 5.74 3756
214.85083 -46.05778 3.55 304
232.35126 -46.73278 5.24 2161
219.33376 -46.13389 5.41 2600
219.07916 -46.24528 5.55 3042
216.80083 -46.13444 5.83 4210
227.21083 -45.27972 4.05 548
210.43083 -45.60361 4.34 746
216.54500 -45.37944 4.35 749
216.53416 -45.22139 4.56 964
215.17708 -45.18722 4.77 1221
217.53583 -45.32167 5.50 2851
