146.62666 -44.75500 5.55 3058
168.31125 -44.37222 5.80 4058
158.14000 -44.61889 5.91 4594
153.88126 -43.11250 5.60 3226
164.99750 -43.80722 5.81 4132
153.68417 -42.12194 3.85 440
165.03876 -42.22583 4.39 792
172.14626 -42.67417 5.08 1768
166.81917 -42.63861 5.15 1951
155.58167 -41.65000 4.83 1322
154.61749 -41.66833 5.96 4853
152.65791 -41.71500 5.98 4948
173.40543 -40.58694 5.39 2542
173.20042 -40.43639 5.64 3372
153.44125 -40.34583 5.90 4500
158.80376 -39.56278 5.38 2506
155.87209 -38.01000 5.33 2370
164.17958 -37.13778 4.60 1002
171.38792 -37.74778 5.89 4459
147.36708 -37.18639 5.97 4880
170.80292 -36.16472 5.00 1617
171.37250 -36.06306 5.22 2090
149.71793 -35.89111 5.23 2111
166.22583 -35.80472 5.43 2656
162.48750 -34.05806 5.61 3281
164.80792 -33.73722 5.71 3658
149.14792 -33.41861 5.84 4236
160.67999 -32.71583 5.64 3360
167.47250 -32.36750 5.81 4115
156.78792 -31.06778 4.25 666
162.05917 -31.68833 5.88 4438
157.39751 -30.60722 5.56 3072
157.37083 -29.66361 5.58 3150
154.53168 -28.99194 5.34 2399
167.18292 -28.08056 5.44 2679
159.30708 -27.41250 4.89 1421
166.33292 -27.29361 4.94 1492
166.49001 -27.28778 5.71 3628
148.55125 -25.93250 4.88 1398
