15.76083 -4.83667 5.43 2635
10.17667 -4.35194 5.91 4548
359.66833 -3.55611 4.86 1368
358.23166 -3.15556 5.93 4665
0.45583 -3.02750 5.10 1820
8.81208 -3.59278 5.20 2046
7.51000 -3.95722 5.72 3686
356.98541 -2.76167 5.49 2822
13.25208 -1.14417 4.77 1222
8.88667 -0.50556 5.93 4686
358.69418 0.10917 5.61 3269
355.51166 1.78000 4.50 898
357.36459 1.07611 5.77 3927
6.35083 1.93972 5.77 3926
357.99124 2.93028 5.55 3030
354.09708 2.10222 5.68 3521
356.59793 3.48667 5.04 1711
354.98749 5.62639 4.13 599
12.09583 5.28056 5.75 3814
359.82791 6.86333 4.01 525
8.09917 6.95556 5.67 3467
11.84833 6.74083 5.99 5019
355.48624 7.25056 5.89 4447
15.73583 7.89000 4.28 688
12.17083 7.58500 4.43 827
12.07250 7.30000 5.93 4704
5.14958 8.19028 5.37 2481
0.62375 8.48556 5.63 3325
3.74500 8.82083 5.79 4031
357.83832 9.31333 5.79 4002
354.97958 9.67722 5.97 4923
355.84332 10.33139 5.06 1745
358.15457 10.94750 5.30 2310
11.75625 11.97389 5.50 2853
2.50958 11.14556 5.51 2899
1.42500 13.39611 5.51 2893
