38.96875 5.59333 4.86 1372
48.11000 6.66083 5.56 3093
39.02042 6.88694 5.82 4174
39.14625 7.72972 5.81 4110
37.03958 8.46000 4.28 693
33.25000 8.84667 4.37 782
44.92875 8.90750 4.70 1125
32.83792 8.56972 5.63 3348
44.05750 8.38167 5.97 4898
41.23542 10.11417 4.27 679
36.20417 10.61056 5.47 2783
45.18375 10.87028 5.95 4804
47.66208 11.87250 5.98 4929
41.24000 12.44583 5.18 2017
39.15792 12.44750 5.68 3504
46.59875 13.18722 5.62 3297
30.64667 13.47667 5.94 4763
42.87333 15.08194 5.49 2829
33.26375 15.27972 5.71 3626
41.13708 15.31167 5.77 3946
29.33792 17.81750 5.10 1813
42.32292 17.46417 5.22 2085
44.10875 18.02306 5.63 3317
42.13375 18.28361 5.82 4169
43.95208 18.33167 5.91 4563
47.90750 19.72667 4.35 751
34.53125 19.90111 5.62 3301
32.65667 19.50028 5.70 3602
50.68833 20.74194 5.09 1808
40.59167 20.01167 5.69 3558
44.52167 20.66861 5.80 4093
44.80292 21.34028 4.63 1038
44.80292 21.34028 4.63 1041
48.72542 21.04444 4.89 1419
33.20042 21.21083 5.27 2228
50.30667 21.14694 5.28 2253
39.70417 21.96139 5.43 2652
29.89875 21.05833 5.87 4338
31.64125 22.64833 5.03 1680
31.79333 23.46250 2.00 50
29.48208 23.59611 4.79 1246
51.07708 24.72417 5.50 2876
33.15625 24.16778 5.96 4845
