257.00833 35.93528 5.39 2530
258.76166 36.80917 3.16 204
272.00916 36.40139 5.48 2797
272.49582 36.46639 5.58 3166
269.67624 36.28778 6.00 5057
269.06332 37.25056 3.86 445
260.92084 37.14583 4.52 918
259.41791 37.29167 4.65 1069
260.91959 37.14667 5.47 2757
250.72417 38.92222 3.53 296
259.59708 38.81139 5.94 4715
260.43167 39.97444 5.51 2888
257.38876 40.77722 5.08 1791
268.32541 40.00806 5.16 1959
247.16042 41.88167 5.04 1710
263.28043 41.24361 5.74 3790
248.52583 42.43694 4.20 629
273.91168 42.15944 5.59 3211
251.83250 42.23889 5.87 4389
271.87000 43.46167 5.00 1606
252.30917 45.98333 4.82 1289
247.94708 45.59833 5.65 3404
269.98416 45.50139 5.67 3473
264.86624 46.00639 3.80 409
260.08792 46.24083 5.59 3195
249.04668 46.61333 5.79 4055
253.32333 47.41694 6.00 5058
249.68707 48.92833 4.90 1431
264.15668 48.58556 5.37 2480
261.68417 48.26000 5.85 4261
275.38626 49.12167 5.05 1714
244.79668 49.03806 5.91 4560
267.26791 50.78111 5.02 1653
269.15167 51.48889 2.23 70
265.34082 51.81806 5.99 5015
262.60834 52.30139 2.79 130
249.05708 52.92444 5.08 1781
249.04791 52.90028 5.53 2986
260.43918 53.42056 5.67 3487
265.99707 53.80167 5.75 3795
256.33209 54.47028 5.80 4094
256.33249 54.47028 5.83 4214
272.63168 54.28667 5.95 4790
