107.55708 -4.23722 4.92 1466
105.72833 -4.23917 4.99 1592
96.99000 -4.76222 5.06 1739
91.66125 -4.19389 5.38 2510
93.65292 -4.56833 5.83 4183
93.87375 -4.91528 5.99 5003
90.01417 -3.07417 4.53 933
108.54583 -3.90139 5.75 3848
93.47625 -3.74139 5.83 4187
94.99833 -2.94444 4.90 1429
102.31833 -2.27194 5.74 3784
98.40792 -1.22028 5.10 1814
103.60250 -1.12694 5.45 2710
102.07917 -1.31917 5.75 3815
96.66500 -1.50722 5.87 4337
107.96625 -0.49278 4.15 608
107.84833 -0.30194 5.45 2711
96.81500 -0.27611 5.55 3035
93.89292 -0.51222 5.65 3397
102.70792 -0.54083 5.77 3896
96.31833 -0.94611 5.87 4362
96.80750 0.29917 5.20 2055
89.70667 0.55306 5.22 2091
100.27250 0.49528 5.79 3998
98.81583 0.89000 5.80 4098
110.51458 0.17722 5.99 4977
89.60167 1.83694 5.90 4525
101.96500 2.41222 4.47 870
96.83500 2.90806 5.55 3032
92.24125 2.49944 5.73 3724
109.84333 2.74056 5.89 4465
108.58333 3.11139 5.35 2422
100.91125 3.93222 5.90 4532
104.73750 3.60222 5.97 4910
95.94208 4.59278 4.44 837
91.24333 4.15861 5.63 3328
98.08000 4.85583 5.84 4237
91.24250 5.42000 5.67 3469
94.31708 5.10028 5.71 3634
98.22583 7.33306 4.50 903
106.95625 7.47111 5.75 3837
108.91417 7.97778 5.82 4161
109.94833 7.14278 5.91 4558
96.30458 7.08583 5.98 4949
101.83250 8.03722 4.77 1213
103.20583 8.38028 5.77 3892
101.63500 8.58722 5.93 4701
90.59583 9.64750 4.12 590
100.24458 9.89556 4.66 1077
94.27750 9.94250 5.39 2555
106.41292 9.18583 5.78 3971
98.82333 9.98833 5.88 4420
104.10750 9.95639 5.92 4632
105.82458 9.13833 5.97 4904
89.11667 9.50972 5.99 4994
105.90833 10.95167 5.13 1890
97.95125 11.54444 5.23 2113
89.20625 11.52111 5.87 4357
101.32250 12.89556 3.36 248
94.11083 12.27222 5.04 1696
93.93750 12.55111 5.33 2377
108.63583 12.11583 5.62 3293
89.72167 12.80861 5.70 3576
99.94833 12.98306 5.97 4885
105.96500 12.59444 5.98 4972
95.65208 12.57000 6.00 5062
100.99708 13.22778 4.49 888
103.66125 13.17778 4.65 1064
102.60625 13.41333 5.65 3393
93.78542 13.85111 5.91 4577
91.89292 14.76833 4.42 825
92.98500 14.20889 4.48 882
98.40042 14.15528 5.53 2961
95.01750 14.65111 5.69 3567
