287.50708 -39.34083 4.11 581
297.96082 -39.87444 5.33 2396
281.23834 -39.68639 5.43 2632
285.82376 -38.25333 5.74 3781
287.36792 -37.90444 4.11 582
300.88959 -37.94083 4.77 1218
284.68082 -37.10750 4.87 1392
286.60458 -37.06333 4.93 1479
286.60458 -37.06333 4.99 1583
284.16876 -37.34333 5.38 2500
300.06625 -37.70222 5.95 4799
302.79959 -36.10111 5.32 2348
299.93417 -35.27639 4.37 784
289.91666 -35.42139 5.59 3203
299.96375 -34.69778 5.30 2298
300.08459 -33.70389 5.66 3456
301.08167 -32.05639 4.99 1591
286.10458 -31.04694 5.50 2879
296.50500 -31.90861 5.52 2930
285.65292 -29.88028 2.60 100
291.73541 -29.74333 5.67 3463
291.26709 -29.30917 5.93 4676
306.36166 -28.66333 5.85 4260
286.73499 -27.67056 3.32 240
299.23666 -27.17000 4.52 925
300.66458 -27.70972 4.58 978
303.82251 -27.03278 5.73 3733
283.81625 -26.29667 2.02 51
298.95999 -26.29944 4.70 1122
299.73834 -26.19556 4.83 1334
292.46750 -26.98556 5.52 2921
288.88501 -25.25667 4.85 1352
288.30707 -25.90667 5.80 4075
294.17667 -24.88361 4.60 999
291.31876 -24.50861 5.03 1671
294.00708 -24.71917 5.65 3420
285.61542 -24.84694 5.65 3423
291.37375 -23.96222 5.43 2651
284.00250 -23.17361 5.93 4668
295.02957 -23.42861 5.97 4892
290.15875 -22.40250 5.58 3130
287.44083 -21.02361 2.89 151
284.43250 -21.10667 3.51 288
286.17084 -21.74167 3.77 395
291.57999 -21.77667 5.59 3179
304.50583 -21.81000 5.87 4350
284.33542 -20.65639 5.08 1793
