243.36958 -54.63056 4.94 1510
218.38499 -54.99833 5.87 4397
212.47833 -53.43917 4.75 1190
244.17958 -53.81111 5.44 2683
213.31833 -53.66583 5.56 3082
237.52875 -53.20944 5.77 3932
243.32001 -53.67167 5.83 4200
215.95168 -53.17667 6.00 5066
228.07124 -52.09917 3.41 261
221.75542 -52.38361 5.21 2083
224.07208 -52.80972 5.38 2527
234.70625 -52.37278 5.44 2667
218.37457 -52.68000 5.87 4392
244.96001 -50.15556 4.02 531
218.15375 -50.45694 4.42 820
244.25375 -50.06833 4.99 1594
219.47166 -49.42583 4.05 553
240.80376 -49.22972 4.65 1065
245.61667 -49.57222 5.33 2375
217.58708 -49.51917 5.37 2477
226.85793 -49.08833 5.77 3903
227.98375 -48.73778 3.87 447
230.45084 -48.31778 5.65 3414
227.99001 -48.74361 5.69 3565
237.48958 -48.91194 5.84 4243
228.97417 -48.07417 5.95 4795
220.48250 -47.38833 2.30 78
229.63333 -47.87500 4.27 687
226.28000 -47.05111 4.72 1148
226.28000 -47.05111 4.82 1296
230.53458 -47.92778 5.00 1619
243.81375 -47.37222 5.14 1922
224.13333 -47.87917 5.64 3373
221.62125 -47.44111 5.74 3756
232.35126 -46.73278 5.24 2161
219.33376 -46.13389 5.41 2600
219.07916 -46.24528 5.55 3042
216.80083 -46.13444 5.83 4210
227.21083 -45.27972 4.05 548
216.54500 -45.37944 4.35 749
216.53416 -45.22139 4.56 964
241.62250 -45.17333 4.72 1152
215.17708 -45.18722 4.77 1221
217.53583 -45.32167 5.50 2851
230.67043 -44.68944 3.37 252
233.97166 -44.95861 4.54 950
235.29707 -44.66111 4.64 1046
228.20625 -44.50056 4.82 1308
234.05042 -44.39694 5.43 2645
224.63292 -43.13389 2.68 112
222.91000 -43.57556 4.32 727
218.87666 -42.15778 2.31 79
224.79042 -42.10417 3.13 201
234.51334 -42.56750 4.33 736
227.16292 -42.86778 5.85 4266
233.78542 -41.16694 2.78 129
239.87625 -41.74444 4.99 1596
226.32957 -41.06722 5.15 1946
229.01666 -41.49111 5.16 1960
242.82375 -41.11972 5.86 4330
218.88126 -41.51722 5.87 4381
236.09418 -41.81944 5.94 4746
230.34293 -40.64750 3.22 217
229.73500 -40.78833 5.59 3183
219.18417 -40.21167 5.74 3770
227.05042 -40.58389 5.79 4008
233.50667 -40.06611 5.82 4152
231.18707 -39.71028 5.37 2485
240.03043 -38.39694 3.41 265
231.33417 -38.73361 4.60 1007
240.85083 -38.60250 4.89 1410
225.30417 -38.05833 5.89 4458
221.77126 -38.29083 5.94 4718
217.79500 -38.86972 5.97 4889
227.53125 -38.79250 5.98 4960
220.49001 -37.79361 4.00 517
223.21292 -37.80333 5.03 1685
235.65958 -37.42500 5.24 2139
241.15292 -37.86306 5.90 4496
230.45168 -36.26139 3.56 310
241.64792 -36.80222 4.23 649
230.78917 -36.85861 4.54 951
231.82584 -36.76778 5.45 2715
220.25583 -36.13500 5.67 3460
241.81833 -36.75556 5.73 3714
239.33875 -36.18500 5.80 4085
220.91417 -35.17361 4.05 547
221.24667 -35.19194 4.92 1460
