354.98749 5.62639 4.13 599
350.08582 5.38139 5.05 1713
359.82791 6.86333 4.01 525
351.99207 6.37889 4.28 692
355.48624 7.25056 5.89 4447
347.38126 8.67722 5.12 1858
347.93417 8.72000 5.16 1967
5.14958 8.19028 5.37 2481
0.62375 8.48556 5.63 3325
3.74500 8.82083 5.79 4031
346.75125 9.40944 4.52 928
347.50626 9.82194 5.39 2547
357.83832 9.31333 5.79 4002
354.97958 9.67722 5.97 4923
355.84332 10.33139 5.06 1745
358.15457 10.94750 5.30 2310
344.79916 11.72889 5.75 3796
348.36041 11.06500 5.82 4158
2.50958 11.14556 5.51 2899
352.28876 12.76056 4.55 959
350.76917 12.31389 5.08 1774
1.42500 13.39611 5.51 2893
346.19043 15.20528 2.49 92
3.30917 15.18361 2.83 138
347.67749 17.59444 5.71 3640
354.48666 18.40056 5.53 2956
2.26000 18.21194 5.53 2959
358.12207 19.12028 5.08 1790
344.36624 20.76889 5.49 2834
3.65083 20.20667 4.80 1262
346.86957 21.13417 5.99 5008
353.36707 22.49889 5.32 2357
351.34500 23.40417 4.40 801
350.15918 23.74028 4.60 1003
