149.21584 -54.56778 3.54 300
156.70416 -54.87750 5.58 3159
133.79958 -54.96556 5.71 3617
157.84084 -53.71556 4.89 1418
141.57542 -53.37917 5.11 1851
144.30125 -53.66861 5.45 2684
145.92583 -53.89167 5.56 3069
134.08083 -52.72361 4.69 1104
135.43584 -52.18833 5.23 2128
152.23457 -51.81111 4.86 1367
143.53667 -51.25528 5.01 1637
139.52417 -51.05111 5.26 2210
153.34500 -51.23333 5.28 2252
142.52167 -51.51722 5.45 2688
153.36667 -51.75611 5.78 3953
139.67583 -51.56056 5.87 4340
148.45917 -51.14694 5.93 4694
148.71375 -50.24389 5.72 3692
164.28291 -50.76500 5.91 4569
161.69250 -49.42000 2.69 113
144.20667 -49.35528 4.35 752
143.43542 -49.00500 5.12 1859
159.32542 -48.22583 3.84 426
134.48250 -48.57333 5.87 4372
136.03876 -47.09778 3.75 382
158.23708 -47.00333 5.02 1657
151.54707 -47.37000 5.08 1786
155.06958 -47.69917 5.65 3418
138.39375 -47.33861 5.92 4607
147.92000 -46.54778 4.58 983
147.83250 -46.19389 5.62 3287
147.67500 -46.93444 5.73 3731
140.60001 -46.04750 5.75 3834
137.88834 -46.58389 5.79 4011
147.48792 -45.73278 5.08 1775
148.57333 -45.28389 5.71 3642
157.98958 -45.06667 5.74 3752
137.76833 -44.86806 5.00 1614
139.09625 -44.26583 5.12 1879
146.62666 -44.75500 5.55 3058
138.53416 -44.14583 5.85 4258
158.14000 -44.61889 5.91 4594
136.99918 -43.43250 2.21 66
138.60208 -43.22750 5.25 2194
144.50626 -43.19111 5.50 2852
138.12750 -43.61361 5.57 3129
153.88126 -43.11250 5.60 3226
153.68417 -42.12194 3.85 440
140.46208 -42.19500 5.58 3174
155.58167 -41.65000 4.83 1322
154.61749 -41.66833 5.96 4853
152.65791 -41.71500 5.98 4948
142.67500 -40.46667 3.60 322
143.08041 -40.64944 5.35 2436
153.44125 -40.34583 5.90 4500
139.23833 -39.40139 5.33 2369
158.80376 -39.56278 5.38 2506
137.92084 -39.25889 6.00 5056
138.90292 -38.57000 4.94 1508
155.87209 -38.01000 5.33 2370
138.93793 -37.41333 4.62 1025
138.73833 -37.60250 5.86 4333
147.36708 -37.18639 5.97 4880
144.36792 -36.09583 5.98 4940
142.31125 -35.95139 4.51 913
149.71793 -35.89111 5.23 2111
142.88708 -35.71500 5.87 4339
