240.80376 -49.22972 4.65 1065
245.61667 -49.57222 5.33 2375
250.41750 -49.65167 5.65 3400
250.33458 -48.76306 5.65 3398
230.45084 -48.31778 5.65 3414
257.91208 -48.87417 5.84 4227
237.48958 -48.91194 5.84 4243
255.11292 -48.64778 6.00 5054
246.79625 -47.55500 4.47 869
230.53458 -47.92778 5.00 1619
243.81375 -47.37222 5.14 1922
232.35126 -46.73278 5.24 2161
247.42625 -46.24333 5.35 2417
259.76334 -46.63389 5.48 2816
241.62250 -45.17333 4.72 1152
230.67043 -44.68944 3.37 252
233.97166 -44.95861 4.54 950
235.29707 -44.66111 4.64 1046
248.52083 -44.04528 4.94 1488
257.67624 -44.55750 5.08 1783
234.05042 -44.39694 5.43 2645
259.70001 -44.12972 5.76 3869
258.03833 -43.23917 3.33 241
249.60918 -43.39861 5.83 4218
245.62042 -43.91222 5.88 4406
253.42708 -43.05083 5.96 4841
253.64583 -42.36139 3.62 331
234.51334 -42.56750 4.33 736
253.49875 -42.36222 4.73 1163
244.82375 -42.67389 5.45 2695
249.09375 -42.85889 5.47 2752
253.61208 -42.47889 5.88 4402
233.78542 -41.16694 2.78 129
239.87625 -41.74444 4.99 1596
252.89043 -41.23056 5.22 2100
247.92375 -41.81694 5.33 2391
253.50751 -41.80639 5.45 2717
253.74333 -41.15111 5.77 3931
242.82375 -41.11972 5.86 4330
236.09418 -41.81944 5.94 4746
251.17751 -40.83972 5.71 3643
233.50667 -40.06611 5.82 4152
231.18707 -39.71028 5.37 2485
246.00542 -39.19306 5.40 2568
251.69917 -39.37722 5.48 2812
258.06750 -39.50694 5.67 3495
252.96750 -38.04750 3.08 189
240.03043 -38.39694 3.41 265
253.08376 -38.01750 3.57 314
240.85083 -38.60250 4.89 1410
255.96167 -38.15222 5.91 4593
235.65958 -37.42500 5.24 2139
246.13208 -37.56583 5.42 2605
247.06125 -37.17944 5.79 4029
241.15292 -37.86306 5.90 4496
249.77167 -37.21750 5.91 4584
256.58459 -37.22750 5.98 4952
241.64792 -36.80222 4.23 649
241.81833 -36.75556 5.73 3714
239.33875 -36.18500 5.80 4085
249.09375 -35.25556 4.16 616
255.15375 -35.93417 5.97 4918
252.54083 -34.29333 2.29 76
247.84541 -34.70444 4.23 654
234.94167 -34.41194 4.67 1089
235.67084 -34.71056 4.75 1193
256.20584 -34.12278 4.87 1387
236.68417 -34.68250 5.61 3268
237.73958 -33.62722 3.95 489
239.22292 -33.96639 5.12 1861
254.29625 -33.25944 5.48 2792
242.46918 -33.54583 5.54 3012
239.22583 -33.96417 5.62 3305
250.43958 -33.14639 5.87 4349
243.59293 -33.01139 5.92 4623
255.46957 -32.14361 5.03 1678
244.88625 -30.90667 5.49 2825
