107.78500 30.24528 4.41 812
113.78625 30.96111 5.33 2386
97.14208 30.49306 5.55 3060
113.65000 31.88833 1.98 46
113.65000 31.88861 2.88 149
112.27792 31.78444 4.18 622
102.42208 32.60667 5.71 3655
93.08375 32.69333 5.78 3972
98.11333 32.45472 5.87 4341
103.19708 33.96111 3.60 324
116.87625 33.41556 5.14 1925
104.25208 33.68111 5.89 4469
114.79125 34.58417 4.90 1425
106.54833 34.47389 5.55 3052
106.84292 34.00944 5.91 4579
114.63667 35.04861 5.56 3091
110.51083 36.76056 5.13 1895
116.66375 37.51750 5.18 2009
99.13708 38.44528 5.29 2279
115.06083 38.34444 5.73 3727
104.76167 38.05222 6.00 5071
107.91375 39.32056 4.90 1428
99.70500 39.90250 5.20 2052
99.66458 39.39083 5.69 3541
111.03542 40.67222 5.19 2029
109.50917 40.88333 5.78 3975
102.69125 41.78139 5.02 1660
99.83292 42.48889 4.79 1240
91.26417 42.98167 5.87 4375
101.68458 43.57750 5.25 2181
100.77083 44.52444 5.02 1662
104.40458 45.09417 4.90 1424
110.32292 45.22806 5.77 3907
114.13167 46.18028 5.65 3402
104.23333 46.70500 5.86 4314
104.13458 46.27417 5.87 4378
97.51250 46.68556 5.90 4541
118.67792 47.56472 5.45 2702
108.95875 47.24000 5.58 3142
90.24417 47.90194 5.73 3748
101.91500 48.78944 5.22 2095
115.30167 48.13167 5.56 3084
112.21500 48.18389 5.72 3674
114.47458 48.77361 5.92 4606
90.42958 48.95944 5.96 4851
111.67833 49.21139 4.64 1052
96.22458 49.28806 4.91 1443
109.63292 49.46500 5.05 1721
112.48333 49.67250 5.36 2450
89.84083 49.92444 5.89 4444
