229.25166 -9.38306 2.61 103
233.61082 -9.18333 5.17 2001
225.24333 -8.51889 4.92 1467
240.19833 -8.41139 5.55 3025
220.76500 -5.65833 3.88 456
230.28168 -5.82472 5.54 3002
224.29584 -4.34639 4.49 886
237.40500 -3.43028 3.53 298
237.81500 -3.09056 5.11 1845
237.23666 -3.81861 5.53 2963
222.75417 -2.29917 4.94 1494
225.33250 -2.75500 5.52 2931
236.52333 -1.80444 5.40 2564
233.24126 -1.18639 5.51 2915
224.38875 -0.16750 5.53 2985
225.45375 -0.14056 5.71 3654
229.60918 -0.46139 5.89 4490
230.25833 0.71528 5.35 2425
228.95457 0.37222 5.63 3339
221.37582 0.71722 5.69 3536
221.56207 1.89278 3.72 369
229.82832 1.76528 5.06 1741
232.15916 1.84222 5.17 1977
225.72501 2.09139 4.40 800
237.57292 2.19639 5.23 2118
236.00751 2.51500 5.88 4411
237.70416 4.47778 3.71 365
228.79750 4.93944 5.33 2371
240.21292 4.42750 5.83 4191
224.84625 4.56778 5.93 4658
236.34792 5.44694 5.58 3169
236.06708 6.42556 2.65 108
236.61082 7.35306 4.43 833
220.41167 8.16167 4.86 1371
