73.15833 36.70306 4.78 1230
87.76000 37.30556 4.74 1173
72.47750 37.48833 4.88 1405
74.81417 37.89028 4.94 1500
81.16333 37.38556 4.99 1600
78.35708 38.48444 4.86 1379
62.15250 38.03972 5.51 2911
70.45958 38.28028 5.99 5020
87.87250 39.14861 3.97 502
87.29375 39.18111 4.52 922
75.07625 39.39472 5.95 4801
79.78542 40.09917 4.71 1135
63.72208 40.48361 4.71 1139
71.68500 40.31278 5.97 4899
76.62875 41.23444 3.17 209
75.61958 41.07583 3.75 381
69.17250 41.26472 4.25 662
80.45167 41.80444 5.23 2121
80.06167 41.08611 5.52 2944
80.70958 41.02944 5.54 3009
65.06000 41.80806 5.92 4635
82.70250 41.46194 6.00 5033
79.56625 42.79222 5.48 2789
73.19917 42.58667 5.71 3656
75.49208 43.82333 2.99 170
70.72625 43.36500 5.29 2292
89.88208 44.94750 1.90 41
79.17250 45.99806 0.08 6
89.98375 45.93694 4.26 675
65.38833 46.49889 4.85 1351
77.67875 46.96222 5.68 3516
62.16542 47.71250 4.04 544
63.72458 48.40944 4.14 600
72.78875 48.74083 5.66 3436
70.35042 48.30083 5.67 3465
90.42958 48.95944 5.96 4851
86.47500 49.82639 5.47 2758
70.84000 49.97389 5.87 4377
89.84083 49.92444 5.89 4444
61.64583 50.35139 4.29 710
64.56083 50.29556 4.61 1011
59.15208 50.69528 5.28 2258
64.80542 50.04889 5.45 2691
65.04792 50.92083 5.55 3051
76.66917 51.59778 5.00 1612
74.02958 52.86944 5.75 3811
74.32167 53.75222 4.47 865
69.97792 53.07972 5.05 1729
64.17958 53.61194 5.19 2037
69.99208 53.47306 5.35 2418
68.00750 53.91083 5.77 3916
89.88167 54.28472 3.72 367
84.14667 54.42889 5.73 3738
