113.44958 -14.52389 4.97 1554
116.48708 -14.56389 5.04 1693
110.24250 -14.36000 5.45 2689
118.07875 -14.84639 5.69 3563
114.01625 -14.49278 5.70 3614
126.48167 -14.92972 5.98 4962
117.94292 -13.89806 5.17 1991
122.66583 -13.79917 5.54 2991
111.28458 -13.75194 5.78 3969
122.81792 -12.92694 4.72 1151
130.00626 -12.47528 4.98 1578
116.98625 -12.19306 5.48 2810
126.67458 -12.53444 5.54 2997
124.59958 -12.63194 5.98 4970
111.96542 -11.55694 5.79 4039
112.34208 -10.32667 5.75 3827
115.31167 -9.55111 3.93 481
117.54417 -9.18333 5.61 3277
127.21208 -9.74833 6.00 5037
113.02417 -8.88083 5.90 4534
130.91833 -7.23361 4.62 1019
122.88750 -7.77250 5.36 2454
128.86749 -7.98222 5.72 3690
112.35708 -7.55111 5.86 4328
125.72500 -7.54333 5.96 4869
116.50917 -6.77250 5.49 2827
118.19958 -5.42806 5.76 3858
110.60583 -5.98278 5.82 4156
111.46250 -5.77500 5.97 4883
114.31958 -4.11111 5.13 1898
126.41500 -3.90639 3.90 470
119.93375 -3.67972 4.93 1484
126.61333 -3.98750 5.59 3181
126.14583 -3.75111 5.61 3252
122.14833 -2.98389 4.34 745
128.50667 -2.15167 5.81 4118
120.30542 -1.39250 4.68 1101
112.32792 -1.90528 5.59 3177
110.51458 0.17722 5.99 4977
117.92500 1.76694 5.14 1915
113.02458 1.91444 5.25 2180
120.56625 2.33444 4.39 791
119.58583 2.22472 5.29 2280
126.39792 2.10222 5.73 3715
109.84333 2.74056 5.89 4465
130.80624 3.39861 4.30 715
129.68916 3.34139 4.44 840
113.29833 3.29028 5.59 3182
113.56583 3.37139 5.81 4135
115.39667 3.62472 5.94 4756
120.30750 4.87972 5.65 3417
128.43124 4.75667 5.87 4363
