283.30667 50.70833 4.92 1461
267.26791 50.78111 5.02 1653
285.05707 50.53361 5.38 2519
269.15167 51.48889 2.23 70
265.34082 51.81806 5.99 5015
262.60834 52.30139 2.79 130
278.48624 52.35361 5.36 2467
282.89584 52.97500 5.51 2918
291.85791 52.32056 5.75 3820
287.10751 52.42556 5.81 4112
281.67957 52.98806 5.88 4412
279.97000 52.19611 6.00 5044
289.27582 53.36861 3.77 394
286.23001 53.39667 5.38 2520
260.43918 53.42056 5.67 3487
265.99707 53.80167 5.75 3795
272.63168 54.28667 5.95 4790
263.06668 55.17306 4.87 1381
263.04416 55.18417 4.88 1399
280.65793 55.53944 5.04 1706
285.18082 55.65833 5.48 2796
268.38208 56.87278 3.75 384
287.91876 56.85917 5.12 1868
278.14374 57.04556 4.77 1220
288.48001 57.70500 4.99 1582
284.18750 57.81500 5.66 3446
290.06708 57.64528 5.91 4597
275.97708 58.80056 4.98 1567
282.80042 59.38833 4.66 1086
261.42209 60.04833 5.65 3403
263.74792 61.87500 5.23 2120
281.07584 61.04806 5.99 5021
258.13583 62.87444 5.56 3081
279.38959 62.52667 5.74 3759
273.47418 64.39722 5.03 1673
257.19666 65.71472 3.17 208
290.16708 65.71472 4.59 995
276.49625 65.56361 4.82 1303
254.00708 65.13472 4.89 1414
284.10666 65.25806 5.63 3347
288.13876 67.66167 3.07 188
300.70459 67.87361 4.51 910
264.23792 68.75806 4.80 1260
262.99124 68.13500 5.05 1717
273.82083 68.75583 5.95 4784
293.09000 69.66111 4.68 1099
245.45293 69.10944 5.25 2169
296.07709 69.33694 5.92 4614
