354.98749 5.62639 4.13 599
12.09583 5.28056 5.75 3814
359.82791 6.86333 4.01 525
8.09917 6.95556 5.67 3467
11.84833 6.74083 5.99 5019
355.48624 7.25056 5.89 4447
15.73583 7.89000 4.28 688
12.17083 7.58500 4.43 827
12.07250 7.30000 5.93 4704
5.14958 8.19028 5.37 2481
0.62375 8.48556 5.63 3325
3.74500 8.82083 5.79 4031
357.83832 9.31333 5.79 4002
354.97958 9.67722 5.97 4923
355.84332 10.33139 5.06 1745
358.15457 10.94750 5.30 2310
11.75625 11.97389 5.50 2853
2.50958 11.14556 5.51 2899
1.42500 13.39611 5.51 2893
3.30917 15.18361 2.83 138
11.63750 15.47556 5.38 2512
9.19708 15.23167 5.89 4468
12.24458 16.94056 5.07 1758
7.01208 17.89306 5.06 1732
354.48666 18.40056 5.53 2956
2.26000 18.21194 5.53 2959
358.12207 19.12028 5.08 1790
13.64667 19.18833 5.74 3785
3.65083 20.20667 4.80 1262
8.14792 20.29444 5.38 2509
9.98167 21.43833 5.36 2452
9.84083 21.25056 5.87 4379
14.30167 23.41750 4.42 823
13.74167 23.62833 5.47 2769
11.83458 24.26722 4.06 554
