336.83334 -64.96639 4.48 881
327.50043 -64.71250 5.62 3307
352.25418 -63.11083 5.68 3525
317.13708 -63.92889 5.76 3854
349.24042 -62.00111 5.66 3439
338.25043 -61.98222 4.81 1278
309.39709 -61.53000 4.88 1400
328.79791 -61.88639 5.90 4528
334.62543 -60.25972 2.86 145
310.01083 -60.54889 5.12 1864
331.46207 -59.63611 5.62 3295
313.70251 -58.45417 3.65 343
349.35751 -58.23583 3.99 513
336.23499 -57.79722 5.32 2366
340.20374 -57.42222 5.97 4895
330.84000 -56.78611 4.69 1119
329.47958 -54.99250 4.40 802
316.30917 -54.72722 5.16 1956
319.96667 -53.44972 4.39 797
341.40793 -53.50028 4.85 1354
334.56500 -53.62778 5.37 2482
346.16501 -53.96500 5.37 2489
318.94125 -53.26306 5.75 3842
345.22000 -52.75417 4.12 594
342.13876 -51.31694 3.49 285
315.08957 -51.26528 5.76 3877
345.28125 -50.95000 5.68 3518
327.06583 -47.30361 5.58 3151
344.19916 -47.96917 5.70 3601
340.65375 -47.21056 5.98 4973
332.05832 -46.96111 1.74 31
340.66708 -46.88472 2.10 61
341.41959 -46.54750 5.51 2898
335.78333 -45.92861 5.62 3309
320.03958 -45.02222 6.00 5029
