317.19250 -88.95639 5.47 2756
283.69543 -87.60583 5.28 2257
352.01541 -87.48222 5.49 2841
193.74417 -85.12333 5.46 2747
205.23125 -85.78611 5.58 3131
337.90582 -85.96722 5.77 3911
235.82001 -84.46528 5.57 3105
227.78458 -84.78750 5.91 4544
24.36667 -84.76972 5.69 3538
3.33083 -84.99417 5.77 3918
216.72874 -83.66778 4.32 724
226.19458 -83.03833 5.65 3395
225.46167 -83.22778 5.65 3421
358.02667 -82.01889 5.11 1841
327.72626 -82.71917 5.29 2296
359.38626 -82.17000 5.73 3718
2.50875 -82.22389 5.28 2251
341.51376 -81.38167 4.15 607
309.57751 -81.28889 5.91 4550
335.00626 -80.43972 5.10 1826
342.59543 -80.12417 5.35 2447
308.32291 -80.96500 5.77 3936
262.86374 -80.85917 5.88 4421
277.33124 -80.23278 5.95 4779
248.36250 -78.89722 3.89 463
245.08667 -78.69583 4.68 1097
245.11166 -78.66722 5.27 2224
325.36874 -77.39000 3.76 388
250.76917 -77.51750 4.24 657
316.17917 -77.02389 5.15 1954
334.46042 -77.51167 5.51 2892
330.76584 -76.11861 5.95 4803
310.51208 -76.18056 6.00 5079
275.90042 -75.04417 5.47 2763
272.81543 -75.89139 5.86 4313
