283.62582 36.89889 4.30 716
274.96542 36.06444 4.33 733
286.82541 36.10028 5.28 2262
272.00916 36.40139 5.48 2797
272.49582 36.46639 5.58 3166
283.43167 36.97167 5.58 3173
269.67624 36.28778 6.00 5057
269.06332 37.25056 3.86 445
281.19333 37.60500 4.36 768
281.20084 37.59444 5.73 3725
279.23459 38.78361 0.03 5
284.50793 38.26611 5.89 4448
288.43958 39.14611 4.39 794
281.08499 39.67000 5.06 1744
276.05750 39.50722 5.12 1877
281.09543 39.61306 5.14 1919
281.09543 39.61278 5.37 2473
268.32541 40.00806 5.16 1959
283.71750 41.60278 5.44 2665
263.28043 41.24361 5.74 3790
273.91168 42.15944 5.59 3211
283.83374 43.94611 4.04 545
271.87000 43.46167 5.00 1606
269.98416 45.50139 5.67 3473
264.86624 46.00639 3.80 409
285.35999 46.93472 5.01 1642
260.08792 46.24083 5.59 3195
289.21417 46.99917 6.00 5026
264.15668 48.58556 5.37 2480
283.69626 48.85972 5.77 3921
261.68417 48.26000 5.85 4261
275.38626 49.12167 5.05 1714
283.30667 50.70833 4.92 1461
267.26791 50.78111 5.02 1653
285.05707 50.53361 5.38 2519
269.15167 51.48889 2.23 70
265.34082 51.81806 5.99 5015
262.60834 52.30139 2.79 130
278.48624 52.35361 5.36 2467
282.89584 52.97500 5.51 2918
291.85791 52.32056 5.75 3820
287.10751 52.42556 5.81 4112
281.67957 52.98806 5.88 4412
279.97000 52.19611 6.00 5044
289.27582 53.36861 3.77 394
286.23001 53.39667 5.38 2520
260.43918 53.42056 5.67 3487
265.99707 53.80167 5.75 3795
272.63168 54.28667 5.95 4790
