237.80792 35.65750 4.82 1295
257.00833 35.93528 5.39 2530
258.76166 36.80917 3.16 204
242.24292 36.49083 4.76 1199
239.74042 36.64389 5.62 3300
242.95000 36.42500 5.63 3334
240.83083 36.63167 5.83 4193
260.92084 37.14583 4.52 918
259.41791 37.29167 4.65 1069
238.94833 37.94694 5.45 2707
260.91959 37.14667 5.47 2757
246.35083 37.39389 5.54 3010
250.72417 38.92222 3.53 296
259.59708 38.81139 5.94 4715
244.97958 39.70861 5.46 2719
260.43167 39.97444 5.51 2888
257.38876 40.77722 5.08 1791
247.16042 41.88167 5.04 1710
263.28043 41.24361 5.74 3790
248.52583 42.43694 4.20 629
238.16875 42.45167 4.62 1023
238.87750 42.56611 5.75 3818
242.94833 42.37444 5.87 4376
251.83250 42.23889 5.87 4389
238.65791 43.13861 5.37 2478
242.19250 44.93500 4.26 674
252.30917 45.98333 4.82 1289
247.94708 45.59833 5.65 3404
264.86624 46.00639 3.80 409
244.93500 46.31333 3.89 464
240.69958 46.03667 4.76 1203
260.08792 46.24083 5.59 3195
249.04668 46.61333 5.79 4055
253.32333 47.41694 6.00 5058
249.68707 48.92833 4.90 1431
264.15668 48.58556 5.37 2480
261.68417 48.26000 5.85 4261
244.79668 49.03806 5.91 4560
234.64291 50.42333 5.84 4252
265.34082 51.81806 5.99 5015
262.60834 52.30139 2.79 130
249.05708 52.92444 5.08 1781
235.71124 52.36083 5.51 2907
249.04791 52.90028 5.53 2986
240.52292 52.91583 5.93 4695
260.43918 53.42056 5.67 3487
265.99707 53.80167 5.75 3795
233.81792 53.92194 5.97 4921
239.44749 54.74972 4.95 1521
233.98792 54.63056 5.74 3757
256.33209 54.47028 5.80 4094
256.33249 54.47028 5.83 4214
234.38333 54.50889 5.87 4359
