241.35918 -19.80556 2.62 105
242.99875 -19.46056 4.01 522
235.48666 -19.67889 4.74 1180
241.36041 -19.80194 4.92 1464
234.72708 -19.30194 5.38 2511
250.47375 -19.92444 5.57 3109
238.75125 -19.38306 5.94 4753
246.75583 -18.45639 4.42 822
250.39333 -17.74222 4.96 1543
238.45625 -16.72944 4.15 610
247.78458 -16.61278 4.28 696
240.08167 -16.53333 5.47 2770
236.01833 -15.67278 5.41 2603
239.54750 -14.27944 4.88 1406
247.44542 -14.55083 5.68 3519
244.75166 -14.87250 5.94 4749
241.90167 -12.74556 5.78 3955
241.09209 -11.37306 4.77 1219
241.09209 -11.37306 5.07 1752
243.46208 -11.83750 5.22 2097
249.28958 -10.56722 2.56 96
252.45833 -10.78306 4.65 1061
243.00000 -10.06417 4.94 1511
246.95042 -8.37167 4.63 1031
243.03043 -8.54750 5.43 2649
243.90543 -8.36944 5.50 2882
240.19833 -8.41139 5.55 3025
246.93124 -7.59806 5.23 2109
253.64874 -6.15389 5.25 2170
244.58041 -4.69250 3.24 220
255.26500 -4.22250 4.82 1293
243.58624 -3.69444 2.74 122
237.40500 -3.43028 3.53 298
237.81500 -3.09056 5.11 1845
242.46042 -3.46694 5.37 2476
237.23666 -3.81861 5.53 2963
249.08958 -2.32472 5.75 3851
236.52333 -1.80444 5.40 2564
