310.35791 45.28028 1.25 18
296.24374 45.13083 2.87 146
323.49542 45.59194 4.02 535
295.20917 45.52500 5.06 1746
313.32751 45.18194 5.45 2714
324.01001 45.37472 5.53 2965
305.52249 45.79500 5.58 3172
304.00250 45.57944 5.91 4568
299.83542 45.77222 5.92 4641
303.40793 46.74139 3.79 400
303.32501 46.81583 4.83 1321
312.23459 46.11417 4.84 1346
322.36249 46.54056 5.24 2144
315.29541 46.15583 5.37 2472
321.33167 46.71444 5.60 3227
308.47876 46.69389 5.78 3957
303.86792 47.71444 3.98 509
316.65042 47.64833 4.55 955
314.95667 47.52111 4.74 1182
311.95541 47.83194 5.57 3127
297.99625 47.02750 5.62 3291
313.95749 47.41778 5.67 3483
298.03000 47.93194 5.91 4554
307.51459 48.95167 4.95 1534
321.71500 48.83500 5.31 2328
307.82834 49.22028 5.44 2669
320.50168 49.38889 5.69 3546
306.75958 49.38333 5.69 3552
323.23584 49.97778 5.75 3805
319.87000 49.51028 5.76 3861
314.10791 49.19583 5.90 4504
294.11041 50.22111 4.48 875
300.34000 50.10472 5.05 1725
310.55249 50.34000 5.39 2549
314.62543 50.46222 5.61 3250
314.10626 50.72861 5.81 4138
295.45374 50.52528 5.96 4835
325.52374 51.18972 4.67 1090
293.58249 51.23667 5.73 3732
298.90750 52.43889 4.92 1468
297.65707 52.98806 5.03 1676
317.56500 53.56333 5.73 3723
301.55750 53.16583 5.85 4297
315.94833 53.28611 5.90 4498
294.67166 54.97389 5.82 4162
304.60333 55.39722 5.76 3863
319.30957 55.79806 5.98 4976
303.34958 56.56778 4.30 717
311.09167 56.48806 5.78 3983
328.72168 56.61139 5.80 4076
315.53793 56.66972 5.83 4211
307.36292 56.06806 5.91 4591
311.33792 57.57972 4.51 906
298.32251 57.52361 5.14 1914
324.73999 57.48917 5.62 3303
325.87668 58.78000 4.08 571
298.98083 58.84611 4.96 1546
319.81583 58.62361 5.66 3445
314.85583 59.43861 5.51 2904
317.95084 59.98639 5.64 3383
326.85541 60.69278 5.52 2950
322.74707 60.45944 5.53 2978
303.36542 60.64056 5.79 4051
311.32251 61.83889 3.43 268
326.36209 61.12083 4.29 709
301.38666 61.99556 5.39 2529
319.64499 62.58556 2.44 87
307.39542 62.99417 4.22 641
324.48001 62.08194 4.73 1157
331.28708 62.28000 5.11 1837
331.25208 62.78556 5.27 2221
304.90292 62.25750 5.72 3691
302.89542 62.07861 5.75 3830
329.72250 62.69833 5.93 4672
326.22208 62.46056 5.95 4768
329.16293 63.62556 4.91 1456
330.97043 63.11972 5.29 2269
305.29749 63.98028 5.69 3569
299.61957 63.53417 5.96 4828
330.94751 64.62778 4.29 701
319.84250 64.87194 5.18 2008
300.36874 64.82111 5.27 2233
