224.39583 65.93250 4.60 1008
194.97958 66.59722 5.32 2354
228.65958 67.34667 5.13 1889
241.58208 67.81028 5.44 2670
246.99583 68.76806 5.00 1613
213.01666 69.43250 5.24 2134
245.45293 69.10944 5.25 2169
234.41292 69.28333 5.62 3288
230.18208 71.83389 3.05 186
229.27458 71.82389 5.02 1665
204.29584 71.24222 5.50 2850
201.53375 72.39139 5.79 4027
243.63959 73.39500 5.98 4967
222.67625 74.15556 2.08 60
216.88126 75.69611 4.25 665
244.37625 75.75528 4.95 1535
184.70792 75.16056 5.38 2499
242.70625 75.87750 5.48 2818
240.88042 76.79361 5.56 3076
181.31293 76.90583 5.80 4060
236.01459 77.79444 4.32 729
212.21208 77.54750 4.82 1288
232.85374 77.34944 4.96 1537
183.04958 77.61639 5.14 1930
250.77499 77.51417 5.98 4966
246.42958 78.96389 5.56 3068
201.73625 78.64389 5.77 3943
205.66376 78.06444 5.91 4596
270.03833 80.00417 5.68 3512
259.90417 80.13639 5.72 3693
182.75000 81.71000 6.00 5051
251.49208 82.03722 4.23 645
157.76917 82.55861 5.26 2199
222.58501 82.51194 5.64 3378
205.59625 82.75250 5.98 4936
192.30667 83.41278 5.28 2249
192.27750 83.41806 5.85 4302
157.42291 84.25222 5.50 2868
