119.56000 -49.24500 4.41 811
118.26542 -49.61306 4.63 1034
105.97375 -49.58389 4.93 1478
118.32583 -48.10306 4.24 655
108.65917 -48.27167 4.76 1207
99.65667 -48.22028 4.93 1470
104.06667 -48.72111 4.95 1528
107.69792 -48.93222 5.14 1927
114.57583 -48.60111 5.68 3522
114.18292 -48.83028 5.72 3706
96.43167 -48.17722 5.76 3866
117.08458 -47.07778 4.71 1137
117.30958 -46.37333 4.11 578
108.14000 -46.75944 4.49 891
102.47750 -46.61472 5.14 1908
116.88125 -46.60861 5.23 2112
109.06458 -46.77444 5.66 3429
108.69125 -46.84972 5.72 3687
117.30375 -46.85778 5.84 4228
108.30583 -45.18306 4.89 1420
115.73833 -45.17333 5.06 1747
119.46583 -45.57778 5.17 1993
91.16750 -45.07889 5.93 4702
119.75750 -45.21611 5.99 4982
119.32667 -44.10972 5.09 1801
108.38500 -44.63972 5.10 1828
99.44042 -43.19611 3.17 205
112.30750 -43.30139 3.25 224
105.98875 -43.60806 5.54 3011
109.51750 -43.98667 5.85 4271
106.01167 -42.33722 5.20 2051
91.97042 -42.15389 5.50 2883
108.73792 -41.42583 5.94 4724
118.05417 -40.57583 3.73 375
115.92458 -40.93389 5.17 1992
108.06583 -40.49889 5.31 2338
92.54292 -40.35361 5.58 3133
106.77958 -40.89333 5.79 4015
107.21292 -39.65583 4.83 1315
109.64000 -39.21028 5.25 2191
94.14833 -39.26444 6.00 5065
114.86417 -38.30833 4.84 1341
116.85417 -38.51111 5.08 1785
115.31583 -38.53361 5.42 2615
112.27375 -38.81222 5.43 2655
114.93250 -38.13944 5.73 3749
114.94917 -38.26083 5.76 3855
109.13250 -38.31889 5.80 4099
109.28583 -37.09750 2.70 117
116.31375 -37.96861 3.61 328
98.08875 -37.69667 5.24 2142
101.83917 -37.92972 5.26 2211
94.25500 -37.73750 5.53 2974
94.28958 -37.25306 5.87 4370
116.54333 -37.93389 5.88 4398
116.14250 -37.94306 5.88 4414
114.99167 -37.57944 6.00 5075
109.57667 -36.73417 4.66 1075
109.20625 -36.59278 5.03 1689
109.65917 -36.74278 5.11 1839
98.45625 -36.23222 5.42 2624
113.46250 -36.33833 5.54 3006
98.85042 -36.78000 5.59 3178
115.80000 -36.05028 5.60 3240
96.00417 -36.70778 5.62 3298
99.30750 -36.99056 5.71 3650
116.04000 -36.06278 5.80 4073
114.68292 -36.49694 5.80 4089
108.10708 -36.54444 5.96 4860
102.92625 -36.23028 5.96 4864
94.13792 -35.14056 4.37 783
97.80417 -35.25917 5.84 4234
117.31125 -35.24333 5.93 4681
114.34208 -34.96861 4.53 935
102.71833 -34.36722 4.99 1581
104.60458 -34.11167 5.06 1738
116.39583 -34.17306 5.37 2490
95.15125 -34.14389 5.53 2975
94.92083 -34.39667 5.78 3962
111.67625 -34.14083 5.90 4526
95.52833 -33.43639 3.85 436
117.39750 -33.28889 5.60 3234
102.46042 -32.50861 3.96 494
97.04208 -32.58000 4.48 876
99.44833 -32.33972 5.27 2241
110.88292 -32.20222 5.39 2538
98.64708 -32.71639 5.62 3304
98.16250 -32.03056 5.69 3535
97.16333 -32.37111 5.74 3778
101.11833 -31.07056 5.20 2061
111.18250 -31.80889 5.35 2438
110.75250 -31.92389 5.43 2647
102.59708 -31.70611 5.70 3598
112.27042 -31.45639 5.77 3902
101.34500 -31.79361 5.92 4637
95.07833 -30.06333 3.02 180
112.67708 -30.96222 4.65 1063
108.83750 -30.68639 5.36 2464
99.92792 -30.47028 5.71 3651
101.38042 -30.94889 5.80 4100
