266.43332 -64.72389 3.62 337
281.36209 -64.87139 4.79 1247
280.90500 -64.55111 5.78 3984
272.14499 -63.66833 4.35 755
273.92041 -63.05556 5.60 3243
283.05417 -62.18750 4.22 639
277.84332 -62.27833 4.64 1045
272.60876 -62.00222 5.49 2828
261.00458 -62.86417 5.70 3600
275.80667 -61.49389 4.36 769
262.77457 -60.68389 3.62 333
284.65167 -60.20056 5.14 1907
261.07791 -60.67361 5.77 3905
267.89792 -60.16444 5.78 3966
297.68668 -59.19306 5.42 2619
299.27582 -58.90139 5.26 2203
260.72916 -58.01028 5.88 4430
277.48624 -57.52306 5.76 3883
261.34833 -56.37750 3.34 243
274.28125 -56.02333 5.33 2378
297.00500 -56.36250 5.35 2431
262.84583 -56.92056 5.95 4770
262.16125 -55.16972 5.94 4720
290.71292 -54.42361 5.05 1731
264.52332 -54.50028 5.25 2172
291.95041 -54.32528 5.69 3553
293.22418 -53.18583 5.75 3821
267.61749 -53.61222 5.92 4609
284.61542 -52.93861 4.87 1382
286.58292 -52.34083 5.16 1955
283.16501 -52.10750 5.17 1996
266.03625 -51.83417 5.15 1934
285.98917 -51.01861 5.93 4683
271.65793 -50.09167 3.66 347
264.36334 -50.06000 5.93 4652
277.20792 -49.07083 4.13 595
265.09833 -49.41556 4.77 1215
293.80417 -48.09917 4.90 1434
276.72458 -48.11694 5.46 2721
286.73166 -48.29917 5.97 4878
277.48251 -47.22028 5.70 3586
279.80957 -47.90972 5.86 4324
283.11292 -46.59528 5.54 2990
265.31793 -46.92194 5.79 4018
276.74332 -45.96833 3.51 289
272.80750 -45.95444 4.53 936
277.93918 -45.91500 4.96 1538
278.00833 -45.75722 5.07 1751
289.09042 -45.46639 5.40 2576
293.34000 -45.27194 5.61 3257
282.36417 -45.81028 5.81 4147
288.66541 -45.19333 5.92 4642
