14.17708 60.71667 2.47 91
21.45417 60.23528 2.68 110
14.19625 60.36278 5.55 3053
25.83208 60.55111 5.78 3990
9.11375 60.32611 5.79 4043
13.26708 61.12417 4.82 1286
43.98708 61.52111 5.59 3215
16.08167 61.58028 5.84 4233
15.90417 61.07500 5.92 4611
8.25000 62.93167 4.16 613
28.59875 63.67000 3.38 256
26.93667 63.85222 5.63 3346
51.16875 64.58611 5.23 2122
29.90833 64.62139 5.26 2208
12.68167 64.24750 5.39 2550
17.85667 64.20278 5.55 3031
30.75125 64.39000 5.58 3141
46.82917 64.05778 5.89 4489
30.71958 64.90139 6.00 5034
49.99750 65.65222 4.84 1338
17.92250 65.01889 5.57 3106
39.40042 65.74556 5.78 3989
10.51417 66.14750 5.83 4184
14.62958 66.35222 5.97 4927
37.26667 67.40250 4.52 921
56.50375 67.20167 5.80 4103
41.20708 67.82472 5.95 4776
21.48333 68.13000 4.74 1174
29.00000 68.68528 4.99 1590
17.66375 68.77861 5.29 2273
25.58542 68.04306 5.59 3184
42.99458 68.88861 5.80 4096
30.48917 70.90694 4.54 939
25.73292 70.62250 5.18 2025
57.30750 70.87111 5.44 2668
22.80750 70.26472 5.81 4142
57.58958 71.33222 4.63 1040
30.85875 72.42139 3.98 511
39.50833 72.81833 5.16 1975
12.03792 72.67500 5.87 4396
24.62875 73.04000 5.28 2250
354.83792 74.00278 5.98 4931
47.98458 74.39361 4.87 1386
11.94208 74.84750 5.41 2590
11.41250 74.98806 5.66 3441
354.79333 75.29278 5.95 4783
31.38000 76.11500 5.22 2094
354.83667 77.63250 3.21 216
31.28083 77.28139 5.38 2525
50.08208 77.73472 5.45 2716
337.47043 78.82417 5.50 2861
80.63958 79.23111 5.05 1722
46.53250 79.41861 5.49 2831
18.06958 79.67389 5.64 3363
