68.37750 -29.76667 4.51 905
56.61417 -29.33806 5.90 4521
48.01792 -28.98694 3.87 450
49.51167 -28.79694 5.91 4547
61.40583 -27.65167 5.59 3186
51.59375 -27.31750 5.93 4666
58.42750 -24.61250 4.65 1056
59.98125 -24.01639 4.66 1076
70.02833 -24.48250 5.58 3167
49.89500 -24.12306 5.61 3259
65.77375 -24.89222 5.83 4203
56.71208 -23.24972 4.23 646
56.91500 -23.87472 5.24 2153
50.35000 -23.63528 5.52 2934
49.59208 -22.51139 4.88 1395
49.87917 -21.75778 3.69 359
53.44708 -21.63278 4.27 678
65.16250 -20.63972 5.38 2502
62.90083 -20.35611 5.79 4006
57.14917 -20.90306 5.81 4121
64.56625 -20.71556 6.00 5042
70.11042 -19.67167 4.32 730
67.16250 -19.45833 5.96 4843
49.67167 -18.55972 5.71 3625
54.07250 -17.46694 5.23 2116
62.32417 -16.38583 5.37 2495
69.54500 -14.30389 3.87 452
69.83208 -14.35917 5.45 2704
59.50750 -13.50861 2.95 164
67.27875 -13.04833 5.60 3242
56.53542 -12.10167 4.42 821
69.72333 -12.12306 5.01 1638
52.40000 -12.67472 5.59 3190
59.87542 -12.57417 5.60 3239
61.09458 -12.79250 5.61 3253
58.81792 -12.09917 6.00 5046
53.99042 -11.19361 5.57 3113
52.00417 -11.28667 5.73 3708
63.59875 -10.25639 4.87 1393
55.89083 -10.48556 5.60 3217
