168.56000 15.42944 3.34 245
178.91875 15.64667 5.53 2964
172.42458 15.41333 5.74 3774
171.40167 16.45639 5.57 3123
173.67708 16.79694 5.95 4819
185.17917 17.79278 4.74 1179
172.62083 18.40972 5.52 2935
168.52708 20.52361 2.56 97
165.58250 20.17972 4.42 819
176.99625 20.21889 4.53 931
183.03876 20.54194 5.57 3099
175.19624 21.35278 5.26 2200
181.06917 21.45917 5.87 4365
168.80083 23.09556 4.63 1042
184.08542 23.94528 4.95 1517
163.90334 24.74972 4.50 893
167.20457 24.65833 5.68 3497
185.62625 25.84611 4.81 1279
182.96333 25.87028 5.66 3457
186.74709 26.82556 5.00 1610
186.07709 26.09861 5.18 2021
185.08208 26.61944 5.54 2996
186.60042 27.26833 4.95 1526
174.07458 27.78111 5.80 4064
186.73457 28.26833 4.36 759
184.37708 28.93722 5.70 3573
169.54584 31.52917 4.41 806
169.54543 31.52917 4.87 1394
175.39291 31.74611 5.73 3739
169.61958 33.09417 3.48 283
184.12543 33.06139 5.00 1627
163.93500 33.50694 5.03 1677
179.82333 33.16750 5.96 4849
163.32793 34.21500 3.83 424
175.26250 34.20167 5.33 2389
177.42375 34.93167 5.70 3588
163.74249 34.03472 5.72 3703
