143.21417 51.67722 3.17 206
137.21793 51.60472 4.48 877
143.70625 52.05139 4.50 899
129.82333 52.71167 5.91 4570
159.77374 53.66833 5.52 2925
129.59250 53.40139 5.66 3447
151.15125 53.89167 5.74 3755
148.02667 54.06444 4.59 998
139.04707 54.02194 4.83 1330
136.00166 54.28389 5.75 3828
155.13000 54.21694 6.00 5053
157.65668 55.98056 4.84 1349
138.95792 56.74139 5.27 2225
140.43042 56.69917 5.47 2772
149.96542 56.81194 5.48 2814
162.79625 56.58222 5.67 3461
158.79042 57.08278 5.16 1957
146.63208 57.12806 5.20 2045
160.93042 57.19917 5.80 4057
149.30667 57.41833 5.93 4692
147.74750 59.03861 3.80 408
162.84875 59.32000 5.58 3137
127.56625 60.71806 3.36 250
165.93208 61.75083 1.79 35
138.58583 61.42333 5.13 1900
133.34418 61.96222 5.73 3728
124.82208 62.50722 5.71 3618
142.88208 63.06194 3.67 351
137.72958 63.51361 4.67 1088
130.05333 64.32778 4.60 1006
134.15625 64.60389 5.58 3143
156.03291 65.56639 4.97 1557
160.48582 65.71639 5.12 1881
128.65083 65.14500 5.47 2761
129.79875 65.02083 5.64 3355
154.50833 65.10833 5.82 4166
137.09833 66.87333 5.14 1913
135.63625 67.62972 4.76 1210
137.59666 67.13472 4.80 1264
127.44250 67.29750 5.88 4428
144.86626 67.27222 5.94 4712
161.26666 67.41139 6.00 5069
123.20333 68.47417 5.32 2365
160.45125 68.44333 5.75 3852
155.26418 68.74750 5.96 4859
172.85083 69.33111 3.84 431
143.62042 69.83028 4.56 962
160.76707 69.07611 5.00 1625
174.01167 69.32278 5.20 2064
145.56168 69.23750 5.69 3530
163.37791 69.85389 5.93 4689
