332.10834 -34.04389 4.99 1584
345.87418 -34.74944 5.11 1840
332.48209 -34.01472 5.37 2484
339.71457 -33.08139 5.66 3452
343.98709 -32.53972 4.21 632
337.87625 -32.34611 4.29 700
349.70584 -32.53194 4.41 814
343.13168 -32.87556 4.46 862
355.15918 -32.07306 5.31 2320
339.14749 -31.66389 5.82 4179
340.09293 -30.65889 5.87 4394
344.41293 -29.62222 1.16 17
344.89917 -29.46222 5.51 2912
342.83707 -29.53611 5.97 4900
345.33084 -28.85361 5.55 3036
347.08749 -28.82333 5.60 3219
347.43582 -28.08861 5.87 4388
340.16418 -27.04361 4.17 619
333.57834 -27.76694 5.43 2648
337.44168 -27.10722 5.95 4786
350.31458 -26.98667 5.64 3385
333.43500 -25.18083 5.58 3154
345.02417 -25.16417 5.65 3391
335.87875 -24.76250 5.53 2955
346.67041 -23.74306 4.47 872
338.90207 -23.99111 5.97 4908
347.47833 -22.45750 4.69 1112
347.36166 -21.17250 3.66 349
335.39832 -21.59833 5.13 1887
350.74249 -20.10056 3.97 506
351.51166 -20.64194 4.39 795
353.31918 -20.91444 4.71 1145
338.67334 -20.70833 5.20 2049
345.68457 -20.87056 5.97 4879
341.88791 -19.61333 5.26 2206
340.89709 -18.83028 4.69 1117
355.39374 -18.02722 5.34 2400
349.85043 -18.07528 5.93 4700
355.44083 -17.81639 4.82 1300
343.68958 -16.27194 5.56 3089
343.66251 -15.82083 3.27 227
350.66333 -15.03917 5.20 2050
355.61624 -15.44778 5.28 2254
353.70584 -15.24583 5.96 4874
