7.11000 -39.91500 5.43 2643
15.32625 -38.91667 5.59 3176
11.05042 -38.42167 5.90 4506
18.18917 -37.85639 5.92 4613
23.23333 -36.86528 5.51 2908
25.51250 -36.83250 5.72 3697
24.61417 -36.52833 5.94 4713
25.53583 -32.32694 5.25 2167
21.74208 -32.54306 5.79 4022
15.61000 -31.55194 5.50 2849
30.31125 -30.00167 5.35 2435
22.93042 -30.28333 5.82 4164
20.87917 -30.94556 5.84 4231
14.65167 -29.35750 4.31 721
31.12250 -29.29694 4.69 1108
8.42125 -29.55833 5.55 3047
24.03500 -29.90750 5.69 3555
22.59542 -26.20778 5.93 4662
26.41167 -25.05250 5.31 2340
13.16917 -24.00583 5.46 2744
9.33625 -24.76722 5.57 3119
12.30792 -24.13639 5.90 4505
29.16750 -22.52694 4.85 1361
11.18500 -22.00611 5.24 2149
11.54917 -22.52194 5.50 2860
30.00125 -21.07778 4.00 514
22.40042 -21.62944 5.12 1867
12.00458 -21.72250 5.57 3121
24.71583 -21.27528 5.58 3175
29.94208 -20.82444 5.41 2601
