317.19250 -88.95639 5.47 2756
352.01541 -87.48222 5.49 2841
283.69543 -87.60583 5.28 2257
134.17125 -85.66306 5.42 2631
193.74417 -85.12333 5.46 2747
205.23125 -85.78611 5.58 3131
235.82001 -84.46528 5.57 3105
227.78458 -84.78750 5.91 4544
216.72874 -83.66778 4.32 724
226.19458 -83.03833 5.65 3395
225.46167 -83.22778 5.65 3421
150.18208 -82.21472 5.52 2928
74.71208 -82.47056 5.85 4285
208.91125 -82.66611 5.95 4821
214.55750 -81.00778 4.91 1445
161.44501 -80.54028 4.45 851
143.47166 -80.94139 5.11 1852
141.03792 -80.78694 5.36 2458
161.31541 -80.46972 5.47 2787
100.01125 -80.81361 5.64 3358
126.08250 -80.91417 5.69 3532
184.58624 -79.31222 4.26 671
104.14333 -79.42028 5.45 2713
111.40833 -79.09417 5.53 2979
131.48000 -79.50444 5.79 4012
160.46375 -79.78333 5.97 4911
158.86708 -78.60778 4.11 583
179.90543 -78.22194 4.91 1438
130.33125 -78.96333 5.47 2771
198.57167 -78.44722 5.85 4278
125.16042 -77.48444 4.35 750
124.63167 -76.91972 4.07 560
181.19376 -76.51917 5.04 1701
146.58583 -76.77611 5.45 2705
181.95750 -75.36694 5.18 2007
174.31500 -75.89667 5.65 3406
156.09875 -74.03167 4.00 516
139.35583 -74.89444 5.29 2294
139.36417 -74.73472 5.86 4329
157.75833 -73.22167 4.93 1472
125.51833 -73.40000 5.29 2274
142.90125 -73.08083 5.47 2782
115.45500 -72.60611 3.95 492
136.28667 -72.60278 4.48 880
171.04625 -72.25667 5.59 3205
157.58376 -71.99306 4.74 1172
124.95417 -71.51500 5.37 2475
141.77667 -71.60222 5.47 2765
125.00292 -71.50528 5.65 3419
153.43417 -70.03806 3.32 239
136.40958 -70.53889 4.71 1132
177.48582 -70.22583 4.97 1561
129.77167 -70.38694 5.20 2058
126.82042 -70.09333 5.53 2960
166.70792 -70.87806 5.57 3114
163.42500 -70.72028 5.99 4984
