225.48666 40.39056 3.50 286
232.94583 40.89944 5.02 1652
232.73250 40.83306 5.02 1663
234.45667 40.35333 5.24 2154
220.93500 40.45917 5.73 3716
238.16875 42.45167 4.62 1023
238.87750 42.56611 5.75 3818
242.94833 42.37444 5.87 4376
238.65791 43.13861 5.37 2478
219.55208 43.64194 5.70 3581
242.19250 44.93500 4.26 674
219.70917 44.40444 5.39 2556
244.93500 46.31333 3.89 464
240.69958 46.03667 4.76 1203
222.32793 46.11611 5.74 3762
234.56750 46.79778 5.75 3817
225.94749 47.65444 4.76 1201
226.35750 48.15111 5.57 3115
222.42207 48.72056 5.69 3543
217.15750 49.84472 5.59 3213
224.09583 49.62861 5.63 3326
218.66499 49.36833 5.74 3768
244.79668 49.03806 5.91 4560
234.64291 50.42333 5.84 4252
216.29916 51.85083 4.05 549
213.37083 51.79028 4.54 940
214.04124 51.36722 4.75 1183
230.02167 51.95861 5.66 3431
235.71124 52.36083 5.51 2907
240.52292 52.91583 5.93 4695
233.81792 53.92194 5.97 4921
239.44749 54.74972 4.95 1521
226.56958 54.55639 5.25 2175
233.98792 54.63056 5.74 3757
219.56332 54.02333 5.85 4265
234.38333 54.50889 5.87 4359
246.10542 55.20500 5.74 3760
218.12875 55.39778 5.76 3879
238.06917 55.82667 5.81 4104
236.90833 55.37667 5.86 4334
236.64500 55.47472 5.92 4633
231.23250 58.96611 3.29 233
240.47208 58.56528 4.01 528
244.31375 59.75500 5.40 2566
222.86000 59.29389 5.46 2751
