72.73000 -53.46139 5.61 3254
64.00667 -51.48667 4.25 660
70.69333 -50.48139 5.31 2325
53.14500 -50.37861 5.68 3514
75.70250 -49.15139 5.38 2513
56.31583 -47.35972 5.73 3726
49.36083 -47.75167 5.85 4279
52.65417 -47.37528 5.99 4990
45.73292 -46.97500 5.82 4181
58.38875 -46.89361 5.93 4670
67.70875 -44.95389 5.07 1756
64.81917 -44.26806 5.34 2410
48.10750 -44.41972 5.93 4698
49.98208 -43.06972 4.27 685
63.50042 -42.29444 3.86 444
52.47917 -42.63417 5.78 3994
70.14042 -41.86389 4.45 845
62.71083 -41.99361 4.93 1471
54.27375 -40.27472 4.58 984
58.59667 -40.35722 5.71 3668
55.70875 -37.31361 4.59 996
57.14958 -37.62056 4.73 1160
70.51458 -37.14444 5.05 1716
57.14750 -37.62222 5.40 2574
57.36375 -36.20028 4.17 618
51.88917 -35.68139 5.71 3665
67.66792 -35.65361 5.96 4863
