324.26999 -19.46611 4.68 1098
316.10126 -19.85500 4.84 1339
304.84833 -19.11861 5.28 2268
325.66458 -18.86639 4.73 1168
310.01251 -18.13861 5.10 1830
306.82999 -18.21167 5.25 2195
307.47458 -18.58333 5.94 4719
316.48666 -17.23278 4.07 562
307.21500 -17.81361 4.78 1233
319.48874 -17.98528 5.43 2637
313.69958 -17.92306 5.78 3993
325.02292 -16.66222 3.68 354
320.56168 -16.83444 4.28 698
310.13541 -16.12417 5.80 4074
314.41916 -16.03167 5.87 4386
318.93707 -15.17139 5.28 2261
305.25293 -14.78139 3.08 190
325.38708 -14.04750 5.18 2004
309.81833 -14.95472 5.22 2084
325.76834 -14.39972 5.88 4401
304.51376 -12.54472 3.57 316
304.41208 -12.50833 4.24 656
305.16583 -12.75917 4.76 1197
321.04791 -12.87806 5.49 2846
312.67416 -12.54500 5.88 4426
317.39874 -11.37167 4.51 912
311.91916 -9.49583 3.77 391
314.22501 -9.69750 5.51 2910
308.09875 -9.85333 5.65 3425
321.30457 -9.74861 5.70 3599
320.73459 -9.31944 5.99 4998
313.16333 -8.98333 4.73 1166
324.43793 -7.85417 4.69 1116
322.88959 -5.57111 2.91 158
311.93417 -5.02778 4.42 826
313.03625 -5.50694 5.55 3049
316.01959 -5.82306 5.89 4471
312.85709 -5.62639 5.99 4989
319.54626 -4.51944 5.82 4180
320.26791 -4.56000 5.87 4393
321.32083 -3.55667 5.49 2833
323.82333 -3.98306 5.77 3945
309.18167 -2.55000 4.89 1417
307.41251 -2.88556 4.91 1454
309.58459 -1.10528 4.32 726
