177.67375 1.76472 3.61 330
171.00958 1.40778 5.39 2544
189.59332 1.85472 5.71 3661
169.72917 1.65056 5.91 4585
182.42207 1.89778 5.95 4806
171.98418 2.85611 4.95 1518
169.32249 2.01056 5.18 2006
185.08749 3.31250 4.96 1541
179.98708 3.65528 5.37 2491
173.59167 3.06000 5.77 3920
182.51418 5.80694 5.72 3694
176.46500 6.52944 4.03 537
170.28416 6.02944 4.05 552
180.21832 6.61417 4.66 1081
190.48792 6.80667 5.59 3193
181.30208 8.73306 4.12 589
176.32124 8.25833 4.85 1364
176.97874 8.24583 5.32 2359
174.61501 8.13417 5.36 2462
178.76292 8.44389 5.58 3163
170.98125 10.52917 3.94 486
190.47125 10.23556 4.88 1403
183.35793 10.26222 5.85 4296
171.24542 11.43028 5.80 4059
177.26500 14.57194 2.14 63
184.00082 14.89889 5.10 1827
177.16125 14.28417 5.88 4404
178.91875 15.64667 5.53 2964
172.42458 15.41333 5.74 3774
171.40167 16.45639 5.57 3123
173.67708 16.79694 5.95 4819
185.17917 17.79278 4.74 1179
189.24292 17.08944 5.68 3503
188.78250 18.37694 5.02 1656
172.62083 18.40972 5.52 2935
