55.81208 -9.76333 3.54 301
53.23250 -9.45833 3.73 372
40.05125 -9.45306 5.78 3963
45.48375 -9.96139 5.83 4216
44.10708 -8.89806 3.89 466
48.95833 -8.81972 4.80 1254
46.06833 -7.60083 5.26 2198
45.67625 -7.68528 5.32 2356
39.00000 -7.83167 5.53 2969
38.67792 -7.85944 5.75 3809
45.29167 -7.66278 5.75 3843
54.62167 -7.39167 5.85 4273
46.63958 -6.08861 5.27 2230
34.24583 -6.42222 5.51 2906
52.41292 -6.80500 5.99 4979
52.65458 -5.07528 4.73 1162
55.15958 -5.21056 5.53 2967
54.75458 -5.62611 5.96 4868
44.15583 -3.71222 5.17 1999
39.42417 -3.39611 5.65 3401
34.83625 -2.97750 3.04 184
44.67500 -2.78250 5.23 2117
44.92167 -2.46500 5.56 3092
48.19333 -1.19611 5.06 1736
38.03917 -1.03500 5.35 2423
49.59333 -0.93028 5.38 2504
35.55167 -0.88500 5.42 2613
40.30792 -0.69583 5.71 3630
39.87083 0.32861 4.07 564
54.21833 0.40167 4.28 695
35.48583 0.39583 5.28 2246
54.19708 0.58778 5.71 3660
37.68833 0.25528 6.00 5076
34.50583 1.75778 5.58 3155
37.87542 2.26722 5.25 2193
40.82500 3.23583 3.47 277
49.84042 3.37028 4.83 1319
54.96292 3.05694 5.57 3094
50.27833 3.67556 5.69 3542
45.57000 4.08972 2.53 94
45.59375 4.35278 5.61 3261
38.96875 5.59333 4.86 1372
48.11000 6.66083 5.56 3093
39.02042 6.88694 5.82 4174
52.68917 6.18861 5.94 4740
39.14625 7.72972 5.81 4110
37.03958 8.46000 4.28 693
44.92875 8.90750 4.70 1125
44.05750 8.38167 5.97 4898
51.20333 9.02889 3.60 321
51.79250 9.73278 3.74 376
53.15000 9.37361 5.77 3901
