199.40125 5.46972 4.80 1267
200.54042 5.15472 5.87 4347
190.48792 6.80667 5.59 3193
191.40459 7.67333 5.22 2092
199.19376 9.42417 5.22 2102
191.59375 9.54000 5.67 3481
195.54417 10.95917 2.83 139
190.47125 10.23556 4.88 1403
204.89417 10.74611 5.57 3124
202.30417 10.81833 5.65 3399
197.30167 10.02222 5.78 3977
198.63042 11.33167 5.67 3480
198.13708 11.55611 5.77 3924
202.10750 13.77889 4.98 1568
199.31500 13.67556 5.33 2394
184.00082 14.89889 5.10 1827
192.22583 14.12250 5.70 3580
191.66125 16.57750 5.12 1883
197.44917 16.84861 5.91 4592
185.17917 17.79278 4.74 1179
194.73083 17.40944 4.78 1232
197.49709 17.52944 5.22 2093
197.49709 17.52944 5.22 2103
189.24292 17.08944 5.68 3503
195.28999 17.12306 5.96 4826
188.78250 18.37694 5.02 1656
205.16875 19.95556 5.75 3824
187.42999 20.89611 5.69 3531
193.32417 21.24500 4.90 1423
189.78043 21.06250 5.46 2730
188.78375 21.88139 5.85 4300
196.58833 21.15333 5.99 5010
188.71292 22.62917 4.81 1276
196.59418 22.61611 5.60 3221
205.25958 22.49583 5.62 3310
184.08542 23.94528 4.95 1517
201.27792 23.85444 5.78 3974
187.75250 24.56722 5.46 2733
187.36208 24.10889 5.48 2820
204.24625 24.61333 5.74 3787
