353.65625 40.23639 5.59 3200
12.45333 41.07889 4.53 938
3.37833 41.03528 5.72 3681
351.78082 42.91194 5.75 3807
349.96832 42.07806 5.79 4044
359.26501 42.65833 5.97 4876
354.53418 43.26806 4.29 713
347.61334 43.54417 5.94 4766
355.10208 44.33389 4.14 602
354.38333 44.42917 5.80 4086
9.19417 44.48861 5.13 1897
7.05708 44.39444 5.17 1984
354.39124 46.45806 3.82 417
356.50876 46.42028 4.95 1531
346.91376 46.38722 5.33 2384
2.58042 46.07222 5.03 1670
358.89001 47.35583 6.00 5040
10.86708 47.02472 4.94 1489
11.11000 47.86417 5.67 3494
4.28792 47.94750 5.89 4473
344.26874 48.68417 5.43 2639
349.87418 48.62528 5.44 2675
11.18125 48.28444 4.54 945
348.13751 49.40639 4.52 923
349.43625 49.01528 4.85 1353
344.10834 49.73361 4.95 1516
346.93918 49.29583 5.70 3603
9.79125 49.35444 5.43 2660
346.04584 50.05222 4.65 1062
354.78458 50.47167 5.30 2311
10.51625 50.51250 4.80 1266
12.20875 50.96833 4.89 1422
359.60333 51.38861 4.80 1256
6.06500 52.02000 5.57 3107
7.92167 52.83944 5.60 3224
16.01000 52.50222 5.99 5016
349.17624 53.21361 5.54 2999
9.24292 53.89694 3.66 346
6.27667 53.04694 5.74 3761
7.94333 54.52222 4.73 1161
9.03458 54.16861 5.08 1772
17.06833 54.92028 5.17 1987
8.29333 54.89500 5.93 4678
359.75208 55.75500 4.88 1401
342.44250 55.90278 5.43 2650
359.28543 55.70583 5.55 3028
17.77583 55.14972 4.33 738
11.32167 55.22167 5.42 2625
345.02124 56.94528 5.00 1628
10.12708 56.53722 2.23 67
358.59583 57.49944 4.54 944
356.75793 57.45139 5.51 2894
348.32083 57.16833 5.56 3065
358.89041 57.41222 6.00 5048
12.27500 57.81583 3.44 272
356.76459 58.65194 4.87 1390
352.50833 58.54889 4.91 1452
13.75042 58.97278 4.83 1325
17.13875 58.26361 5.79 4037
1.56667 58.43667 5.96 4875
346.65375 59.41972 4.85 1362
347.43375 59.33306 5.70 3589
2.29458 59.14972 2.27 75
14.16583 59.18111 4.63 1033
7.58292 59.97722 5.94 4728
