45.59792 -23.62444 4.09 575
35.63583 -23.81639 5.20 2066
44.34875 -23.86194 5.45 2706
44.52375 -23.60611 5.84 4250
29.16750 -22.52694 4.85 1361
43.39708 -22.37639 5.95 4800
30.00125 -21.07778 4.00 514
42.75958 -21.00417 4.75 1189
24.71583 -21.27528 5.58 3175
33.25375 -21.00028 5.86 4310
29.94208 -20.82444 5.41 2601
36.64667 -20.04278 5.88 4418
41.27583 -18.57250 4.47 868
35.52083 -17.66222 5.87 4353
28.21708 -16.92917 5.80 4067
26.01708 -15.93750 3.50 287
38.02167 -15.24472 4.75 1194
36.50125 -15.34111 5.83 4220
30.74417 -15.30583 5.86 4321
40.39167 -14.54944 5.98 4963
41.03083 -13.85861 4.25 661
36.48750 -12.29056 4.89 1416
39.89083 -11.87222 4.84 1347
25.43625 -11.32472 5.75 3826
27.86500 -10.33500 3.73 374
27.39625 -10.68639 4.67 1093
35.50583 -10.77778 5.46 2738
40.05125 -9.45306 5.78 3963
45.48375 -9.96139 5.83 4216
44.10708 -8.89806 3.89 466
30.11208 -8.52361 5.51 2916
45.67625 -7.68528 5.32 2356
39.00000 -7.83167 5.53 2969
38.67792 -7.85944 5.75 3809
45.29167 -7.66278 5.75 3843
34.24583 -6.42222 5.51 2906
26.49708 -5.73333 5.34 2397
