40.39167 -14.54944 5.98 4963
41.03083 -13.85861 4.25 661
36.48750 -12.29056 4.89 1416
39.89083 -11.87222 4.84 1347
25.43625 -11.32472 5.75 3826
27.86500 -10.33500 3.73 374
27.39625 -10.68639 4.67 1093
35.50583 -10.77778 5.46 2738
40.05125 -9.45306 5.78 3963
45.48375 -9.96139 5.83 4216
44.10708 -8.89806 3.89 466
30.11208 -8.52361 5.51 2916
45.67625 -7.68528 5.32 2356
39.00000 -7.83167 5.53 2969
38.67792 -7.85944 5.75 3809
45.29167 -7.66278 5.75 3843
34.24583 -6.42222 5.51 2906
26.49708 -5.73333 5.34 2397
30.91875 -4.10361 5.62 3290
25.68125 -3.69028 4.99 1593
44.15583 -3.71222 5.17 1999
39.42417 -3.39611 5.65 3401
34.83625 -2.97750 3.04 184
44.67500 -2.78250 5.23 2117
33.19792 -2.39361 5.54 2998
44.92167 -2.46500 5.56 3092
38.03917 -1.03500 5.35 2423
32.89917 -1.82528 5.93 4664
35.55167 -0.88500 5.42 2613
40.30792 -0.69583 5.71 3630
30.95083 -0.34028 5.93 4655
39.87083 0.32861 4.07 564
35.48583 0.39583 5.28 2246
30.79875 0.12833 5.43 2646
37.68833 0.25528 6.00 5076
34.50583 1.75778 5.58 3155
30.51167 2.76361 4.33 734
30.51167 2.76361 5.23 2124
37.87542 2.26722 5.25 2193
40.82500 3.23583 3.47 277
28.38875 3.18750 4.62 1020
30.03833 3.09722 5.88 4436
27.10833 3.68556 5.91 4603
45.57000 4.08972 2.53 94
45.59375 4.35278 5.61 3261
