175.05333 -34.74472 4.70 1123
162.48750 -34.05806 5.61 3281
178.22749 -33.90806 4.28 699
164.80792 -33.73722 5.71 3658
174.14583 -33.57000 5.74 3786
175.43333 -32.49972 5.22 2106
186.71542 -32.83000 5.55 3020
167.47250 -32.36750 5.81 4115
173.62292 -32.83139 5.98 4946
173.25043 -31.85778 3.54 302
173.22542 -31.08722 5.04 1700
177.92332 -30.83500 5.85 4290
173.06792 -29.26111 5.64 3349
173.06708 -29.26333 5.81 4137
167.18292 -28.08056 5.44 2679
178.91708 -28.47694 5.93 4687
166.33292 -27.29361 4.94 1492
166.49001 -27.28778 5.71 3628
177.18793 -26.74972 5.11 1838
178.67708 -25.71389 5.30 2303
182.10333 -24.72889 4.02 532
185.84000 -24.84056 5.68 3527
172.41083 -24.46333 5.76 3881
182.76625 -23.60250 5.46 2728
182.53125 -22.61972 3.00 171
167.91458 -22.82583 4.48 874
185.14043 -22.21583 5.21 2081
185.04459 -22.17556 5.97 4920
183.74834 -20.84417 5.83 4222
180.21333 -19.65889 5.26 2212
164.94376 -18.29889 4.08 570
176.19083 -18.35083 4.73 1158
170.84125 -18.78000 5.09 1794
183.95168 -17.54194 2.59 99
171.22041 -17.68389 4.08 567
179.00375 -17.15083 5.18 2020
164.87875 -16.35389 5.89 4478
