287.50708 -39.34083 4.11 581
278.08917 -39.70389 5.16 1971
297.96082 -39.87444 5.33 2396
281.23834 -39.68639 5.43 2632
275.57751 -38.65694 5.10 1817
280.94543 -38.32361 5.13 1885
277.11292 -38.99556 5.64 3356
278.34625 -38.72611 5.65 3388
285.82376 -38.25333 5.74 3781
287.36792 -37.90444 4.11 582
284.68082 -37.10750 4.87 1392
286.60458 -37.06333 4.93 1479
286.60458 -37.06333 4.99 1583
284.16876 -37.34333 5.38 2500
274.40668 -36.76167 3.11 195
275.72125 -36.66944 5.34 2415
275.87042 -36.23833 5.55 3054
281.08084 -35.64194 4.87 1384
289.91666 -35.42139 5.59 3203
276.04291 -34.38472 1.85 37
278.49084 -33.01667 5.28 2242
277.76999 -32.98917 5.34 2412
286.10458 -31.04694 5.50 2879
296.50500 -31.90861 5.52 2930
276.25626 -30.75667 5.60 3230
285.65292 -29.88028 2.60 100
275.24875 -29.82806 2.70 118
291.73541 -29.74333 5.67 3463
276.95624 -29.81639 5.92 4629
291.26709 -29.30917 5.93 4676
286.73499 -27.67056 3.32 240
274.51334 -27.04250 4.65 1060
283.81625 -26.29667 2.02 51
281.41418 -26.99083 3.17 207
292.46750 -26.98556 5.52 2921
276.99249 -25.42167 2.81 136
288.88501 -25.25667 4.85 1352
288.30707 -25.90667 5.80 4075
281.20667 -25.01111 5.83 4197
294.17667 -24.88361 4.60 999
291.31876 -24.50861 5.03 1671
278.47293 -24.03250 5.49 2839
294.00708 -24.71917 5.65 3420
285.61542 -24.84694 5.65 3423
291.37375 -23.96222 5.43 2651
279.62793 -23.50500 5.81 4124
284.00250 -23.17361 5.93 4668
295.02957 -23.42861 5.97 4892
283.54251 -22.74500 4.83 1323
283.77957 -22.67139 4.99 1595
281.58582 -22.39222 5.37 2471
290.15875 -22.40250 5.58 3130
287.44083 -21.02361 2.89 151
284.43250 -21.10667 3.51 288
286.17084 -21.74167 3.77 395
291.57999 -21.77667 5.59 3179
283.50043 -21.35972 5.69 3568
279.72250 -21.05194 5.86 4306
279.47668 -21.39778 5.94 4735
276.33749 -20.54167 4.81 1269
284.33542 -20.65639 5.08 1793
282.41708 -20.32472 5.24 2135
