68.37750 -29.76667 4.51 905
61.40583 -27.65167 5.59 3186
79.84875 -27.36889 5.99 4987
75.54083 -26.27500 5.02 1664
78.85125 -26.94333 5.07 1767
76.31750 -26.15250 5.73 3746
58.42750 -24.61250 4.65 1056
59.98125 -24.01639 4.66 1076
80.44250 -24.77306 5.06 1733
70.02833 -24.48250 5.58 3167
75.97208 -24.38778 5.61 3282
65.77375 -24.89222 5.83 4203
76.36542 -22.37111 3.19 211
75.68708 -22.79500 5.75 3822
80.11208 -21.23944 4.71 1143
71.26750 -21.28361 5.72 3700
75.35667 -20.05194 4.91 1440
65.16250 -20.63972 5.38 2502
62.90083 -20.35611 5.79 4006
64.56625 -20.71556 6.00 5042
70.11042 -19.67167 4.32 730
67.16250 -19.45833 5.96 4843
71.03333 -18.66667 5.53 2966
79.71000 -18.13000 5.96 4844
78.23292 -16.20556 3.31 235
72.54833 -16.21722 5.03 1687
62.32417 -16.38583 5.37 2495
71.90125 -16.93444 5.51 2900
74.75542 -16.37583 5.66 3451
73.77833 -16.74056 5.70 3571
73.82750 -16.41778 5.72 3695
72.13542 -16.32944 5.77 3913
69.54500 -14.30389 3.87 452
69.83208 -14.35917 5.45 2704
59.50750 -13.50861 2.95 164
79.89375 -13.17667 4.29 708
80.87583 -13.92722 5.25 2165
79.41750 -13.51972 5.50 2854
67.27875 -13.04833 5.60 3242
78.30792 -12.94139 4.36 765
74.98250 -12.53750 4.79 1242
69.72333 -12.12306 5.01 1638
79.99625 -12.31556 5.30 2302
59.87542 -12.57417 5.60 3239
61.09458 -12.79250 5.61 3253
76.85417 -12.49056 5.97 4882
78.07458 -11.86917 4.45 847
77.84500 -11.84917 5.68 3520
63.59875 -10.25639 4.87 1393
74.96000 -10.26333 5.38 2528
