309.90958 15.91194 3.77 393
310.86459 15.07444 4.43 835
309.77084 15.83806 5.97 4888
311.66458 16.12417 4.27 683
311.66125 16.12444 5.14 1928
305.08917 17.79306 5.80 4084
320.52167 19.80444 4.08 568
324.43918 19.31861 5.45 2701
315.11542 19.32944 5.65 3386
324.75458 20.26528 5.85 4264
309.63043 21.20111 4.82 1311
306.41876 21.40972 5.66 3444
314.56833 22.32583 5.31 2326
322.24957 22.17944 5.93 4650
322.48709 23.63889 4.57 977
320.26834 23.85583 5.57 3100
309.64624 23.68056 5.91 4580
309.63293 24.11611 5.04 1708
304.19626 24.67111 5.32 2349
305.51416 24.44611 5.54 3007
320.99500 24.27417 5.71 3667
326.16125 25.64500 4.13 598
303.81625 25.59194 4.78 1234
311.21875 25.27056 4.91 1444
309.26959 26.46194 5.59 3189
321.14166 26.17444 5.68 3515
303.00293 26.47889 5.92 4625
303.94208 27.81417 4.52 920
313.03207 27.09694 4.59 986
321.91708 27.60861 5.41 2598
326.03583 28.74278 4.73 1165
313.64001 28.05750 5.01 1644
303.56042 28.69472 5.18 2016
312.86749 28.25056 5.77 3914
318.23416 30.22694 3.20 213
307.34875 30.36861 4.01 520
311.41541 30.71972 4.22 642
317.16208 30.20583 5.59 3196
309.74792 30.33444 5.68 3501
316.62625 31.18472 5.82 4165
305.96542 32.19000 4.43 834
310.26083 32.30722 5.51 2895
320.20874 32.45278 5.68 3509
322.03458 32.22528 5.80 4102
311.55292 33.97028 2.46 90
313.47458 33.43778 5.47 2762
303.84875 33.72944 5.66 3438
319.47958 34.89694 4.43 832
311.79501 34.37417 4.92 1469
304.66293 34.98278 5.17 1980
