331.42001 5.05861 4.84 1345
350.08582 5.38139 5.05 1713
335.11499 5.78944 5.37 2488
332.54999 6.19778 3.53 294
330.03293 6.71750 6.00 5061
343.80707 8.81583 4.90 1435
347.38126 8.67722 5.12 1858
347.93417 8.72000 5.16 1967
330.28833 8.25722 5.65 3412
346.75125 9.40944 4.52 928
343.10043 9.83556 5.16 1968
347.50626 9.82194 5.39 2547
337.28333 9.12889 5.58 3145
340.36542 10.83139 3.40 258
344.79916 11.72889 5.75 3796
332.65582 11.62444 5.78 3985
330.82916 11.38639 5.80 4066
348.36041 11.06500 5.82 4158
341.67334 12.17278 4.19 625
335.37958 12.20528 5.01 1646
350.76917 12.31389 5.08 1774
329.23499 12.07639 5.54 2988
330.27249 13.11972 5.60 3247
340.21957 14.54944 5.71 3620
340.48917 14.51639 5.90 4511
346.19043 15.20528 2.49 92
343.25958 16.84111 5.64 3353
332.96375 16.04056 5.95 4794
347.67749 17.59444 5.71 3640
331.86917 19.47556 5.75 3806
339.71918 19.52222 5.82 4167
344.36624 20.76889 5.49 2834
331.95959 21.70278 5.78 3952
346.86957 21.13417 5.99 5008
341.63293 23.56556 3.95 488
350.15918 23.74028 4.60 1003
342.50082 24.60167 3.48 284
333.03333 24.95000 5.92 4630
