151.85750 35.24472 4.48 878
156.97083 36.70722 4.21 634
167.32957 36.30944 5.74 3782
164.88667 36.09306 6.00 5032
152.80333 37.40194 5.85 4262
159.78168 37.91000 5.85 4277
169.78291 38.18556 4.78 1228
157.52667 38.92528 5.77 3919
166.13000 38.24139 6.00 5043
165.21001 39.21222 5.08 1776
172.26750 39.33694 5.31 2330
158.30792 40.42556 4.75 1184
164.86667 40.43028 5.05 1724
155.58208 41.49944 3.05 185
149.42125 41.05556 5.14 1917
155.54375 41.22944 5.76 3867
154.27417 42.91444 3.45 274
163.49458 43.19000 4.71 1142
170.70667 43.48278 4.99 1597
167.41042 43.20750 5.89 4476
172.62958 43.17333 5.94 4758
167.41583 44.49861 3.01 176
165.06125 45.52611 5.47 2779
147.14751 46.02111 5.09 1805
160.88708 46.20389 5.18 2024
154.86166 48.39694 6.00 5055
148.92917 49.82000 5.27 2222
169.17458 49.47639 5.88 4429
143.21417 51.67722 3.17 206
143.70625 52.05139 4.50 899
159.77374 53.66833 5.52 2925
151.15125 53.89167 5.74 3755
148.02667 54.06444 4.59 998
163.39375 54.58500 5.10 1825
173.77042 54.78528 5.63 3341
155.13000 54.21694 6.00 5053
