359.39667 -64.29833 5.00 1622
356.04999 -64.40444 5.72 3696
5.01792 -64.87472 4.23 644
21.27208 -64.36944 5.93 4674
352.25418 -63.11083 5.68 3525
8.18250 -63.03111 5.09 1807
349.24042 -62.00111 5.66 3439
359.33292 -62.95639 5.97 4896
7.88625 -62.95806 4.37 781
7.89000 -62.96583 4.54 942
13.40792 -62.87139 5.70 3608
29.69250 -61.56972 2.86 144
16.82792 -61.77528 5.37 2470
25.45000 -60.78944 5.71 3639
10.67417 -60.26250 5.98 4959
10.11000 -59.45444 5.89 4467
351.81250 -58.47611 5.63 3321
24.42875 -57.23667 0.46 9
10.83833 -57.46306 4.36 773
351.33084 -56.84917 5.59 3202
10.44333 -56.50167 5.70 3592
24.94917 -56.19472 5.76 3853
24.94750 -56.19806 5.87 4346
17.09625 -55.24583 3.92 479
26.52625 -53.52194 5.04 1699
25.62208 -53.74056 5.52 2932
359.73251 -52.74583 5.13 1894
8.61583 -52.37306 5.57 3104
356.81668 -50.22667 5.18 2023
12.67167 -50.98694 5.22 2107
0.33333 -50.33722 5.53 2976
22.81292 -49.07278 3.95 491
1.57917 -49.07500 5.70 3578
7.85417 -48.80361 4.77 1217
8.92125 -48.00083 5.51 2897
7.60875 -48.21500 5.69 3561
0.26875 -48.81000 5.71 3621
11.44000 -47.55167 5.80 4088
16.52083 -46.71861 3.31 237
10.33167 -46.08500 4.59 988
15.70500 -46.39750 5.36 2459
2.35292 -45.74750 3.88 458
18.79625 -45.53139 4.96 1542
