36.40583 50.27861 4.71 1140
49.05083 50.93778 5.03 1683
49.78167 50.09500 5.03 1688
49.65750 50.22222 5.15 1931
36.10375 50.00667 5.19 2031
59.15208 50.69528 5.28 2258
35.24250 50.15139 5.59 3180
33.40125 51.06583 5.31 2341
43.56458 52.76250 3.95 493
45.21750 52.35167 5.28 2265
46.19917 53.50639 2.93 160
40.74875 53.52611 5.84 4244
30.57542 54.48750 5.04 1704
53.41250 54.97472 5.98 4951
42.67417 55.89556 3.76 389
52.50083 55.45194 5.09 1804
35.58917 55.84556 5.17 1978
27.99708 55.14750 5.52 2954
40.76167 55.10583 5.77 3941
46.38500 56.70583 4.76 1198
34.49958 57.89972 5.75 3797
48.95000 57.14083 5.79 4047
58.43042 57.97500 5.80 4068
34.51875 57.51667 5.98 4975
52.47875 58.87861 4.54 953
32.16875 58.42361 5.67 3474
52.26708 59.94028 4.21 633
61.11333 59.15556 5.06 1749
55.67792 59.96944 5.76 3882
65.44833 60.73556 5.39 2552
25.83208 60.55111 5.78 3990
59.28458 61.10889 5.00 1608
43.98708 61.52111 5.59 3215
64.22333 61.85028 5.70 3590
28.59875 63.67000 3.38 256
56.50958 63.34500 4.80 1255
59.35625 63.07222 5.03 1674
55.53875 63.21667 5.10 1822
26.93667 63.85222 5.63 3346
57.40292 63.29722 5.85 4268
51.16875 64.58611 5.23 2122
29.90833 64.62139 5.26 2208
30.75125 64.39000 5.58 3141
46.82917 64.05778 5.89 4489
30.71958 64.90139 6.00 5034
57.38000 65.52611 4.47 866
49.99750 65.65222 4.84 1338
65.16792 65.14056 5.27 2234
39.40042 65.74556 5.78 3989
37.26667 67.40250 4.52 921
56.50375 67.20167 5.80 4103
41.20708 67.82472 5.95 4776
21.48333 68.13000 4.74 1174
29.00000 68.68528 4.99 1590
17.66375 68.77861 5.29 2273
25.58542 68.04306 5.59 3184
42.99458 68.88861 5.80 4096
61.51292 68.68000 5.87 4366
