327.06583 -47.30361 5.58 3151
344.19916 -47.96917 5.70 3601
340.65375 -47.21056 5.98 4973
332.05832 -46.96111 1.74 31
340.66708 -46.88472 2.10 61
341.41959 -46.54750 5.51 2898
347.59000 -45.24667 3.90 468
354.46249 -45.49250 4.74 1181
335.78333 -45.92861 5.62 3309
349.16541 -44.48917 5.92 4648
337.31750 -43.49556 3.97 501
337.43958 -43.74944 4.11 584
346.72000 -43.52056 4.28 694
353.76917 -42.61500 4.71 1146
347.48874 -42.86056 5.81 4127
333.90375 -41.34667 4.79 1244
340.87500 -41.41444 4.85 1355
334.11084 -41.62750 5.10 1810
348.74417 -41.10556 5.77 3939
345.99792 -41.47833 5.79 4048
349.54126 -40.82444 5.53 2971
347.54083 -40.59167 5.83 4209
339.24500 -40.59111 5.86 4327
331.52875 -39.54333 4.46 860
342.75916 -39.15694 5.42 2609
337.16333 -39.13194 5.47 2778
329.82458 -38.39528 5.50 2880
346.72333 -38.89222 5.61 3255
328.48209 -37.36500 3.01 178
329.09500 -37.25361 5.46 2735
332.10834 -34.04389 4.99 1584
345.87418 -34.74944 5.11 1840
332.48209 -34.01472 5.37 2484
339.71457 -33.08139 5.66 3452
343.98709 -32.53972 4.21 632
337.87625 -32.34611 4.29 700
349.70584 -32.53194 4.41 814
343.13168 -32.87556 4.46 862
332.09583 -32.98861 4.50 904
332.53668 -32.54833 4.92 1463
339.14749 -31.66389 5.82 4179
340.09293 -30.65889 5.87 4394
