354.39124 46.45806 3.82 417
356.50876 46.42028 4.95 1531
2.58042 46.07222 5.03 1670
358.89001 47.35583 6.00 5040
17.37583 47.24194 4.25 668
10.86708 47.02472 4.94 1489
11.11000 47.86417 5.67 3494
4.28792 47.94750 5.89 4473
349.87418 48.62528 5.44 2675
11.18125 48.28444 4.54 945
349.43625 49.01528 4.85 1353
9.79125 49.35444 5.43 2660
354.78458 50.47167 5.30 2311
10.51625 50.51250 4.80 1266
12.20875 50.96833 4.89 1422
359.60333 51.38861 4.80 1256
6.06500 52.02000 5.57 3107
7.92167 52.83944 5.60 3224
16.01000 52.50222 5.99 5016
349.17624 53.21361 5.54 2999
9.24292 53.89694 3.66 346
6.27667 53.04694 5.74 3761
7.94333 54.52222 4.73 1161
9.03458 54.16861 5.08 1772
17.06833 54.92028 5.17 1987
8.29333 54.89500 5.93 4678
359.75208 55.75500 4.88 1401
359.28543 55.70583 5.55 3028
17.77583 55.14972 4.33 738
11.32167 55.22167 5.42 2625
10.12708 56.53722 2.23 67
358.59583 57.49944 4.54 944
356.75793 57.45139 5.51 2894
348.32083 57.16833 5.56 3065
358.89041 57.41222 6.00 5048
12.27500 57.81583 3.44 272
356.76459 58.65194 4.87 1390
352.50833 58.54889 4.91 1452
13.75042 58.97278 4.83 1325
20.02042 58.23167 4.98 1576
23.35750 58.32750 5.70 3596
17.13875 58.26361 5.79 4037
1.56667 58.43667 5.96 4875
346.65375 59.41972 4.85 1362
347.43375 59.33306 5.70 3589
2.29458 59.14972 2.27 75
14.16583 59.18111 4.63 1033
23.48292 59.23194 4.71 1144
7.58292 59.97722 5.94 4728
350.63541 60.13361 5.56 3075
14.17708 60.71667 2.47 91
21.45417 60.23528 2.68 110
14.19625 60.36278 5.55 3053
25.83208 60.55111 5.78 3990
9.11375 60.32611 5.79 4043
13.26708 61.12417 4.82 1286
6.19792 61.83111 5.40 2563
0.40375 61.22306 5.55 3019
4.23792 61.53333 5.74 3754
1.27583 61.31417 5.80 4065
16.08167 61.58028 5.84 4233
15.90417 61.07500 5.92 4611
351.20959 62.28278 4.98 1565
357.20917 62.21444 5.43 2658
8.25000 62.93167 4.16 613
1.05667 62.28778 5.88 4410
26.93667 63.85222 5.63 3346
12.68167 64.24750 5.39 2550
17.85667 64.20278 5.55 3031
1.61042 64.19611 5.59 3194
