233.88167 -14.78944 3.91 474
239.54750 -14.27944 4.88 1406
244.75166 -14.87250 5.94 4749
230.96750 -12.36944 5.72 3702
241.90167 -12.74556 5.78 3955
241.09209 -11.37306 4.77 1219
241.09209 -11.37306 5.07 1752
243.46208 -11.83750 5.22 2097
224.19208 -11.40972 5.46 2718
224.72333 -11.14417 5.87 4351
233.54459 -10.06444 4.62 1024
231.04958 -10.32222 4.94 1501
243.00000 -10.06417 4.94 1511
229.25166 -9.38306 2.61 103
233.61082 -9.18333 5.17 2001
225.24333 -8.51889 4.92 1467
243.03043 -8.54750 5.43 2649
243.90543 -8.36944 5.50 2882
240.19833 -8.41139 5.55 3025
230.28168 -5.82472 5.54 3002
244.58041 -4.69250 3.24 220
224.29584 -4.34639 4.49 886
243.58624 -3.69444 2.74 122
237.40500 -3.43028 3.53 298
237.81500 -3.09056 5.11 1845
242.46042 -3.46694 5.37 2476
237.23666 -3.81861 5.53 2963
225.33250 -2.75500 5.52 2931
236.52333 -1.80444 5.40 2564
233.24126 -1.18639 5.51 2915
224.38875 -0.16750 5.53 2985
225.45375 -0.14056 5.71 3654
229.60918 -0.46139 5.89 4490
230.25833 0.71528 5.35 2425
228.95457 0.37222 5.63 3339
245.51833 1.02917 4.82 1287
229.82832 1.76528 5.06 1741
232.15916 1.84222 5.17 1977
225.72501 2.09139 4.40 800
237.57292 2.19639 5.23 2118
236.00751 2.51500 5.88 4411
242.24542 3.45444 5.91 4588
237.70416 4.47778 3.71 365
228.79750 4.93944 5.33 2371
240.21292 4.42750 5.83 4191
224.84625 4.56778 5.93 4658
