191.66125 16.57750 5.12 1883
197.44917 16.84861 5.91 4592
185.17917 17.79278 4.74 1179
194.73083 17.40944 4.78 1232
197.49709 17.52944 5.22 2093
197.49709 17.52944 5.22 2103
189.24292 17.08944 5.68 3503
195.28999 17.12306 5.96 4826
188.78250 18.37694 5.02 1656
205.16875 19.95556 5.75 3824
187.42999 20.89611 5.69 3531
193.32417 21.24500 4.90 1423
189.78043 21.06250 5.46 2730
188.78375 21.88139 5.85 4300
196.58833 21.15333 5.99 5010
188.71292 22.62917 4.81 1276
196.59418 22.61611 5.60 3221
205.25958 22.49583 5.62 3310
184.08542 23.94528 4.95 1517
201.27792 23.85444 5.78 3974
187.75250 24.56722 5.46 2733
187.36208 24.10889 5.48 2820
204.24625 24.61333 5.74 3787
185.62625 25.84611 4.81 1279
187.22792 25.91278 5.29 2270
206.68042 25.70222 5.95 4788
186.74709 26.82556 5.00 1610
186.07709 26.09861 5.18 2021
185.08208 26.61944 5.54 2996
197.96832 27.87806 4.26 673
196.79459 27.62472 4.80 1263
192.92458 27.54056 4.94 1493
186.60042 27.26833 4.95 1526
192.32249 27.55222 5.78 3987
186.73457 28.26833 4.36 759
184.37708 28.93722 5.70 3573
195.06876 30.78500 4.90 1430
184.12543 33.06139 5.00 1627
188.41208 33.24750 5.42 2614
207.94792 34.44417 4.74 1170
199.61583 34.09806 5.82 4154
207.78833 34.66444 5.87 4343
205.68083 34.98889 5.98 4933
