55.81208 -9.76333 3.54 301
68.54833 -8.23139 5.11 1844
68.54875 -8.97028 5.26 2196
62.69875 -8.81972 5.70 3594
71.02208 -8.50361 5.90 4503
63.81792 -7.65278 4.43 829
75.35958 -7.17389 4.81 1282
54.62167 -7.39167 5.85 4273
65.17833 -7.59250 5.85 4283
62.96625 -6.83750 4.04 546
62.59375 -6.92389 5.44 2671
68.47833 -6.73889 5.72 3673
64.33000 -6.47194 5.94 4750
73.22375 -5.45278 4.39 793
58.17333 -5.36139 5.48 2813
74.10083 -5.17139 5.51 2901
55.15958 -5.21056 5.53 2967
72.15125 -5.67389 5.78 3951
59.71792 -5.47000 5.83 4217
54.75458 -5.62611 5.96 4868
75.68958 -4.20972 5.85 4288
69.07958 -3.35250 3.93 480
71.37542 -3.25472 4.02 530
65.92000 -3.74556 5.17 1998
68.15583 -3.20917 5.81 4107
58.57292 -2.95472 4.79 1250
69.40042 -2.47333 5.23 2127
56.12708 -1.16306 5.25 2188
60.38333 -1.54972 5.28 2245
67.96958 -0.04389 4.91 1448
60.65292 -0.26889 5.38 2507
56.23542 -0.29667 5.55 3048
65.36292 -0.09806 5.86 4318
54.21833 0.40167 4.28 695
69.30708 0.99833 5.31 2345
54.19708 0.58778 5.71 3660
57.16208 0.22778 5.91 4567
75.45958 0.72222 5.92 4620
73.71125 0.46750 5.99 5009
74.63708 1.71417 4.47 873
67.13375 1.38083 5.55 3046
73.56292 2.44056 3.72 368
73.34500 2.50806 5.33 2385
61.04125 2.82694 5.36 2451
54.96292 3.05694 5.57 3094
72.80167 5.60500 3.69 357
60.78917 5.98917 3.91 471
60.93583 5.43556 5.33 2387
68.53458 5.56861 5.68 3499
62.83458 5.52306 5.72 3689
72.46000 6.96139 3.19 212
56.41833 6.05000 5.35 2434
58.00083 6.53472 5.67 3479
65.17167 6.13083 5.77 3937
56.53958 6.80306 5.91 4589
63.38792 7.71611 5.29 2284
73.69917 7.77917 5.33 2393
69.77583 7.87083 5.39 2541
63.88375 8.89222 4.29 706
72.65292 8.90028 4.36 774
60.98583 8.19722 5.46 2741
63.48500 9.26361 4.84 1340
65.96625 9.46083 5.12 1873
60.44208 9.99778 5.67 3492
