340.75043 30.22139 2.94 161
327.46124 30.17417 5.04 1695
336.94250 31.84028 5.98 4974
337.50751 32.57250 5.65 3411
332.49667 33.17833 4.29 707
332.30667 33.17222 5.58 3149
333.19916 34.60472 5.33 2379
343.93542 36.35167 5.74 3773
333.99249 37.74889 4.13 597
342.04541 37.41667 5.90 4501
343.76083 37.07694 5.91 4576
323.69418 38.53417 4.90 1436
325.85709 38.28389 5.65 3424
333.46957 39.71500 4.49 890
339.81543 39.05028 4.88 1407
338.96793 39.63417 5.73 3734
338.10999 39.77972 5.88 4442
341.02167 39.46556 5.95 4796
324.23749 40.41361 5.01 1649
340.36917 40.22556 5.25 2179
343.52917 40.37694 5.81 4123
341.02292 41.81917 5.08 1779
325.77667 41.15500 5.49 2832
344.09833 41.60389 5.59 3185
325.59543 41.07722 5.69 3545
342.59082 41.95361 5.92 4647
340.40042 41.54944 5.94 4757
345.48041 42.32611 3.62 332
345.65125 42.75778 5.10 1819
333.68500 42.95389 5.71 3619
337.62207 43.12333 4.51 915
343.00833 43.31250 4.94 1509
325.04626 43.27389 5.11 1836
347.61334 43.54417 5.94 4766
340.12875 44.27639 4.46 856
330.73624 44.65000 5.60 3229
341.54251 44.54611 5.76 3860
343.41708 44.74917 5.81 4106
323.49542 45.59194 4.02 535
331.50833 45.01444 5.14 1916
324.01001 45.37472 5.53 2965
333.45541 45.44083 5.53 2987
335.25668 46.53667 4.57 974
322.36249 46.54056 5.24 2144
346.91376 46.38722 5.33 2384
321.33167 46.71444 5.60 3227
337.38251 47.70694 4.36 760
321.71500 48.83500 5.31 2328
344.26874 48.68417 5.43 2639
349.87418 48.62528 5.44 2675
326.69833 49.30944 4.23 652
348.13751 49.40639 4.52 923
336.12918 49.47639 4.57 972
349.43625 49.01528 4.85 1353
344.10834 49.73361 4.95 1516
320.50168 49.38889 5.69 3546
346.93918 49.29583 5.70 3603
323.23584 49.97778 5.75 3805
319.87000 49.51028 5.76 3861
