172.41083 -24.46333 5.76 3881
167.91458 -22.82583 4.48 874
163.37292 -20.13889 5.24 2162
180.21333 -19.65889 5.26 2212
164.94376 -18.29889 4.08 570
176.19083 -18.35083 4.73 1158
170.84125 -18.78000 5.09 1794
171.22041 -17.68389 4.08 567
179.00375 -17.15083 5.18 2020
161.71667 -17.29667 5.42 2622
162.40625 -16.19361 3.11 193
159.64583 -16.87667 4.91 1447
164.87875 -16.35389 5.89 4478
169.83542 -14.77861 3.56 307
165.04832 -14.08333 5.88 4416
159.38834 -13.38444 4.82 1310
174.66708 -13.20194 5.48 2790
163.57417 -13.75806 5.66 3442
159.13499 -12.23028 5.70 3593
171.78958 -12.35667 5.94 4761
165.81207 -11.30361 5.50 2877
171.15250 -10.85944 4.83 1329
180.18542 -10.44611 5.55 3029
174.17043 -9.80222 4.70 1129
162.43124 -9.85278 5.86 4331
162.57542 -8.89778 5.79 4042
173.19792 -7.82750 5.95 4810
177.75917 -5.33333 5.64 3359
