149.14792 -33.41861 5.84 4236
144.29124 -32.17861 5.63 3331
156.78792 -31.06778 4.25 666
142.88417 -31.87194 5.93 4653
137.48500 -30.36528 5.59 3207
140.80125 -28.83389 4.69 1109
154.53168 -28.99194 5.34 2399
146.05042 -27.76944 4.79 1251
133.88126 -27.68194 4.89 1411
142.47708 -26.58972 5.48 2800
137.01208 -25.85833 4.58 979
140.37334 -25.96556 4.72 1150
148.55125 -25.93250 4.88 1398
144.25082 -25.29667 5.70 3579
151.08749 -24.28556 5.70 3583
145.32083 -23.59167 4.77 1216
145.56000 -23.91556 4.94 1496
141.82668 -22.34389 4.69 1111
143.35918 -22.86389 5.91 4581
143.30208 -21.11583 5.01 1647
142.30251 -20.74861 5.66 3459
148.71750 -19.00944 4.94 1490
137.99458 -19.74778 5.73 3743
143.08501 -19.40028 5.74 3750
137.26791 -18.32861 5.73 3711
151.01208 -18.10167 5.86 4335
151.78958 -17.14167 5.60 3225
134.68292 -16.13278 5.86 4332
134.14207 -16.70944 5.96 4852
139.88834 -15.83444 5.78 3964
142.59418 -15.57722 5.85 4298
