169.83542 -14.77861 3.56 307
165.04832 -14.08333 5.88 4416
159.38834 -13.38444 4.82 1310
174.66708 -13.20194 5.48 2790
163.57417 -13.75806 5.66 3442
159.13499 -12.23028 5.70 3593
171.78958 -12.35667 5.94 4761
165.81207 -11.30361 5.50 2877
171.15250 -10.85944 4.83 1329
180.18542 -10.44611 5.55 3029
174.17043 -9.80222 4.70 1129
162.43124 -9.85278 5.86 4331
162.57542 -8.89778 5.79 4042
173.19792 -7.82750 5.95 4810
177.75917 -5.33333 5.64 3359
169.16542 -3.65167 4.47 871
172.57875 -3.00361 4.77 1214
162.77251 -3.09250 5.95 4775
165.45708 -2.48472 4.74 1175
163.43208 -2.12917 5.45 2709
162.16917 -1.95889 5.93 4679
174.23708 -0.82389 4.30 714
168.44000 -0.06972 5.42 2630
165.90250 -0.00083 5.95 4807
163.92667 0.73694 5.91 4582
177.67375 1.76472 3.61 330
171.00958 1.40778 5.39 2544
166.72583 1.95556 5.52 2952
169.72917 1.65056 5.91 4585
171.98418 2.85611 4.95 1518
169.32249 2.01056 5.18 2006
165.14000 3.61750 4.84 1348
179.98708 3.65528 5.37 2491
173.59167 3.06000 5.77 3920
160.83708 4.74778 5.79 4033
