137.76833 -44.86806 5.00 1614
139.09625 -44.26583 5.12 1879
146.62666 -44.75500 5.55 3058
138.53416 -44.14583 5.85 4258
158.14000 -44.61889 5.91 4594
136.99918 -43.43250 2.21 66
138.60208 -43.22750 5.25 2194
144.50626 -43.19111 5.50 2852
138.12750 -43.61361 5.57 3129
153.88126 -43.11250 5.60 3226
153.68417 -42.12194 3.85 440
140.46208 -42.19500 5.58 3174
155.58167 -41.65000 4.83 1322
154.61749 -41.66833 5.96 4853
152.65791 -41.71500 5.98 4948
142.67500 -40.46667 3.60 322
143.08041 -40.64944 5.35 2436
153.44125 -40.34583 5.90 4500
139.23833 -39.40139 5.33 2369
158.80376 -39.56278 5.38 2506
137.92084 -39.25889 6.00 5056
138.90292 -38.57000 4.94 1508
155.87209 -38.01000 5.33 2370
138.93793 -37.41333 4.62 1025
138.73833 -37.60250 5.86 4333
147.36708 -37.18639 5.97 4880
144.36792 -36.09583 5.98 4940
142.31125 -35.95139 4.51 913
149.71793 -35.89111 5.23 2111
142.88708 -35.71500 5.87 4339
162.48750 -34.05806 5.61 3281
149.14792 -33.41861 5.84 4236
144.29124 -32.17861 5.63 3331
160.67999 -32.71583 5.64 3360
156.78792 -31.06778 4.25 666
142.88417 -31.87194 5.93 4653
157.39751 -30.60722 5.56 3072
157.37083 -29.66361 5.58 3150
140.80125 -28.83389 4.69 1109
154.53168 -28.99194 5.34 2399
146.05042 -27.76944 4.79 1251
159.30708 -27.41250 4.89 1421
142.47708 -26.58972 5.48 2800
140.37334 -25.96556 4.72 1150
148.55125 -25.93250 4.88 1398
144.25082 -25.29667 5.70 3579
