219.47166 -49.42583 4.05 553
240.80376 -49.22972 4.65 1065
217.58708 -49.51917 5.37 2477
226.85793 -49.08833 5.77 3903
227.98375 -48.73778 3.87 447
230.45084 -48.31778 5.65 3414
227.99001 -48.74361 5.69 3565
237.48958 -48.91194 5.84 4243
228.97417 -48.07417 5.95 4795
220.48250 -47.38833 2.30 78
229.63333 -47.87500 4.27 687
226.28000 -47.05111 4.72 1148
226.28000 -47.05111 4.82 1296
230.53458 -47.92778 5.00 1619
224.13333 -47.87917 5.64 3373
221.62125 -47.44111 5.74 3756
214.85083 -46.05778 3.55 304
232.35126 -46.73278 5.24 2161
219.33376 -46.13389 5.41 2600
219.07916 -46.24528 5.55 3042
216.80083 -46.13444 5.83 4210
227.21083 -45.27972 4.05 548
210.43083 -45.60361 4.34 746
216.54500 -45.37944 4.35 749
216.53416 -45.22139 4.56 964
215.17708 -45.18722 4.77 1221
217.53583 -45.32167 5.50 2851
230.67043 -44.68944 3.37 252
233.97166 -44.95861 4.54 950
235.29707 -44.66111 4.64 1046
228.20625 -44.50056 4.82 1308
234.05042 -44.39694 5.43 2645
224.63292 -43.13389 2.68 112
222.91000 -43.57556 4.32 727
215.04042 -43.05889 5.56 3088
218.87666 -42.15778 2.31 79
224.79042 -42.10417 3.13 201
234.51334 -42.56750 4.33 736
227.16292 -42.86778 5.85 4266
233.78542 -41.16694 2.78 129
211.51167 -41.17972 4.36 775
226.32957 -41.06722 5.15 1946
229.01666 -41.49111 5.16 1960
213.67751 -41.83750 5.61 3260
218.88126 -41.51722 5.87 4381
236.09418 -41.81944 5.94 4746
230.34293 -40.64750 3.22 217
229.73500 -40.78833 5.59 3183
219.18417 -40.21167 5.74 3770
227.05042 -40.58389 5.79 4008
233.50667 -40.06611 5.82 4152
215.75917 -39.51222 4.42 818
231.18707 -39.71028 5.37 2485
231.33417 -38.73361 4.60 1007
225.30417 -38.05833 5.89 4458
221.77126 -38.29083 5.94 4718
217.79500 -38.86972 5.97 4889
227.53125 -38.79250 5.98 4960
220.49001 -37.79361 4.00 517
215.13918 -37.88528 4.05 550
223.21292 -37.80333 5.03 1685
235.65958 -37.42500 5.24 2139
214.84958 -37.00361 5.94 4717
230.45168 -36.26139 3.56 310
230.78917 -36.85861 4.54 951
231.82584 -36.76778 5.45 2715
220.25583 -36.13500 5.67 3460
220.91417 -35.17361 4.05 547
221.24667 -35.19194 4.92 1460
234.94167 -34.41194 4.67 1089
235.67084 -34.71056 4.75 1193
215.58208 -34.78694 5.56 3064
236.68417 -34.68250 5.61 3268
237.73958 -33.62722 3.95 489
223.93625 -33.85583 5.32 2367
223.65833 -33.30056 5.82 4175
225.74709 -32.64333 5.44 2673
228.65543 -31.51917 4.91 1453
229.45792 -30.14889 4.34 742
226.63875 -30.91889 5.96 4829
