57.57875 25.57944 5.26 2209
65.64542 25.62917 5.37 2479
62.70792 26.48083 5.41 2580
45.47542 26.46222 5.90 4512
65.08875 27.35083 4.95 1523
61.65167 27.60000 5.20 2056
50.54958 27.60750 5.52 2938
48.05917 27.25694 5.79 4054
49.98250 27.07111 5.90 4495
52.83667 27.57194 5.96 4866
50.08500 29.04833 4.47 864
61.75208 29.00139 5.23 2133
47.40292 29.07694 5.72 3678
48.83542 30.55667 5.52 2949
58.53292 31.88361 2.85 142
44.32208 31.93417 5.11 1850
66.52625 31.43889 5.28 2267
56.07958 32.28833 3.83 422
55.59375 33.96500 4.97 1550
57.38583 33.09139 5.11 1855
51.12375 33.53583 5.61 3267
52.08667 33.80750 5.61 3278
62.74583 33.58667 5.72 3701
66.15583 33.95972 5.76 3875
49.68250 34.22278 4.82 1302
65.10250 34.56667 4.93 1475
66.12167 34.13056 5.73 3744
57.97375 34.35917 5.77 3940
59.74125 35.79111 4.04 543
42.87833 35.05972 4.53 932
44.76542 35.18306 4.93 1473
59.11958 35.08111 5.49 2843
53.16667 35.46167 5.90 4513
56.13083 36.46000 5.59 3199
55.28292 37.58000 5.57 3095
46.29417 38.84028 3.39 257
42.64625 38.31861 4.23 648
43.42750 38.33750 5.33 2374
62.15250 38.03972 5.51 2911
47.82250 39.61167 4.63 1036
44.69042 39.66278 4.70 1124
53.39625 39.89944 5.81 4105
49.44083 39.28333 5.96 4861
47.04208 40.95556 2.12 62
59.46333 40.01028 2.89 153
63.72208 40.48361 4.71 1139
44.91625 41.03306 5.89 4486
65.06000 41.80806 5.92 4635
56.29833 42.57861 3.77 397
50.36042 43.32944 4.95 1522
47.37417 44.85722 3.80 406
41.02167 44.29694 5.43 2657
49.44750 44.02500 5.47 2776
57.51875 44.96778 5.66 3450
