121.88583 -24.30417 2.81 135
117.32375 -24.85972 3.34 244
103.53292 -24.18389 3.87 448
109.67667 -24.95417 4.40 804
109.66792 -24.55889 4.98 1573
126.26542 -24.04611 5.28 2260
117.25708 -24.91222 5.33 2376
104.39125 -24.63056 5.46 2724
116.14167 -24.67389 5.62 3306
113.29042 -24.71083 5.85 4303
105.75625 -23.83333 3.02 179
109.15333 -23.31556 4.79 1237
112.46417 -23.02444 4.85 1356
119.77375 -23.31056 5.11 1854
111.74750 -23.08611 5.61 3271
106.84417 -23.84028 5.71 3648
113.57750 -23.47361 5.83 4189
113.57958 -23.47472 5.87 4368
119.21458 -22.88000 4.20 628
113.51333 -22.29611 4.45 853
116.80208 -22.51972 5.90 4530
111.92875 -22.85972 5.95 4785
117.92875 -21.17389 5.63 3329
121.82500 -20.55472 5.38 2523
125.33833 -20.07917 5.58 3144
107.92333 -20.88306 5.84 4226
122.25667 -19.24500 4.40 803
110.55625 -19.01667 4.96 1545
113.33125 -19.41250 5.66 3434
114.17083 -19.70222 5.74 3765
115.05667 -19.66083 5.93 4691
119.96667 -18.39917 4.61 1014
104.03417 -17.05417 4.37 777
117.42167 -17.22833 5.18 2011
111.78333 -17.86444 5.63 3332
125.47750 -17.58639 5.75 3813
111.16708 -16.20111 5.33 2372
122.36875 -16.24889 5.68 3505
109.86708 -16.39500 5.70 3607
105.93958 -15.63333 4.12 591
115.09667 -15.26361 4.94 1503
123.33333 -15.78833 4.99 1587
109.06042 -15.58583 5.46 2726
113.44958 -14.52389 4.97 1554
104.02750 -14.04361 5.00 1629
116.48708 -14.56389 5.04 1693
110.24250 -14.36000 5.45 2689
118.07875 -14.84639 5.69 3563
114.01625 -14.49278 5.70 3614
117.94292 -13.89806 5.17 1991
122.66583 -13.79917 5.54 2991
111.28458 -13.75194 5.78 3969
122.81792 -12.92694 4.72 1151
116.98625 -12.19306 5.48 2810
124.59958 -12.63194 5.98 4970
106.66958 -11.29417 5.39 2534
108.28000 -11.25139 5.78 3979
111.96542 -11.55694 5.79 4039
112.34208 -10.32667 5.75 3827
108.92958 -10.58389 5.95 4778
115.31167 -9.55111 3.93 481
117.54417 -9.18333 5.61 3277
108.56458 -9.94750 5.90 4535
113.02417 -8.88083 5.90 4534
105.09875 -8.40694 5.96 4865
122.88750 -7.77250 5.36 2454
112.35708 -7.55111 5.86 4328
125.72500 -7.54333 5.96 4869
116.50917 -6.77250 5.49 2827
105.48500 -5.72222 5.20 2063
106.02167 -5.32361 5.62 3289
118.19958 -5.42806 5.76 3858
110.60583 -5.98278 5.82 4156
111.46250 -5.77500 5.97 4883
