115.31167 -9.55111 3.93 481
117.54417 -9.18333 5.61 3277
108.56458 -9.94750 5.90 4535
113.02417 -8.88083 5.90 4534
105.09875 -8.40694 5.96 4865
122.88750 -7.77250 5.36 2454
112.35708 -7.55111 5.86 4328
125.72500 -7.54333 5.96 4869
116.50917 -6.77250 5.49 2827
105.48500 -5.72222 5.20 2063
106.02167 -5.32361 5.62 3289
118.19958 -5.42806 5.76 3858
110.60583 -5.98278 5.82 4156
111.46250 -5.77500 5.97 4883
107.55708 -4.23722 4.92 1466
105.72833 -4.23917 4.99 1592
114.31958 -4.11111 5.13 1898
119.93375 -3.67972 4.93 1484
108.54583 -3.90139 5.75 3848
122.14833 -2.98389 4.34 745
120.30542 -1.39250 4.68 1101
112.32792 -1.90528 5.59 3177
107.96625 -0.49278 4.15 608
107.84833 -0.30194 5.45 2711
110.51458 0.17722 5.99 4977
117.92500 1.76694 5.14 1915
113.02458 1.91444 5.25 2180
120.56625 2.33444 4.39 791
119.58583 2.22472 5.29 2280
109.84333 2.74056 5.89 4465
108.58333 3.11139 5.35 2422
113.29833 3.29028 5.59 3182
113.56583 3.37139 5.81 4135
115.39667 3.62472 5.94 4756
104.73750 3.60222 5.97 4910
120.30750 4.87972 5.65 3417
114.82542 5.22500 0.38 8
114.14458 5.86167 5.91 4575
112.00875 6.94194 5.25 2185
106.95625 7.47111 5.75 3837
108.91417 7.97778 5.82 4161
109.94833 7.14278 5.91 4558
111.78750 8.28944 2.90 156
112.04083 8.92556 4.32 725
118.88083 8.86278 5.86 4326
124.12875 9.18556 3.52 290
111.41208 9.27611 4.99 1588
106.41292 9.18583 5.78 3971
104.10750 9.95639 5.92 4632
105.82458 9.13833 5.97 4904
