154.17458 25.37139 5.84 4230
160.75751 26.32556 5.51 2896
174.07458 27.78111 5.80 4064
154.06000 29.31056 5.35 2437
161.46625 30.68222 5.24 2136
169.54584 31.52917 4.41 806
159.67999 31.97611 4.71 1138
169.54543 31.52917 4.87 1394
175.39291 31.74611 5.73 3739
157.96417 32.37944 5.90 4516
169.61958 33.09417 3.48 283
156.47874 33.79611 4.74 1171
163.93500 33.50694 5.03 1677
156.03583 33.71861 5.50 2859
155.77625 33.90806 5.90 4524
163.32793 34.21500 3.83 424
175.26250 34.20167 5.33 2389
158.37875 34.98861 5.58 3153
177.42375 34.93167 5.70 3588
163.74249 34.03472 5.72 3703
156.97083 36.70722 4.21 634
167.32957 36.30944 5.74 3782
164.88667 36.09306 6.00 5032
152.80333 37.40194 5.85 4262
159.78168 37.91000 5.85 4277
169.78291 38.18556 4.78 1228
157.52667 38.92528 5.77 3919
166.13000 38.24139 6.00 5043
165.21001 39.21222 5.08 1776
172.26750 39.33694 5.31 2330
158.30792 40.42556 4.75 1184
164.86667 40.43028 5.05 1724
155.58208 41.49944 3.05 185
155.54375 41.22944 5.76 3867
154.27417 42.91444 3.45 274
163.49458 43.19000 4.71 1142
170.70667 43.48278 4.99 1597
174.58583 43.62556 5.59 3210
167.41042 43.20750 5.89 4476
172.62958 43.17333 5.94 4758
167.41583 44.49861 3.01 176
