180.41458 36.04194 5.59 3188
167.32957 36.30944 5.74 3782
164.88667 36.09306 6.00 5032
169.78291 38.18556 4.78 1228
166.13000 38.24139 6.00 5043
186.46208 39.01861 5.02 1658
165.21001 39.21222 5.08 1776
172.26750 39.33694 5.31 2330
164.86667 40.43028 5.05 1724
184.03168 40.66028 5.66 3435
188.43542 41.35750 4.26 672
163.49458 43.19000 4.71 1142
170.70667 43.48278 4.99 1597
180.52834 43.04556 5.21 2082
174.58583 43.62556 5.59 3210
167.41042 43.20750 5.89 4476
172.62958 43.17333 5.94 4758
167.41583 44.49861 3.01 176
165.06125 45.52611 5.47 2779
160.88708 46.20389 5.18 2024
176.51250 47.77944 3.71 364
184.95293 48.98417 5.29 2282
169.17458 49.47639 5.88 4429
186.00626 51.56222 4.80 1258
178.45750 53.69472 2.44 88
159.77374 53.66833 5.52 2925
184.37292 53.19111 5.81 4122
163.39375 54.58500 5.10 1825
173.77042 54.78528 5.63 3341
