202.76125 -39.40750 3.88 460
189.96875 -39.98750 4.64 1050
201.53250 -39.75528 5.09 1800
187.09375 -39.04139 5.44 2674
189.00500 -39.87000 5.80 4063
192.98666 -39.68083 5.98 4961
183.35542 -38.92917 5.76 3872
185.93707 -38.91111 5.79 4019
198.01334 -37.80306 4.85 1360
200.14917 -36.71222 2.75 124
206.73500 -36.25194 5.15 1938
185.89751 -35.41278 5.32 2361
186.34084 -35.18639 5.73 3712
207.36125 -34.45083 4.19 626
206.42168 -33.04389 4.23 651
192.67168 -33.99944 4.91 1439
191.69167 -33.31556 5.86 4325
186.71542 -32.83000 5.55 3020
199.22125 -31.50611 5.10 1832
189.76459 -30.42222 5.89 4466
204.67500 -29.56083 5.83 4182
191.00208 -28.32389 5.48 2794
203.14958 -28.69278 5.69 3560
189.42583 -27.13889 5.45 2690
192.11000 -27.59750 5.66 3430
204.20168 -26.49500 5.78 3973
206.40375 -26.11611 5.81 4128
185.84000 -24.84056 5.68 3527
188.59666 -23.39667 2.65 109
199.73042 -23.17167 3.00 172
197.26375 -23.11806 4.95 1519
202.42833 -23.28139 4.97 1558
187.57292 -23.69667 5.63 3315
185.14043 -22.21583 5.21 2081
185.04459 -22.17556 5.97 4920
195.94208 -20.58306 5.58 3138
