149.21584 -54.56778 3.54 300
170.25166 -54.49111 3.89 467
156.70416 -54.87750 5.58 3159
157.84084 -53.71556 4.89 1418
141.57542 -53.37917 5.11 1851
144.30125 -53.66861 5.45 2684
145.92583 -53.89167 5.56 3069
168.41376 -53.23167 5.76 3868
171.69708 -53.16000 5.81 4130
152.23457 -51.81111 4.86 1367
143.53667 -51.25528 5.01 1637
139.52417 -51.05111 5.26 2210
153.34500 -51.23333 5.28 2252
142.52167 -51.51722 5.45 2688
153.36667 -51.75611 5.78 3953
139.67583 -51.56056 5.87 4340
148.45917 -51.14694 5.93 4694
148.71375 -50.24389 5.72 3692
164.28291 -50.76500 5.91 4569
161.69250 -49.42000 2.69 113
144.20667 -49.35528 4.35 752
143.43542 -49.00500 5.12 1859
168.13792 -49.10111 5.36 2457
159.32542 -48.22583 3.84 426
158.23708 -47.00333 5.02 1657
151.54707 -47.37000 5.08 1786
155.06958 -47.69917 5.65 3418
166.13000 -47.67917 5.67 3462
147.92000 -46.54778 4.58 983
147.83250 -46.19389 5.62 3287
147.67500 -46.93444 5.73 3731
140.60001 -46.04750 5.75 3834
147.48792 -45.73278 5.08 1775
148.57333 -45.28389 5.71 3642
157.98958 -45.06667 5.74 3752
146.62666 -44.75500 5.55 3058
168.31125 -44.37222 5.80 4058
158.14000 -44.61889 5.91 4594
144.50626 -43.19111 5.50 2852
153.88126 -43.11250 5.60 3226
164.99750 -43.80722 5.81 4132
153.68417 -42.12194 3.85 440
165.03876 -42.22583 4.39 792
166.81917 -42.63861 5.15 1951
155.58167 -41.65000 4.83 1322
154.61749 -41.66833 5.96 4853
152.65791 -41.71500 5.98 4948
142.67500 -40.46667 3.60 322
143.08041 -40.64944 5.35 2436
153.44125 -40.34583 5.90 4500
158.80376 -39.56278 5.38 2506
155.87209 -38.01000 5.33 2370
164.17958 -37.13778 4.60 1002
147.36708 -37.18639 5.97 4880
144.36792 -36.09583 5.98 4940
142.31125 -35.95139 4.51 913
149.71793 -35.89111 5.23 2111
166.22583 -35.80472 5.43 2656
142.88708 -35.71500 5.87 4339
