161.46625 30.68222 5.24 2136
169.54584 31.52917 4.41 806
159.67999 31.97611 4.71 1138
169.54543 31.52917 4.87 1394
175.39291 31.74611 5.73 3739
169.61958 33.09417 3.48 283
163.93500 33.50694 5.03 1677
179.82333 33.16750 5.96 4849
163.32793 34.21500 3.83 424
175.26250 34.20167 5.33 2389
158.37875 34.98861 5.58 3153
177.42375 34.93167 5.70 3588
163.74249 34.03472 5.72 3703
180.41458 36.04194 5.59 3188
167.32957 36.30944 5.74 3782
164.88667 36.09306 6.00 5032
159.78168 37.91000 5.85 4277
169.78291 38.18556 4.78 1228
157.52667 38.92528 5.77 3919
166.13000 38.24139 6.00 5043
165.21001 39.21222 5.08 1776
172.26750 39.33694 5.31 2330
158.30792 40.42556 4.75 1184
164.86667 40.43028 5.05 1724
163.49458 43.19000 4.71 1142
170.70667 43.48278 4.99 1597
180.52834 43.04556 5.21 2082
174.58583 43.62556 5.59 3210
167.41042 43.20750 5.89 4476
172.62958 43.17333 5.94 4758
167.41583 44.49861 3.01 176
165.06125 45.52611 5.47 2779
160.88708 46.20389 5.18 2024
176.51250 47.77944 3.71 364
184.95293 48.98417 5.29 2282
154.86166 48.39694 6.00 5055
169.17458 49.47639 5.88 4429
