322.16501 70.56083 3.23 219
297.04333 70.26778 3.83 420
332.66208 70.13278 5.50 2866
275.18958 71.33778 4.22 638
325.48041 71.31139 4.56 967
283.59958 71.29722 4.82 1301
316.59708 71.43194 5.87 4391
275.26416 72.73278 3.57 313
332.45166 72.34111 4.79 1239
325.76666 72.32028 5.17 1997
288.88751 73.35556 4.45 854
329.81250 73.18000 5.03 1682
338.94208 73.64306 5.08 1777
307.87668 74.95472 5.20 2059
281.44458 74.08556 5.27 2227
346.97458 75.38750 4.41 817
281.59250 75.43389 5.35 2441
339.30417 75.37167 5.79 4028
267.36249 76.96278 5.04 1707
287.29083 76.56056 5.13 1902
338.06750 76.22639 5.68 3506
302.22208 77.71139 4.39 796
277.43707 77.54694 5.64 3370
318.92584 77.01222 5.95 4769
337.47043 78.82417 5.50 2861
336.67709 78.78583 5.83 4206
316.37207 78.12639 5.91 4546
311.88916 80.55222 5.39 2551
270.03833 80.00417 5.68 3512
259.90417 80.13639 5.72 3693
321.20709 80.52472 5.97 4886
307.06082 81.42278 5.46 2731
307.36459 81.09139 5.96 4833
251.49208 82.03722 4.23 645
222.58501 82.51194 5.64 3378
310.64667 82.53111 5.75 3808
341.87082 83.15389 4.74 1169
13.72125 83.70722 5.62 3284
343.60333 84.34611 4.71 1130
53.08375 84.91111 5.61 3273
342.75916 85.37361 5.90 4533
263.05374 86.58639 4.36 764
333.29416 86.10806 5.27 2215
262.70001 86.96806 5.79 4049
17.18625 86.25694 4.25 658
62.50625 86.62611 5.86 4323
351.75333 87.30750 5.58 3165
115.12708 87.02000 5.07 1759
37.95292 89.26417 2.02 52
