255.07249 30.92639 3.92 477
269.62582 30.18944 4.41 810
271.75626 30.56194 5.04 1705
272.97583 31.40528 4.97 1562
253.24208 31.70167 5.32 2363
262.73083 31.15833 5.61 3263
260.16501 32.46778 5.39 2545
271.45667 32.23056 5.71 3657
259.33124 33.10000 4.82 1292
255.40167 33.56833 5.25 2164
272.93793 33.44694 5.88 4415
270.15167 33.21389 5.99 4995
261.69250 34.69583 5.94 4727
257.00833 35.93528 5.39 2530
258.76166 36.80917 3.16 204
274.96542 36.06444 4.33 733
272.00916 36.40139 5.48 2797
272.49582 36.46639 5.58 3166
269.67624 36.28778 6.00 5057
269.06332 37.25056 3.86 445
260.92084 37.14583 4.52 918
259.41791 37.29167 4.65 1069
260.91959 37.14667 5.47 2757
259.59708 38.81139 5.94 4715
276.05750 39.50722 5.12 1877
260.43167 39.97444 5.51 2888
257.38876 40.77722 5.08 1791
268.32541 40.00806 5.16 1959
263.28043 41.24361 5.74 3790
273.91168 42.15944 5.59 3211
251.83250 42.23889 5.87 4389
271.87000 43.46167 5.00 1606
252.30917 45.98333 4.82 1289
269.98416 45.50139 5.67 3473
264.86624 46.00639 3.80 409
260.08792 46.24083 5.59 3195
253.32333 47.41694 6.00 5058
249.68707 48.92833 4.90 1431
264.15668 48.58556 5.37 2480
261.68417 48.26000 5.85 4261
275.38626 49.12167 5.05 1714
