-0.67284 -1.67358 2.20 65
-0.26014 -1.66378 3.94 486
1.12298 -1.40122 3.62 337
-0.16024 -1.48338 3.72 370
-0.39590 -1.37339 1.25 19
-0.97424 -1.24906 2.87 147
-0.65447 -1.23098 3.79 403
1.35098 -0.99390 3.82 418
-0.62027 -1.17562 3.98 512
0.63872 -1.00769 3.77 397
-0.94170 -0.81259 3.79 402
-0.99698 -0.67868 3.77 394
1.52320 -0.29059 3.66 346
-1.44220 -0.10918 3.75 383
1.42176 -0.15739 2.23 67
1.41243 -0.05629 3.44 269
0.36179 -0.60003 3.35 247
0.48717 -0.55876 3.75 384
1.12022 -0.20390 2.27 74
1.31404 0.09708 2.47 91
1.47818 0.25075 2.68 110
-0.21909 -0.42116 3.43 268
-0.00875 -0.39558 2.44 88
1.39867 0.52312 3.38 254
-1.20768 0.44607 3.17 208
0.47386 -0.11577 3.52 293
-0.62262 0.04038 3.07 188
0.03823 0.03044 3.23 219
-0.40402 0.09143 3.83 424
-1.06112 1.10288 3.05 187
-0.65512 0.40284 3.57 315
0.93297 0.76187 3.98 509
-0.92281 1.23269 2.08 59
0.38030 0.52496 3.21 216
0.04059 1.09725 2.02 51
