0.62450 -1.52036 3.83 422
0.69296 -1.87277 3.89 466
-0.52698 -2.57936 2.80 132
-0.99826 -1.81940 3.24 221
0.09166 -0.76458 4.00 517
0.60926 -0.85846 3.87 452
-0.54271 -0.84487 3.95 490
0.73694 -0.92089 3.62 333
0.06315 -0.53992 3.32 238
-0.73465 -0.83947 3.78 398
-0.21761 -0.54179 1.68 28
0.72405 -0.73352 2.69 115
1.29602 -1.48392 2.89 152
0.79753 -0.71682 3.05 186
-0.78894 -0.69948 3.98 511
0.54916 -0.47781 3.64 341
-0.50306 -0.42339 3.77 392
-0.30631 -0.37643 4.00 516
-0.07238 -0.27167 3.01 176
0.24647 -0.25457 2.76 125
1.41906 -1.17897 3.19 212
0.86078 -0.41921 1.33 20
0.86083 -0.41926 1.73 30
0.57172 -0.26856 3.13 199
-0.09041 -0.13573 3.69 358
-1.49869 -1.00605 3.76 387
-0.29981 -0.15137 3.97 504
-1.15200 -0.55542 3.27 228
0.20137 -0.10185 3.32 239
0.10871 -0.07426 3.40 259
1.50531 -0.78990 0.61 11
0.90996 -0.27334 3.59 320
-0.42087 -0.08655 3.84 427
1.09608 -0.34605 1.25 18
-0.65125 -0.09518 1.86 38
-0.29043 0.01501 2.25 72
0.91744 -0.17186 2.80 133
-0.33477 0.02401 3.44 270
0.36633 0.02408 3.78 399
0.19184 0.05691 3.82 415
0.46739 -0.00601 3.91 474
1.07402 -0.15582 1.63 24
-0.20789 0.14651 3.13 198
-0.28909 0.24569 2.50 93
-0.57810 0.20301 1.96 45
-0.02423 0.28895 3.54 301
0.62531 0.20187 3.89 463
-0.98662 0.15556 3.47 279
-0.64111 0.28693 3.62 332
1.07051 0.15465 3.96 498
1.08934 0.25087 2.60 100
-1.60990 -0.05267 2.93 160
1.27094 0.19166 3.91 475
0.41052 0.53535 2.69 114
1.43157 0.18860 2.17 64
0.33674 0.61274 3.84 428
1.41283 0.22913 3.86 443
-1.01914 0.49427 1.78 33
-0.51756 0.64875 3.75 380
-0.74364 0.62428 3.84 426
-0.70266 0.67076 3.91 472
-0.52322 0.86162 2.21 66
-1.53387 0.53708 3.25 224
0.15236 0.97715 3.85 437
-1.27070 0.88063 2.25 71
-0.31391 1.06467 3.60 327
-1.37962 0.79963 3.73 374
-1.54422 0.91990 3.61 328
-0.95861 1.29032 3.97 502
-0.95761 1.43770 3.68 352
1.20297 1.47795 3.54 302
