-1.14723 -1.61673 3.72 369
0.46695 -1.61626 3.82 416
1.73343 -1.54648 3.75 382
1.97241 -1.52300 3.97 505
1.61912 -1.41284 2.77 128
-0.13464 -1.45122 3.71 365
-0.22657 -1.32558 2.65 109
0.82155 -1.12609 3.20 213
-0.34973 -1.07055 3.80 407
-0.34972 -1.07045 3.80 408
1.35323 -0.89019 2.08 60
1.02527 -0.80587 3.48 283
-0.18266 -0.78910 3.67 351
-0.04676 -0.77695 3.85 439
-1.74451 -0.46653 2.68 111
-1.40442 -0.47204 -0.04 3
0.28030 -0.57801 3.75 381
0.37873 -0.44563 2.77 127
0.92972 -0.20980 3.14 203
-0.00594 -0.21683 2.00 50
-0.30121 -0.16700 2.23 69
-0.20590 -0.19338 3.84 430
-0.90863 -0.08699 2.70 118
1.31329 0.02360 3.42 266
1.59024 0.15297 3.83 423
-0.37446 -0.03464 3.68 354
1.44488 0.14558 3.70 362
-1.04121 0.12224 3.58 318
0.69601 0.09649 3.92 478
0.46970 0.10732 2.81 135
-0.49774 0.20274 3.47 280
0.81877 0.44461 3.16 204
1.29860 0.59216 3.86 444
-0.94973 0.55949 3.03 181
0.45087 0.50417 3.53 297
-0.60283 0.60800 3.50 287
0.98060 1.03388 3.80 409
0.18865 0.89585 3.89 465
-1.27077 1.36896 1.86 39
1.06947 1.43067 2.23 70
0.80796 1.38500 2.79 131
1.86174 2.06000 3.77 394
-1.38194 1.85462 2.27 75
-1.38188 1.85429 3.95 491
-1.64990 2.13326 1.77 32
0.94564 1.76497 3.75 383
-2.01419 2.56290 3.31 237
-0.27468 1.70337 3.29 234
