-0.49637 -1.59949 3.82 414
0.24190 -1.31334 3.05 185
-0.63906 -1.24369 3.97 503
0.17924 -1.22861 3.45 274
0.70325 -1.05609 3.01 177
-0.53367 -0.92776 3.60 326
0.98552 -0.76222 3.71 364
-0.56288 -0.86862 3.14 202
-0.22933 -0.70894 3.17 207
0.90248 -0.41967 2.44 87
1.51712 0.06112 2.27 75
1.51739 0.06106 3.95 491
1.26984 -0.05852 1.77 32
0.45771 -0.40838 2.37 81
0.96874 -0.17570 3.31 237
-0.06181 -0.31640 3.80 405
-0.57807 -0.12734 3.36 250
0.39867 -0.12336 1.79 35
-0.17100 -0.09338 3.67 350
1.27104 0.64330 3.65 344
0.42285 0.31042 3.84 429
0.67563 0.47604 3.87 453
1.05693 1.21576 3.05 187
0.87433 1.11666 2.08 59
-0.04002 1.43546 2.02 51
