0.82877 -1.59057 3.88 457
-0.59792 -1.39773 0.38 8
0.51511 -1.35244 3.11 192
0.38671 -1.32419 3.38 255
-0.75859 -1.19678 2.90 156
-0.04882 -1.15560 3.52 290
1.17184 -1.07459 3.52 291
1.57875 -0.90673 1.35 22
-1.34512 -0.86965 3.36 249
-1.41349 -0.64232 1.93 43
1.48611 -0.61008 3.52 292
-0.82515 -0.69476 3.58 317
0.31884 -0.63216 3.94 484
1.63322 -0.39383 2.61 102
1.63332 -0.39389 3.80 406
-0.98187 -0.44645 3.79 400
-0.75614 -0.39065 3.53 295
-1.54332 -0.24390 2.88 149
-1.66627 -0.21975 3.28 232
1.08390 -0.24833 2.98 167
1.52337 -0.19222 3.44 271
-0.43394 -0.28418 3.57 313
-1.20643 -0.14958 2.98 166
1.15110 -0.10839 3.88 458
-0.64516 -0.08107 3.79 401
-0.40839 -0.09022 1.14 16
-0.51568 0.12731 1.98 47
-0.51568 0.12733 2.88 150
-0.98971 0.31724 3.60 325
0.67954 0.28510 3.13 197
0.63711 0.41225 3.82 414
-1.60469 0.69380 2.62 104
-1.67187 0.84862 3.97 501
1.30200 0.85916 3.05 185
0.41274 0.65911 3.97 503
1.21818 0.91931 3.45 274
-1.44832 1.14668 1.90 41
1.81350 1.29556 3.01 177
0.41394 0.96884 3.60 326
0.36717 1.01482 3.14 202
0.65297 1.29673 3.17 207
-1.24576 1.72277 3.72 368
1.39812 1.98687 2.37 81
0.72024 1.82988 3.80 405
