-1.17501 -1.59586 3.58 318
0.78923 -1.62881 3.92 478
0.53153 -1.61491 2.81 135
-0.55343 -1.49485 3.47 280
0.87182 -1.20849 3.16 204
1.34790 -1.04542 3.86 444
-0.99132 -1.08082 3.03 181
0.47512 -1.14166 3.53 297
-0.62403 -1.02840 3.50 287
0.94646 -0.60289 3.80 409
0.18616 -0.73435 3.89 465
-1.16458 -0.30650 1.86 39
0.97107 -0.25515 2.23 70
0.73866 -0.29306 2.79 131
1.54522 0.21912 3.77 394
-1.18007 0.07356 2.27 75
-1.18008 0.07332 3.95 491
-1.35584 0.26909 1.77 32
0.81780 0.00736 3.75 383
-1.56435 0.54330 3.31 237
-0.23965 -0.03912 3.29 234
0.15175 0.08735 2.74 122
-0.65498 0.38527 3.65 344
0.37496 0.35616 3.17 208
0.92743 0.79558 3.07 188
-1.12516 1.20765 3.84 429
-0.89511 0.93679 3.87 453
1.19413 1.56541 3.23 219
0.94951 1.04431 3.83 424
-0.16551 0.65077 3.05 187
0.54945 0.85789 3.57 315
-0.25653 0.80550 2.08 59
0.73774 2.14942 3.21 216
0.01704 1.80373 2.02 51
