-0.35796 -1.68176 3.65 345
0.78534 -1.79605 3.99 513
-0.61213 -1.62507 1.94 44
1.91487 -2.28366 3.92 477
0.61695 -1.26418 3.49 285
-0.59453 -1.00906 3.11 195
0.26780 -0.93979 1.74 31
0.60016 -0.98573 2.10 61
0.89559 -0.96027 3.90 470
1.53494 -1.24335 3.88 456
0.49112 -0.76710 3.97 507
1.79141 -1.22301 3.94 483
1.82886 -1.14141 2.39 82
-1.48378 -0.87053 3.97 506
0.14816 -0.39569 3.01 178
0.91765 -0.05754 1.16 17
-0.16508 0.40316 3.74 377
1.16290 0.38810 3.66 349
1.37100 0.42124 3.97 508
0.09243 0.75039 2.87 148
0.00120 0.72074 3.68 355
1.01102 0.72135 3.27 231
-1.08457 0.77710 3.08 191
-1.15332 0.90845 3.57 316
-0.74206 1.12188 3.77 396
1.06489 1.22998 3.74 378
-0.12245 1.38061 2.91 158
0.63611 1.65674 3.84 432
0.39530 1.73246 2.96 165
-1.41797 1.69295 3.23 218
