-0.32371 -1.65245 1.93 43
0.26205 -1.64447 3.58 317
1.54743 -1.41306 3.94 484
0.05604 -1.38071 3.79 400
-1.14287 -1.26258 3.00 172
0.26933 -1.28671 3.53 295
-0.49363 -1.24180 2.88 149
-0.60286 -1.23413 3.28 232
0.57746 -1.11799 3.57 313
-0.20535 -1.09535 2.98 166
0.31665 -0.93246 3.79 401
0.55825 -0.90070 1.14 16
-1.16838 -0.77338 1.65 27
0.40141 -0.69162 1.98 47
0.40141 -0.69160 2.88 150
-1.45299 -0.41363 2.69 113
-0.08085 -0.59233 3.60 325
1.65361 -0.26730 3.13 197
1.55913 -0.14301 3.82 414
-0.64798 -0.36344 2.62 104
-0.71542 -0.24317 3.97 501
-1.16313 -0.00587 3.17 205
-1.21011 0.00040 3.75 379
1.22853 0.05003 3.97 503
-1.15711 0.14861 2.99 168
-0.57103 0.05075 1.90 41
-0.96768 0.21258 0.08 6
1.14045 0.34581 3.60 326
1.07915 0.37538 3.14 202
1.29676 0.71073 3.17 207
-0.47588 0.54894 3.72 368
1.21531 1.18055 3.80 405
0.60953 0.96573 3.36 250
1.60106 1.78140 1.79 35
0.95747 1.29950 3.67 350
1.31513 2.28292 3.84 429
1.50812 2.79213 3.87 453
-1.20579 2.55557 3.98 509
