-1.17213 -1.99613 3.99 513
-0.01845 -1.56490 0.46 9
1.55758 -1.98264 3.27 227
-0.26484 -1.45011 3.92 477
-1.64212 -1.72638 3.49 285
0.32498 -1.22006 3.56 307
0.14148 -1.20832 3.70 360
-0.08045 -1.05230 3.95 487
0.68066 -1.18989 4.00 515
-0.32306 -0.93132 3.31 235
-1.54909 -1.21466 3.90 470
-0.89188 -0.99014 3.88 456
-0.11544 -0.72172 3.41 261
-0.74061 -0.82544 3.94 483
-0.75277 -0.74730 2.39 82
1.67085 -1.06439 3.86 442
0.82092 -0.64578 3.24 220
1.10671 -0.05546 3.87 447
1.29814 0.33310 3.69 356
0.25110 0.47327 4.00 514
-0.73905 0.61805 2.04 53
0.05350 0.76135 3.50 286
-0.43825 1.08988 3.45 273
0.15892 1.08563 3.73 372
1.87650 1.02726 3.54 299
1.69926 1.06414 3.73 373
-1.17536 1.14334 3.56 306
-0.22627 1.21573 3.60 321
1.10986 1.14219 3.89 462
0.59062 1.54750 3.04 183
