1.78059 -1.58626 3.34 243
0.68879 -1.60921 3.52 292
-1.88167 -1.48183 3.58 317
-0.50139 -1.52515 3.94 484
0.83826 -1.38645 2.61 102
0.83835 -1.38652 3.80 406
1.63869 -1.22342 2.56 96
-1.69108 -1.10743 3.53 295
0.33742 -1.17248 2.98 167
0.75045 -1.16269 3.44 271
-1.27273 -1.02397 3.57 313
0.41451 -1.03258 3.88 458
-1.46282 -0.75933 3.79 401
-1.19192 -0.80520 1.14 16
-1.25684 -0.54850 1.98 47
-1.25684 -0.54848 2.88 150
1.39693 -0.43485 3.48 282
-1.74703 -0.26226 3.60 325
0.01175 -0.56932 3.13 197
1.06521 -0.45322 3.83 420
-0.01239 -0.43792 3.82 414
0.62493 -0.12920 3.05 185
-0.19193 -0.16547 3.97 503
0.55824 -0.06308 3.45 274
1.05839 0.15435 3.01 177
-0.14786 0.11836 3.60 326
1.34224 0.47587 3.71 364
-0.18477 0.16778 3.14 202
0.10649 0.35825 3.17 207
1.24704 0.81950 2.44 87
-1.62351 1.12150 3.72 368
1.66564 1.29742 1.77 32
0.76783 0.75936 2.37 81
1.31636 1.10256 3.31 237
0.21807 0.77319 3.80 405
-0.33541 0.88865 3.36 250
0.68107 1.05924 1.79 35
0.07287 0.99311 3.67 350
0.66807 1.57683 3.84 429
0.95059 1.84522 3.87 453
1.41216 3.04635 3.05 187
1.16795 2.82771 2.08 59
