1.34159 -1.65801 2.72 120
-0.66397 -1.56243 2.08 60
0.65781 -1.47424 2.99 170
-0.95014 -1.41957 3.48 283
1.22099 -1.11491 3.82 417
1.37492 -1.02988 3.47 281
-1.68330 -1.00194 3.75 381
-1.50191 -0.87609 2.77 127
0.04797 -1.00113 3.84 431
-0.82310 -0.77260 3.14 203
0.86202 -0.58413 3.08 190
-0.40464 -0.64756 3.42 266
-0.14775 -0.60203 3.83 423
-0.26236 -0.57095 3.70 362
-0.93743 -0.39978 3.92 478
-1.16279 -0.31400 2.81 135
0.44032 -0.36958 3.24 223
1.72685 -0.00067 2.46 90
0.33639 -0.34150 3.45 275
1.07761 -0.12894 3.89 467
-0.69879 -0.10965 3.16 204
-0.25139 -0.13809 3.86 444
0.17531 -0.06049 0.03 5
-1.02666 0.08156 3.53 297
1.28372 0.24023 2.20 65
1.66696 0.45375 3.94 486
1.67639 0.64728 3.72 370
1.38100 0.59506 1.25 19
0.81010 0.38107 2.87 147
1.06586 0.55719 3.79 403
-0.37671 0.34402 3.80 409
-1.14002 0.55908 3.89 465
1.06538 0.61652 3.98 512
-0.19732 0.62593 2.23 70
0.58901 0.70358 3.79 402
-0.41291 0.69921 2.79 131
0.46651 0.77066 3.77 394
-0.20067 0.93220 3.75 383
-1.29683 1.51670 3.29 234
1.77738 1.87582 3.35 247
-0.79476 1.39256 2.74 122
0.99050 1.52691 3.43 268
1.19723 1.73714 2.44 88
-1.62783 2.38246 3.65 344
-0.43152 1.53239 3.17 208
1.60254 2.58617 3.52 293
0.29911 1.62941 3.07 188
-1.69445 3.46766 3.87 453
