-0.82259 -1.62007 3.72 369
0.77697 -1.61410 3.82 416
1.99124 -1.39716 2.77 128
0.15862 -1.45113 3.71 365
0.06139 -1.32646 2.65 109
1.12377 -1.11071 3.20 213
-0.07191 -1.07412 3.80 407
-0.07191 -1.07402 3.80 408
1.67832 -0.85702 2.08 60
1.32401 -0.77777 3.48 283
0.08178 -0.79031 3.67 351
0.21719 -0.77488 3.85 439
-1.43057 -0.51634 2.68 111
-1.11368 -0.51154 -0.04 3
0.53934 -0.56597 3.75 381
0.63409 -0.42905 2.77 127
1.19593 -0.16846 3.14 203
0.23365 -0.21247 2.00 50
-0.06305 -0.17417 2.23 69
0.03269 -0.19674 3.84 430
-0.65897 -0.11916 2.70 118
1.59320 0.08897 3.42 266
-0.14117 -0.04562 3.68 354
1.72933 0.22199 3.70 362
-0.79479 0.07992 3.58 318
0.93744 0.13443 3.92 478
0.70286 0.13464 2.81 135
-0.27260 0.18409 3.47 280
1.04982 0.49626 3.16 204
1.55125 0.67673 3.86 444
-0.72578 0.51181 3.03 181
0.66581 0.53573 3.53 297
-0.39268 0.57895 3.50 287
1.19305 1.11021 3.80 409
0.38103 0.91468 3.89 465
-1.06479 1.27961 1.86 39
1.26884 1.52457 2.23 70
0.99607 1.45618 2.79 131
-1.18943 1.74112 2.27 75
-1.18937 1.74081 3.95 491
-1.45019 1.98634 1.77 32
1.12308 1.85662 3.75 383
-1.80131 2.36298 3.31 237
-0.11784 1.68655 3.29 234
