0.76055 -2.49822 3.83 422
0.76487 -2.98216 3.89 466
-0.79610 -3.37935 2.80 132
-1.04566 -2.26546 3.24 221
0.33396 -1.42098 4.00 517
0.88030 -1.68858 3.87 452
-0.33333 -1.32516 3.95 490
1.01371 -1.80423 3.62 333
0.35357 -1.16616 3.32 238
-0.51926 -1.26592 3.78 398
0.06447 -1.09136 1.68 28
1.03508 -1.57978 2.69 115
1.12236 -1.58370 3.05 186
-0.53537 -1.10468 3.98 511
0.88827 -1.23568 3.64 341
-0.19127 -0.89321 3.77 392
0.01355 -0.89457 4.00 516
0.27241 -0.84504 3.01 176
0.60630 -0.90919 2.76 125
1.24903 -1.26085 1.33 20
1.24907 -1.26092 1.73 30
0.95321 -1.01122 3.13 199
0.28363 -0.69991 3.69 358
-1.27376 -1.23267 3.76 387
0.07113 -0.66537 3.97 504
-0.83660 -0.86611 3.27 228
0.59007 -0.73669 3.32 239
0.49969 -0.68514 3.40 259
1.33065 -1.11079 3.59 320
-0.03277 -0.57169 3.84 427
1.53367 -1.24723 1.25 18
-0.25580 -0.52757 1.86 38
0.11735 -0.50029 2.25 72
1.35649 -0.99991 2.80 133
0.07592 -0.48127 3.44 270
0.78808 -0.64607 3.78 399
0.61212 -0.57009 3.82 415
0.88982 -0.70256 3.91 474
1.53878 -1.02567 1.63 24
0.22710 -0.38822 3.13 198
0.16887 -0.27325 2.50 93
-0.11763 -0.25359 1.96 45
0.43921 -0.28764 3.54 301
1.09764 -0.52353 3.89 463
-1.27162 -0.50184 -0.72 2
-0.50661 -0.21460 3.47 279
-0.15784 -0.16059 3.62 332
1.58383 -0.68354 3.96 498
-1.64542 -0.62894 3.85 434
1.62012 -0.58485 2.60 100
-1.10778 -0.28232 2.93 160
0.92980 -0.13677 2.69 114
0.86763 -0.04536 3.84 428
-0.45528 0.10436 1.78 33
0.03757 0.15387 3.75 380
-0.17678 0.17256 3.84 426
-0.12898 0.20752 3.91 472
0.07754 0.34906 2.21 66
-1.42323 0.04809 3.17 206
-0.89189 0.23346 3.25 224
0.74820 0.33731 3.85 437
-0.58501 0.48861 2.25 71
0.31460 0.49665 3.60 327
-0.69719 0.43611 3.73 374
-1.13861 0.53558 2.70 117
-0.80712 0.56438 3.61 328
-0.22283 0.79127 3.97 502
-0.19039 0.91472 3.68 352
-1.58743 0.69695 3.96 496
-1.21437 1.01362 2.45 89
-1.56892 0.94786 1.50 23
-0.96190 1.08599 3.96 497
-1.55421 1.02491 3.47 278
-1.50029 1.14776 1.84 36
-1.39888 1.14447 3.85 436
-0.70964 1.42552 2.81 134
-0.95419 1.35775 3.34 242
-1.77850 1.24263 3.87 451
-1.65149 1.29969 3.02 180
