-0.40337 -1.55008 3.56 307
-0.59697 -1.59651 3.70 360
1.69131 -2.04666 3.85 434
-0.86536 -1.49853 3.95 487
-0.05765 -1.41114 4.00 515
-1.16396 -1.44238 3.31 235
-1.87160 -1.71119 3.88 456
-0.95948 -1.14696 3.41 261
-1.69786 -1.45944 3.94 483
-1.72618 -1.37135 2.39 82
0.77546 -1.03554 3.86 442
-0.01823 -0.83197 3.24 220
1.83182 -0.93195 3.87 450
0.96340 -0.58360 3.96 494
0.89106 -0.55659 3.56 308
1.14170 -0.41943 3.82 413
0.14050 -0.21368 3.87 447
1.66944 -0.03900 3.19 211
0.24127 0.16839 3.69 356
-0.75771 0.17247 4.00 514
-1.01142 0.43787 3.50 286
1.35474 0.50010 3.87 449
0.77792 0.59442 2.95 162
-1.61907 0.73080 3.45 273
-0.94965 0.76901 3.73 372
0.59222 0.81819 3.54 299
0.44998 0.83992 3.73 373
-1.39091 0.87484 3.60 321
-0.04872 0.87750 3.89 462
1.45546 1.18701 3.93 480
-0.58688 1.22670 3.04 183
1.86827 1.60134 3.72 367
-0.25150 1.63307 3.47 276
0.03452 1.69134 2.53 94
