-0.32906 -0.85923 3.83 422
-0.06975 -0.75626 3.89 466
0.68283 -1.14883 3.76 389
0.73456 -1.73583 2.80 132
-0.96825 -1.58490 4.00 517
-0.93903 -0.97528 3.87 452
0.66394 -0.68877 3.96 500
-0.89296 -0.83564 3.62 333
-0.05394 -0.21531 1.92 42
-1.08585 -0.87672 2.69 115
-0.47993 -0.29593 2.89 152
-1.11228 -0.80380 3.05 186
1.10364 -0.60360 3.42 267
0.95279 -0.44345 3.56 311
-0.74942 -0.20872 3.19 212
0.25823 -0.00873 3.62 336
-1.45476 -0.78044 1.33 20
-1.45470 -0.78039 1.73 30
-0.38271 0.03451 2.85 142
-0.26137 0.04690 3.85 440
-0.88744 -0.02437 -0.01 4
-1.11385 -0.14687 0.61 11
-0.88741 -0.02437 1.33 21
0.20231 0.21742 3.62 335
-0.07007 0.31595 3.76 388
1.53175 -0.39008 3.65 345
1.44438 -0.14590 1.94 44
0.18853 0.45217 3.34 244
0.19245 0.49820 2.85 143
-0.01037 0.48199 3.13 201
-1.55857 0.02397 2.30 77
-0.89344 0.52314 3.41 264
0.58545 0.74132 3.66 348
0.28182 0.80608 2.95 164
-0.97971 0.70249 3.87 455
-1.29190 0.65511 2.30 78
-1.55142 0.61172 3.55 305
0.84673 0.92496 3.51 288
-0.97723 0.96720 3.37 253
-1.26619 0.96683 2.68 112
0.12645 1.21103 3.33 241
0.39049 1.20494 1.87 40
-1.54238 0.91422 2.31 79
-1.29163 1.03015 3.13 200
-0.05752 1.26734 3.62 334
-0.92717 1.21794 2.78 129
0.53222 1.36999 3.03 182
-1.09126 1.20543 3.22 217
1.59537 1.00779 3.97 506
0.48724 1.44901 2.41 84
-0.09527 1.54462 3.08 189
-0.69705 1.45891 3.41 265
-0.08989 1.54675 3.57 314
0.40250 1.58915 1.63 25
0.36680 1.57944 2.69 116
0.59830 1.56889 3.21 215
-1.63859 1.21208 4.00 518
0.93905 1.52357 3.11 194
-1.20374 1.49035 3.56 310
