0.22984 -1.74257 3.91 476
-1.83371 -1.59450 0.98 15
1.16310 -1.49457 2.56 97
-0.04301 -1.37797 2.61 103
-0.52586 -1.15067 3.88 460
0.83768 -1.09734 3.24 222
0.77438 -1.03493 2.74 121
0.41577 -1.01475 3.53 296
-1.56214 -0.85249 3.37 252
-0.46273 -0.70668 3.72 369
0.99642 -0.69722 3.82 416
0.41693 -0.56242 3.71 365
0.32466 -0.45642 2.65 109
1.36258 -0.25116 3.20 213
0.19386 -0.23610 3.80 407
0.19386 -0.23601 3.80 408
1.59536 0.06895 3.48 283
0.33619 0.02750 3.67 351
0.46916 0.04520 3.85 439
-1.12157 0.24727 2.68 111
-0.82723 0.26082 -0.04 3
0.79487 0.25628 3.75 381
0.89645 0.39685 2.77 127
1.51312 0.69262 3.14 203
0.48394 0.60514 2.00 50
0.17794 0.63299 2.23 69
0.27655 0.61341 3.84 430
-0.42561 0.66545 2.70 118
0.09358 0.76473 3.68 354
-0.57852 0.86772 3.58 318
1.25076 1.01612 3.92 478
0.99128 1.00359 2.81 135
-0.05251 1.00655 3.47 280
1.40589 1.44910 3.16 204
-1.81182 1.70778 2.90 157
-0.54904 1.34864 3.03 181
0.96704 1.47009 3.53 297
-0.20219 1.44860 3.50 287
