0.59889 -0.72704 3.83 422
0.59605 -1.01939 3.89 466
-0.53835 -1.34462 2.80 132
-0.87417 -0.70650 3.24 221
0.23259 0.01975 4.00 517
0.71414 -0.15159 3.87 452
-0.38050 0.04803 3.95 490
0.82441 -0.22945 3.62 333
0.24262 0.23697 3.32 238
-0.55937 0.08358 3.78 398
-0.03140 0.28065 1.68 28
0.85260 -0.05524 2.69 115
0.92856 -0.05182 3.05 186
-0.59674 0.22210 3.98 511
0.73508 0.21757 3.64 341
-0.29283 0.44181 3.77 392
-0.09423 0.45662 4.00 516
0.15358 0.52373 3.01 176
0.47684 0.48917 2.76 125
1.06200 0.22334 1.33 20
1.06203 0.22329 1.73 30
0.80373 0.42161 3.13 199
0.15814 0.66560 3.69 358
-1.27065 0.05303 3.76 387
-0.05509 0.68318 3.97 504
-0.92728 0.41626 3.27 228
0.46088 0.65339 3.32 239
0.37144 0.69727 3.40 259
1.14874 0.36067 3.59 320
-0.16729 0.76981 3.84 427
1.32091 0.25654 1.25 18
-0.39899 0.79753 1.86 38
-0.02049 0.85580 2.25 72
1.18274 0.46290 2.80 133
-0.06426 0.87248 3.44 270
0.65693 0.75906 3.78 399
0.48255 0.82259 3.82 415
0.75538 0.71053 3.91 474
1.35017 0.45327 1.63 24
0.08513 0.98390 3.13 198
0.01710 1.10575 2.50 93
-0.28780 1.10470 1.96 45
0.30183 1.11136 3.54 301
0.97099 0.90904 3.89 463
-1.45279 0.74225 -0.72 2
-0.70902 1.11723 3.47 279
-0.34182 1.20750 3.62 332
1.43502 0.78345 3.96 498
1.48396 0.88632 2.60 100
-1.33973 0.99196 2.93 160
1.66308 0.79043 3.91 475
0.82124 1.32273 2.69 114
0.75896 1.42595 3.84 428
-0.71058 1.50214 1.78 33
-0.16185 1.60511 3.75 380
-0.40659 1.61144 3.84 426
-0.35698 1.66040 3.91 472
