-0.86212 -1.48152 3.62 337
1.14444 -1.39333 2.26 73
1.72508 -0.90580 3.80 404
-0.42241 -1.29347 3.82 418
0.73034 -1.08851 3.57 312
1.62010 -0.55376 1.79 34
-0.96731 -0.89847 3.77 397
1.26027 -0.57569 3.95 488
1.31084 -0.48703 2.93 159
0.13802 -0.87333 3.66 346
1.12033 -0.43754 3.76 385
0.15415 -0.72183 2.23 67
0.21009 -0.64483 3.44 269
-0.89973 -0.40891 3.35 247
-0.77189 -0.45765 3.75 384
-0.07494 -0.58113 2.27 74
0.24082 -0.47983 2.47 91
0.43684 -0.46754 2.68 110
-1.25095 0.12778 3.43 268
-1.05400 -0.00136 2.44 88
0.55012 -0.23360 3.38 254
-0.47714 -0.11454 3.52 293
-1.25198 0.79548 3.07 188
-0.70943 0.29218 3.23 219
-1.02532 0.66467 3.83 424
-1.00506 1.10154 3.57 315
0.40499 0.21726 3.98 509
-0.11605 0.41755 3.21 216
0.02251 1.06951 2.02 51
