-0.71436 -1.76856 1.85 37
-0.97126 -1.53399 2.99 169
-0.22084 -1.41445 2.60 101
-0.76387 -1.46068 2.70 119
-0.16644 -1.27221 3.32 240
-0.31686 -1.19318 2.02 52
-0.44087 -1.24387 3.17 209
-0.67609 -1.16718 2.81 136
-1.64905 -1.30167 3.27 230
1.80571 -1.15796 3.74 377
-0.13195 -0.87416 2.89 155
-0.28770 -0.88308 3.51 289
-0.19735 -0.91701 3.77 393
-0.87655 -0.92278 3.86 445
0.02167 -0.69333 3.93 482
-1.42425 -0.64524 3.54 303
0.81269 -0.55225 3.08 191
0.77441 -0.42424 3.57 316
-1.10760 -0.28755 3.34 245
1.20886 -0.27777 3.77 396
-0.59644 -0.18071 3.85 441
-0.18196 0.00577 3.44 272
-0.79537 0.10635 3.26 225
0.69389 0.22098 3.23 218
0.43598 0.32036 3.90 469
-1.30287 0.42406 3.75 382
-1.10625 0.43354 3.97 505
0.07357 0.43350 3.36 251
-1.37763 0.53617 2.77 128
1.70411 0.59050 3.92 479
0.47872 0.61755 3.71 366
0.41813 0.75501 0.77 12
-1.01688 0.81772 3.73 375
0.35709 0.85346 2.72 120
-1.53943 1.04393 2.08 60
-0.19883 1.04025 2.99 170
-1.90833 1.21101 3.48 283
1.10047 1.13250 3.63 340
1.13536 1.22007 3.77 395
0.37758 1.33182 3.82 417
0.53793 1.40163 3.47 281
-0.79371 1.57430 3.84 431
-1.94323 2.00691 3.14 203
