1.02887 -1.58231 1.35 22
0.94985 -1.26117 3.52 292
-1.48183 -1.21533 3.58 317
-0.20818 -1.21640 3.94 484
1.09200 -1.04640 2.61 102
1.09208 -1.04646 3.80 406
-1.61572 -0.91680 3.79 400
-1.34527 -0.87155 3.53 295
0.58433 -0.86006 2.98 167
0.99644 -0.83548 3.44 271
-0.96829 -0.77982 3.57 313
0.65479 -0.72335 3.88 458
-1.16763 -0.54115 3.79 401
-0.91136 -0.57276 1.14 16
-0.99404 -0.33330 1.98 47
-0.99403 -0.33329 2.88 150
1.64588 -0.08607 3.48 282
-1.47798 -0.08508 3.60 325
0.23187 -0.29243 3.13 197
1.29795 -0.12286 3.83 420
0.20065 -0.16488 3.82 414
0.83115 0.17960 3.05 185
0.00633 0.09463 3.97 503
0.75979 0.24273 3.45 274
1.27482 0.49970 3.01 177
0.03295 0.38190 3.60 326
1.57165 0.86052 3.71 364
-0.00711 0.42951 3.14 202
0.27640 0.64419 3.17 207
1.46125 1.22381 2.44 87
-1.50151 1.29663 3.72 368
0.94712 1.11754 2.37 81
1.53127 1.54161 3.31 237
0.36886 1.08642 3.80 405
-0.20637 1.16232 3.36 250
0.84310 1.43413 1.79 35
0.20600 1.30803 3.67 350
0.80795 2.00545 3.84 429
1.10742 2.34208 3.87 453
