0.92526 -1.86984 3.37 253
-0.01432 -1.74131 3.87 454
0.65245 -1.69047 2.68 112
0.39463 -1.58262 2.31 79
-0.11456 -1.58274 3.04 184
0.66454 -1.62089 3.13 200
-0.01911 -1.55576 3.83 421
1.10437 -1.66427 2.78 129
-0.11641 -1.53013 3.41 263
0.93699 -1.58110 3.22 217
-0.32715 -1.39391 3.88 459
1.46095 -1.58054 3.41 265
0.48107 -1.30686 4.00 518
0.07667 -1.19024 2.06 58
-0.45435 -1.23571 2.75 123
0.97017 -1.29396 3.56 310
1.37771 -1.22348 3.95 492
1.23656 -0.94080 3.66 347
1.50250 -0.96724 3.88 461
1.22554 -0.83691 3.58 319
1.56015 -0.78285 2.89 153
0.07713 -0.62908 3.27 229
0.79838 -0.60023 3.29 233
-1.09700 -0.53194 2.65 108
-0.51070 -0.45478 3.00 174
1.61480 -0.57519 2.32 80
-1.45330 -0.54452 3.00 173
1.73747 -0.47676 3.96 499
1.72327 -0.42005 2.62 105
-1.40577 -0.23306 2.59 99
0.65839 -0.07556 2.75 124
-1.20238 -0.14855 2.95 163
1.29340 -0.05865 3.91 476
-0.45724 0.19723 0.98 15
1.04993 0.26981 2.61 103
0.58263 0.49460 3.88 460
1.60273 0.59848 3.53 296
-1.11175 0.72768 3.65 343
-1.11175 0.72768 3.68 353
-0.34797 0.78057 3.37 252
-1.46410 0.77285 3.89 464
0.64974 0.92547 3.72 369
-0.92365 1.01928 3.38 256
1.69275 1.10976 3.71 365
1.59309 1.23726 2.65 109
-0.85728 1.50302 2.83 139
1.46110 1.51459 3.80 407
1.46112 1.51471 3.80 408
