0.09173 -1.63943 3.41 261
-0.59586 -1.71828 3.94 483
-0.60083 -1.62305 2.39 82
1.15100 -1.61661 3.24 220
1.43361 -0.93585 3.87 447
-1.79455 -0.51965 3.66 349
1.60969 -0.52055 3.69 356
0.50234 -0.33959 4.00 514
-1.58494 -0.41408 3.97 508
-0.46342 -0.17002 2.04 53
0.30804 -0.05419 3.50 286
-0.14961 0.25557 3.45 273
0.41432 0.24294 3.73 372
-0.81653 0.31222 3.56 306
0.05321 0.36333 3.60 321
1.34642 0.28026 3.89 462
0.82182 0.64174 3.04 183
-1.90336 1.03585 3.69 359
1.21682 1.01490 3.47 276
1.53856 1.07843 2.53 94
