-0.98179 -1.78117 3.91 476
-0.04108 -1.45444 2.56 97
-1.25154 -1.41893 2.61 103
1.18868 -1.44168 3.34 245
1.81054 -1.37827 3.85 441
-1.81673 -1.19612 3.88 460
-0.30533 -1.08928 3.24 222
-0.36005 -1.03003 2.74 121
-0.71497 -1.01803 3.53 296
1.51224 -0.99989 3.26 225
-1.68741 -0.69333 3.72 369
-0.12370 -0.70265 3.82 416
0.94805 -0.65559 3.75 382
1.13889 -0.63937 3.97 505
0.87516 -0.54987 2.77 128
-0.67155 -0.55891 3.71 365
-0.75724 -0.44790 2.65 109
0.23278 -0.29794 3.20 213
1.20270 -0.25058 3.73 375
-0.87486 -0.21427 3.80 407
-0.87485 -0.21418 3.80 408
0.72465 -0.11055 2.08 60
0.44829 -0.02391 3.48 283
-0.69968 0.04433 3.67 351
-0.56229 0.04957 3.85 439
-0.22756 0.22369 3.75 381
-0.12155 0.34677 2.77 127
1.36721 0.47840 3.84 431
0.43079 0.54130 3.14 203
-0.49632 0.60610 2.00 50
-0.80839 0.68361 2.23 69
-0.70651 0.64728 3.84 430
-1.49354 0.82847 2.70 118
0.81880 0.74325 3.42 266
1.09130 0.84912 3.83 423
-0.88618 0.83449 3.68 354
0.95837 0.85469 3.70 362
-1.66198 1.08596 3.58 318
0.24059 0.87318 3.92 478
0.01517 0.90646 2.81 135
1.80458 1.28953 3.24 223
1.65936 1.28951 3.45 275
-1.02284 1.11659 3.47 280
0.40325 1.23641 3.16 204
0.89469 1.34198 3.86 444
1.41283 1.59198 0.03 5
-1.57266 1.61394 3.03 181
0.03270 1.34870 3.53 297
-1.14763 1.62171 3.50 287
