1.81575 -1.66223 3.69 357
0.97496 -1.66972 3.91 471
1.75912 -1.56001 3.19 210
0.36278 -1.47738 3.60 322
0.39434 -1.43050 3.74 376
0.86690 -1.23279 3.47 277
1.24439 -0.98387 3.40 258
-1.24987 -1.01705 3.62 331
1.11470 -1.01294 3.65 342
1.24174 -0.97831 3.84 425
1.34521 -0.93103 0.85 13
1.13597 -0.89037 3.76 386
1.19640 -0.78138 3.53 294
-0.85182 -0.72397 2.64 106
-0.66371 -0.58935 2.00 49
0.59094 -0.55958 2.87 146
0.61257 -0.56060 3.63 339
0.55785 -0.56188 3.70 361
0.56824 -0.54676 3.87 448
-0.11924 -0.41195 3.63 338
-0.78833 -0.23102 3.41 262
0.61687 -0.12680 2.85 141
0.50089 -0.11800 3.83 419
1.36322 0.09736 2.69 113
-0.55287 0.03436 3.00 171
-1.23724 0.20971 2.06 56
0.05361 0.20444 3.39 257
-1.34263 0.41664 3.87 446
0.08229 0.31810 2.12 62
0.59567 0.31530 2.89 151
1.32827 0.58156 3.17 205
1.28510 0.55604 3.75 379
-0.55932 0.43775 2.26 73
0.44771 0.43470 3.77 391
1.22781 0.70638 2.99 168
0.09065 0.52957 3.80 404
1.34277 0.89325 0.08 6
0.39388 0.71807 3.01 175
-0.75058 0.84186 3.57 312
0.21544 0.81572 1.79 34
-0.04840 0.97435 3.95 488
0.03991 1.01790 2.93 159
-1.22409 1.37785 3.66 346
1.55651 1.61665 3.72 368
-0.07407 1.16193 3.76 385
-1.12877 1.51773 2.23 67
-1.02682 1.55570 3.44 269
-1.31980 1.84847 2.27 74
-0.90233 1.70495 2.47 91
-0.69241 1.57129 2.68 110
-0.44136 1.72726 3.38 254
