0.80502 -2.03712 1.68 28
0.20755 -1.63102 3.98 511
1.76437 -2.95896 3.64 341
0.63268 -1.64308 3.77 392
0.84543 -1.78659 4.00 516
1.16122 -1.92502 3.01 176
1.54579 -2.27557 2.76 125
-1.10007 -1.84763 3.85 433
-0.97496 -1.56516 3.35 246
1.24594 -1.77137 3.69 358
-0.44106 -1.32031 3.76 387
1.01840 -1.58181 3.97 504
0.05509 -1.22556 3.27 228
1.61247 -2.05576 3.32 239
1.52056 -1.92127 3.40 259
0.94929 -1.41368 3.84 427
0.73774 -1.23051 1.86 38
1.14918 -1.43652 2.25 72
1.11148 -1.38902 3.44 270
1.72628 -1.87684 3.82 415
1.33003 -1.38886 3.13 198
1.31643 -1.22743 2.50 93
-1.01001 -1.05888 3.27 227
1.00650 -1.03495 1.96 45
1.63970 -1.42227 3.54 301
-0.13229 -0.68864 -0.72 2
0.63422 -0.78872 3.47 279
1.00651 -0.91880 3.62 332
-0.44961 -0.63574 3.85 434
0.08510 -0.57118 2.93 160
0.82347 -0.51221 1.78 33
1.36414 -0.70609 3.75 380
1.13693 -0.57861 3.84 426
1.20384 -0.56758 3.91 472
1.49916 -0.52781 2.21 66
-0.02168 -0.16983 3.17 206
0.47851 -0.21080 3.25 224
-1.50615 -0.45629 3.86 442
-0.39945 -0.17378 3.96 495
0.86392 -0.10259 2.25 71
0.73675 -0.10669 3.73 374
0.39492 0.13476 2.70 117
0.69041 0.04691 3.61 328
-0.53279 0.19140 3.12 196
-0.75543 0.17433 3.87 450
1.36002 0.03797 3.97 502
-0.67380 0.26528 2.64 107
-1.58986 0.04527 3.96 494
-1.67640 0.02984 3.56 308
1.44847 0.14256 3.68 352
-0.19949 0.34546 3.85 435
0.11107 0.39847 3.96 496
-0.22973 0.52755 3.02 179
-1.51709 0.28764 3.82 413
0.52243 0.54914 2.45 89
0.22045 0.58802 1.50 23
0.76497 0.54054 3.96 497
0.26069 0.64387 3.47 278
0.34808 0.72595 1.84 36
0.42531 0.69957 3.85 436
1.13192 0.76070 2.81 134
0.87961 0.76419 3.34 242
0.17786 0.85882 3.87 451
0.29146 0.87512 3.02 180
-1.26118 0.86065 3.19 211
-0.72280 0.92628 3.60 324
-0.96284 1.00400 2.84 140
-0.64471 1.02801 3.81 411
-0.04441 1.15129 3.95 489
-0.23582 1.22800 1.98 46
-0.93575 1.19351 2.58 98
0.07121 1.30797 -1.46 1
-1.25505 1.26685 3.31 236
-0.76154 1.40407 3.55 304
-0.62853 1.45540 3.71 363
-1.86942 1.32328 3.87 449
