-0.12763 -1.64065 3.41 261
-0.82690 -1.76869 3.94 483
-0.83428 -1.67199 2.39 82
1.90888 -2.07349 3.86 442
0.90118 -1.54848 3.24 220
1.15138 -0.87430 3.87 447
1.30560 -0.46773 3.69 356
0.24955 -0.32763 4.00 514
-0.72559 -0.18636 2.04 53
0.05190 -0.04987 3.50 286
-0.41395 0.25119 3.45 273
0.15016 0.24739 3.73 372
1.78140 0.19503 3.54 299
1.60834 0.22817 3.73 373
-1.10542 0.29867 3.56 306
-0.21158 0.36234 3.60 321
1.04392 0.29766 3.89 462
0.53806 0.64496 3.04 183
0.90633 1.00909 3.47 276
1.20576 1.06860 2.53 94
1.62602 1.42036 3.60 322
1.67554 1.47463 3.74 376
