1.53511 -2.39539 1.25 18
-0.60520 -1.82291 1.86 38
-0.17815 -1.71303 2.25 72
1.27039 -2.10379 2.80 133
-0.22725 -1.69692 3.44 270
0.58102 -1.76676 3.78 399
0.37734 -1.70564 3.82 415
0.70162 -1.81788 3.91 474
1.46591 -2.09840 1.63 24
-0.07114 -1.55254 3.13 198
-0.15022 -1.42358 2.50 93
-0.46944 -1.44991 1.96 45
0.14267 -1.39446 3.54 301
0.87388 -1.55994 3.89 463
-1.87437 -2.00809 -0.72 2
-0.91724 -1.47153 3.47 279
-0.52257 -1.34482 3.62 332
1.40262 -1.66363 3.96 498
1.40786 -1.54097 2.60 100
-1.64700 -1.67266 2.93 160
1.63516 -1.63465 3.91 475
0.61784 -1.14474 2.69 114
1.82957 -1.65441 2.17 64
0.53773 -1.05408 3.84 428
1.79659 -1.59951 3.86 443
-0.87116 -1.08319 1.78 33
-0.33982 -0.95551 3.75 380
-0.56980 -0.96542 3.84 426
-0.52130 -0.92029 3.91 472
-0.31791 -0.74177 2.21 66
-1.36830 -1.00153 3.25 224
0.35086 -0.67121 3.85 437
-1.02594 -0.67920 2.25 71
-0.09546 -0.56288 3.60 327
-1.14779 -0.74955 3.73 374
-1.64119 -0.69990 2.70 117
-1.26898 -0.62712 3.61 328
-0.65966 -0.33278 3.97 502
-0.63473 -0.21228 3.68 352
1.34029 -0.27672 3.54 302
-1.70096 -0.21737 2.45 89
-1.42788 -0.12364 3.96 497
-1.16736 0.20447 2.81 134
-1.41398 0.12645 3.34 242
0.93601 0.70591 3.11 193
0.60732 0.69276 3.81 412
1.39114 0.74619 3.56 309
0.41798 0.96075 3.61 329
-1.80000 1.04904 3.93 481
-0.17491 1.18701 1.98 48
-1.13319 1.47480 3.90 468
-0.00217 1.67521 3.91 473
