-0.59068 -0.46276 3.83 422
-0.49650 -0.20407 3.89 466
0.23179 0.09790 3.76 389
0.60180 -0.20338 2.80 132
0.82412 -0.87091 3.24 221
-0.07616 0.37498 3.96 500
-0.90591 0.16134 1.92 42
-1.14519 -0.23037 2.89 152
0.13734 0.73947 3.42 267
-0.06217 0.74627 3.56 311
-0.85316 0.55048 3.62 336
-1.36411 0.07447 2.85 142
-1.28301 0.18195 3.85 440
0.80161 0.89534 2.86 145
-1.08537 0.67834 3.62 335
-1.38132 0.53815 3.76 388
0.25901 1.18224 3.65 345
1.23949 0.75113 3.99 513
0.04473 1.30653 1.94 44
-1.30610 0.85415 3.34 244
-1.34563 0.89506 2.85 143
-1.49046 0.71845 3.13 201
1.34125 1.26225 3.49 285
-1.26340 1.41386 3.66 348
