-0.61633 -1.02634 3.83 422
-0.51020 -0.74897 3.89 466
0.23404 -0.43566 3.76 389
0.61838 -0.74824 2.80 132
0.88135 -1.48179 3.24 221
-0.07569 -0.15763 3.96 500
-0.91136 -0.37122 1.92 42
-1.17860 -0.77678 2.89 152
0.13372 0.19507 3.42 267
-0.06051 0.20151 3.56 311
-0.83952 0.01400 3.62 336
-1.37919 -0.45958 2.85 142
-1.28920 -0.35038 3.85 440
0.77379 0.34156 2.86 145
-1.06039 0.13692 3.62 335
-1.36017 0.00205 3.76 388
0.24613 0.60474 3.65 345
1.20607 0.20611 3.99 513
0.04222 0.71622 1.94 44
-1.26364 0.30310 3.34 244
-1.29895 0.34130 2.85 143
-1.45291 0.17512 3.13 201
1.26904 0.67668 3.49 285
-1.18566 0.81130 3.66 348
-1.48702 0.64859 2.95 164
0.17129 1.26696 3.11 195
1.05491 1.09124 1.74 31
1.38318 0.94445 2.10 61
-1.13032 1.13154 3.51 288
1.71497 0.87894 3.90 470
1.37656 1.20921 3.97 507
-1.74457 1.05423 1.87 40
-1.76779 1.29244 3.03 182
-0.64772 1.65229 3.97 506
