-0.68257 -1.79693 3.83 422
-0.60520 -1.45328 3.89 466
0.12541 -0.96373 3.76 389
0.57414 -1.22663 2.80 132
1.00323 -1.99735 3.24 221
-0.23611 -0.72702 3.96 500
-1.08724 -1.11088 1.92 42
-0.08096 -0.33286 3.42 267
-0.27535 -0.35774 3.56 311
-1.05276 -0.68217 3.62 336
0.51392 -0.09096 2.86 145
-1.29992 -0.59191 3.62 335
-0.03603 0.08169 3.65 345
0.94710 -0.15542 3.99 513
-0.25017 0.15769 1.94 44
-1.53155 -0.45377 3.34 244
-1.57237 -0.42022 2.85 143
0.90836 0.29114 3.49 285
-1.49134 0.06957 3.66 348
-0.20691 0.67794 3.11 195
0.63451 0.63262 1.74 31
0.95720 0.54484 2.10 61
-1.46095 0.38424 3.51 288
1.26462 0.52908 3.90 470
0.89890 0.77346 3.97 507
-1.03209 0.91802 3.97 506
0.61764 1.21961 3.01 178
