0.13002 -1.71576 3.88 459
1.00659 -1.72841 4.00 518
0.56298 -1.54517 2.06 58
0.00710 -1.52978 2.75 123
1.57805 -1.78319 3.56 310
-1.38584 -1.40686 3.54 302
1.90138 -1.40630 3.66 347
1.88702 -1.28424 3.58 319
0.58072 -0.93867 3.27 229
1.37896 -0.97166 3.29 233
-0.57766 -0.74759 2.65 108
-0.01350 -0.71145 3.00 174
-0.90197 -0.73524 3.00 173
-0.83929 -0.43846 2.59 99
1.22517 -0.39015 2.75 124
-0.65137 -0.36767 2.95 163
-1.70247 -0.37157 3.56 309
0.06761 -0.06178 0.98 15
1.67299 -0.03845 2.61 103
1.14898 0.20999 3.88 460
-0.51893 0.45596 3.65 343
-0.51893 0.45596 3.68 353
0.19781 0.50343 3.37 252
-0.82672 0.49833 3.89 464
-1.27517 0.64105 3.61 330
1.22752 0.64812 3.72 369
-0.33336 0.72517 3.38 256
-0.24908 1.16643 2.83 139
-1.77909 1.22821 3.94 485
-1.36114 1.46573 2.14 63
-2.00137 1.61136 3.34 243
0.50047 1.65718 2.68 111
0.81641 1.73528 -0.04 3
