-0.58315 -1.75904 3.88 459
2.05008 -2.11212 3.08 189
1.24884 -1.83924 3.41 265
2.05851 -2.11327 3.57 314
0.26086 -1.61104 4.00 518
-0.15890 -1.51014 2.06 58
-0.72051 -1.59261 2.75 123
0.75231 -1.56723 3.56 310
1.14783 -1.46938 3.95 492
0.99634 -1.18427 3.66 347
1.25319 -1.19847 3.88 461
1.86688 -1.28428 2.82 137
0.98045 -1.07821 3.58 319
1.77154 -1.13504 0.96 14
1.29723 -1.00847 2.89 153
-0.16879 -0.91339 3.27 229
1.64292 -1.04785 2.89 154
0.55401 -0.85428 3.29 233
-1.41228 -0.85928 2.65 108
-0.78157 -0.75378 3.00 174
1.33649 -0.79792 2.32 80
-1.80686 -0.88798 3.00 173
1.44506 -0.69590 3.96 499
1.42838 -0.64042 2.62 105
-1.74482 -0.54985 2.59 99
0.39807 -0.32922 2.75 124
-1.51965 -0.45373 2.95 163
1.00627 -0.29757 3.91 476
-0.72658 -0.07853 0.98 15
0.76118 0.01722 2.61 103
0.30627 0.22928 3.88 460
1.72352 0.24503 3.24 222
1.66054 0.30849 2.74 121
1.25826 0.33510 3.53 296
-1.40542 0.44924 3.65 343
-1.40542 0.44924 3.68 353
-0.61716 0.50285 3.37 252
-1.77968 0.49399 3.89 464
0.35719 0.64092 3.72 369
-1.20460 0.73776 3.38 256
1.31117 0.80617 3.71 365
1.21495 0.92255 2.65 109
-1.13142 1.20395 2.83 139
1.08236 1.17368 3.80 407
1.08237 1.17379 3.80 408
1.28615 1.51698 3.67 351
1.46082 1.55400 3.85 439
-0.36383 1.65079 2.68 111
-0.06226 1.69800 -0.04 3
1.95586 1.89592 3.75 381
