-0.23322 -1.64404 3.82 418
0.94622 -1.33513 3.57 312
-0.81824 -1.26358 3.77 397
1.43659 -0.74915 3.95 488
1.47770 -0.65253 2.93 159
0.30906 -1.15159 3.66 346
1.27456 -0.61668 3.76 385
0.31146 -0.99070 2.23 67
0.36153 -0.90568 3.44 269
-0.77946 -0.74980 3.35 247
-0.64842 -0.78966 3.75 384
0.06489 -0.86196 2.27 74
0.37730 -0.73172 2.47 91
0.57614 -0.70322 2.68 110
-1.15581 -0.23749 3.43 268
-0.95578 -0.34994 2.44 88
0.66779 -0.45352 3.38 254
-0.37680 -0.41664 3.52 293
-1.18824 0.41157 3.07 188
-0.63397 -0.03050 3.23 219
-0.96335 0.30545 3.83 424
-0.96677 0.72235 3.57 315
0.47668 -0.01136 3.98 509
-0.05867 0.14236 3.21 216
0.02479 0.78166 2.02 51
