-1.56361 -1.46245 3.89 467
-0.53021 -1.50964 3.72 371
-1.09178 -1.23277 2.20 65
-0.68619 -1.27477 3.94 486
0.65822 -1.20474 3.62 337
-0.56366 -1.12076 3.72 370
-0.77813 -0.98798 1.25 19
-1.33870 -0.79253 2.87 147
-1.01473 -0.81905 3.79 403
0.93789 -0.86467 3.82 418
-0.97311 -0.77103 3.98 512
0.27409 -0.78362 3.77 397
-1.24935 -0.37415 3.79 402
-1.28853 -0.23394 3.77 394
1.22491 -0.23704 3.66 346
1.15633 -0.09611 2.23 67
1.16670 0.00159 3.44 269
0.07640 -0.36089 3.35 247
0.20383 -0.33978 3.75 384
0.86644 -0.09499 2.27 74
1.10384 0.16413 2.47 91
1.28651 0.28660 2.68 110
-0.46505 -0.10036 3.43 268
-0.25261 -0.10784 2.44 88
1.26478 0.56570 3.38 254
-1.36114 0.95277 3.17 208
0.26496 0.09009 3.52 293
-0.80492 0.42639 3.07 188
-0.13875 0.30498 3.23 219
-0.57396 0.44077 3.83 424
-0.78557 0.80467 3.57 315
0.86586 0.88492 3.98 509
-0.94607 1.74318 2.08 59
0.28270 0.74365 3.21 216
0.03984 1.39977 2.02 51
