1.51903 -1.58596 3.77 395
0.67173 -1.48868 3.82 417
0.82509 -1.41119 3.47 281
-0.48898 -1.28919 3.84 431
-1.39794 -0.97033 3.14 203
0.37756 -0.91933 3.08 190
-0.91968 -0.87315 3.42 266
-0.64056 -0.84846 3.83 423
-0.75700 -0.80500 3.70 362
1.66039 -0.54369 3.20 214
-1.46332 -0.55488 3.92 478
-1.70148 -0.43789 2.81 135
-0.01207 -0.66340 3.24 223
1.22545 -0.42794 2.46 90
-0.11223 -0.62472 3.45 275
0.62526 -0.48643 3.89 467
-1.15523 -0.27460 3.16 204
-0.68551 -0.35508 3.86 444
-0.24013 -0.32351 0.03 5
-1.48189 -0.03497 3.53 297
1.47736 -0.09303 3.72 371
0.84664 -0.15269 2.20 65
1.20439 0.00400 3.94 486
1.22598 0.18088 3.72 370
0.96224 0.16869 1.25 19
0.42222 0.03640 2.87 147
0.67491 0.17210 3.79 403
-0.74942 0.14913 3.80 409
-1.52696 0.47240 3.89 465
0.67959 0.22776 3.98 512
-0.52918 0.40378 2.23 70
0.24596 0.37134 3.79 402
-0.73821 0.50606 2.79 131
0.13686 0.45135 3.77 394
-0.49366 0.70082 3.75 383
-1.53914 1.44502 3.29 234
1.39146 1.25028 3.35 247
1.51975 1.37845 3.75 384
-1.03272 1.23659 2.74 122
0.68963 1.06862 3.43 268
0.88852 1.22157 2.44 88
-0.64670 1.30560 3.17 208
1.29112 1.87317 3.52 293
0.06859 1.27115 3.07 188
0.71541 1.70538 3.23 219
0.23820 1.46106 3.83 424
-0.96967 2.07328 3.05 187
-0.17299 1.61415 3.57 315
-0.95470 2.33187 2.08 59
