-1.70684 -1.90797 2.81 134
-2.05634 -2.03744 3.34 242
2.03439 -1.84826 3.00 173
0.68922 -1.20116 3.11 193
0.35845 -1.22453 3.81 412
1.12847 -1.14667 3.56 309
0.14385 -0.95075 3.61 329
-0.44042 -0.74358 1.98 48
-1.34101 -0.49570 3.90 468
-0.26938 -0.32742 3.91 473
1.59549 -0.15972 3.61 330
-0.61358 -0.14013 3.88 457
-0.87548 0.06304 3.11 192
-0.99921 0.09330 3.38 255
-1.45698 0.27604 3.52 290
-0.24776 0.26196 3.52 291
0.43362 0.23398 3.85 438
1.15023 0.33338 3.94 485
0.10949 0.37192 1.35 22
1.53346 0.60754 2.14 63
0.99916 0.60372 3.34 243
0.09517 0.63348 3.52 292
-1.00995 0.76404 3.94 484
0.25841 0.80952 2.61 102
0.25848 0.80946 3.80 406
0.98851 0.90308 2.56 96
-0.18161 1.03576 2.98 167
0.21448 1.01556 3.44 271
-1.95618 1.33144 3.57 313
-0.09244 1.16805 3.88 458
-1.92523 1.58947 1.14 16
1.02571 1.73258 3.48 282
-0.49362 1.73968 3.13 197
0.68129 1.75132 3.83 420
