1.60061 -1.74418 2.04 53
-1.07502 -1.54446 2.87 148
-1.18890 -1.59363 3.68 355
-0.07586 -1.47123 3.27 231
1.14824 -1.06889 3.56 306
-0.10190 -0.96339 3.74 378
-1.27783 -0.87229 2.91 158
-0.52359 -0.61335 3.84 432
-0.74494 -0.55404 2.96 165
0.22931 -0.35758 3.69 359
-1.48182 -0.22127 3.92 479
-0.66842 -0.19415 3.53 298
-1.02677 0.02276 2.39 83
-0.24205 0.04596 3.40 260
0.06121 0.27711 2.49 92
0.97243 0.31700 2.83 138
-0.16862 0.73556 3.95 493
-0.12466 0.79313 3.48 284
-0.66928 0.86871 3.76 390
0.04648 0.99280 2.42 85
0.86110 1.11873 2.06 55
-0.20795 1.12393 2.94 161
-1.39633 1.29836 3.20 214
1.27985 1.31316 3.27 226
-1.78494 1.67956 2.46 90
1.70612 1.77838 2.06 56
-1.32225 1.83523 3.72 371
1.48570 1.92456 3.87 446
