0.30481 -1.71676 3.77 397
-1.33753 -1.22925 3.79 402
-1.36207 -1.07058 3.77 394
1.29518 -1.07404 3.66 346
1.20735 -0.91846 2.23 67
1.20769 -0.81286 3.44 269
0.08169 -1.21407 3.35 247
0.21753 -1.18998 3.75 384
0.90458 -0.91724 2.27 74
1.12648 -0.64116 2.47 91
1.29908 -0.51496 2.68 110
-0.48576 -0.92310 3.43 268
-0.26404 -0.93126 2.44 88
1.24721 -0.23705 3.38 254
-1.29999 0.12750 3.17 208
0.27215 -0.71876 3.52 293
-0.80313 -0.37411 3.07 188
-0.13989 -0.49625 3.23 219
-0.57198 -0.35981 3.83 424
-0.75942 -0.00924 3.57 315
0.83155 0.06527 3.98 509
-0.84900 0.80494 2.08 59
0.27467 -0.06656 3.21 216
0.03672 0.52094 2.02 51
