-1.02833 -2.17405 1.92 42
-1.50175 -2.78515 2.89 152
0.26824 -1.52298 3.42 267
0.05209 -1.49569 3.56 311
-0.84059 -1.65216 3.62 336
-1.61065 -2.24622 2.85 142
-1.46211 -2.09676 3.85 440
0.98399 -1.40598 2.86 145
-1.04810 -1.47673 3.62 335
-1.41215 -1.61362 3.76 388
0.40201 -1.05786 3.65 345
1.50068 -1.61889 3.99 513
0.19499 -0.92360 1.94 44
-1.21333 -1.26274 3.34 244
-1.23810 -1.21656 2.85 143
-1.45035 -1.39360 3.13 201
1.48785 -1.06471 3.49 285
-1.00030 -0.73784 3.66 348
-1.33259 -0.87573 2.95 164
0.34161 -0.40976 3.11 195
1.20633 -0.62636 1.74 31
1.56286 -0.79290 2.10 61
-0.87700 -0.44828 3.51 288
-1.73128 -0.62758 3.33 241
1.51171 -0.53771 3.97 507
-1.45100 -0.47801 1.87 40
-1.40289 -0.27545 3.03 182
-0.36477 -0.05144 3.97 506
-1.48834 -0.23850 2.41 84
-1.64585 -0.17497 1.63 25
-1.67677 -0.19980 2.69 116
1.24531 -0.05211 3.01 178
-1.44566 -0.09746 3.21 215
-1.12138 0.01932 3.11 194
-1.08288 0.16852 1.85 37
-1.38310 0.33215 2.99 169
-0.67774 0.49942 2.60 101
-1.19598 0.41283 2.70 119
-0.64429 0.62885 3.32 240
-0.80441 0.68911 2.02 52
-0.91974 0.63225 3.17 209
-1.17570 0.68450 2.81 136
1.14880 0.87576 3.74 377
-0.66452 1.01761 2.89 155
-0.82739 0.99738 3.51 289
-0.72652 0.96857 3.77 393
-1.45732 0.91260 3.86 445
-0.52583 1.22310 3.93 482
1.57355 1.23172 2.87 148
1.45045 1.21110 3.68 355
0.29849 1.42786 3.08 191
0.26386 1.57696 3.57 316
