-0.98107 -1.51054 3.82 414
1.59414 -1.18947 2.90 157
-0.19145 -1.31653 3.05 185
-1.07014 -1.13316 3.97 503
-0.24011 -1.22470 3.45 274
0.29960 -1.12217 3.01 177
-0.91048 -0.82891 3.60 326
0.61542 -0.87300 3.71 364
-0.93085 -0.76525 3.14 202
1.65236 -0.28942 1.86 39
-0.56595 -0.65258 3.17 207
0.58887 -0.52911 2.44 87
1.23846 -0.15543 2.27 75
1.23870 -0.15552 3.95 491
0.99067 -0.23345 1.77 32
0.16216 -0.45419 2.37 81
0.68926 -0.30213 3.31 237
-0.33538 -0.28641 3.80 405
-0.82641 -0.01738 3.36 250
0.14910 -0.16576 1.79 35
-0.40907 -0.04795 3.67 350
1.09782 0.44007 3.65 344
0.24024 0.25562 3.84 429
0.50979 0.37600 3.87 453
0.98438 1.02616 3.05 187
0.79732 0.96304 2.08 59
-0.03663 1.44288 2.02 51
