-0.13943 -1.80666 3.83 422
-0.41740 -1.66764 3.89 466
-0.63189 -0.78762 3.76 389
-0.27200 -0.44274 2.80 132
0.37723 -0.31208 3.24 221
-0.99430 -1.10374 3.96 500
1.00121 -1.02177 3.95 490
1.08611 -0.84360 3.78 398
1.25215 -0.85246 3.98 511
0.57923 0.15454 3.85 433
0.80584 0.18396 3.35 246
1.21538 -0.14614 3.76 387
-0.00785 0.45053 2.86 144
-1.36021 -0.10696 2.86 145
-1.11414 0.27477 3.99 513
-0.16391 0.68175 0.46 9
1.17400 0.46422 3.27 227
-0.40224 0.76195 3.92 477
-1.60659 0.44047 3.49 285
0.14367 1.01218 3.56 307
-0.03509 1.01049 3.70 360
-0.26726 1.14894 3.95 487
0.48900 1.06603 4.00 515
-0.53261 1.25818 3.31 235
-1.70807 0.88346 3.90 470
-1.11292 1.15445 3.88 456
-0.34150 1.50962 3.41 261
-0.99883 1.34406 3.94 483
-1.03395 1.43264 2.39 82
1.47173 1.25974 3.86 442
0.67771 1.66916 3.24 220
