-0.60510 -1.21390 3.83 422
-0.45027 -0.94837 3.89 466
0.34804 -0.76221 3.76 389
0.69590 -1.15973 2.80 132
0.08097 -0.42592 3.96 500
-0.77283 -0.49781 1.92 42
-1.10500 -0.85608 2.89 152
0.34546 -0.10895 3.42 267
0.15371 -0.07155 3.56 311
-0.63464 -0.13145 3.62 336
-1.23414 -0.50649 2.85 142
-1.12844 -0.41436 3.85 440
1.01410 -0.06623 2.86 145
-0.82227 0.02174 3.62 335
-1.12829 -0.06153 3.76 388
0.51944 0.27545 3.65 345
1.44471 -0.27455 3.99 513
0.33495 0.41331 1.94 44
-0.98242 0.21076 3.34 244
-1.00823 0.25206 2.85 143
-1.18183 0.11761 3.13 201
1.56989 0.18988 3.49 285
-0.81848 0.67515 3.66 348
-1.12495 0.56578 2.95 164
0.54311 0.91780 3.11 195
1.40078 0.62915 1.74 31
-0.71134 0.96171 3.51 288
-1.53613 0.83481 3.33 241
-1.28306 0.96958 1.87 40
-1.75622 0.78394 3.62 334
-1.25983 1.18539 3.03 182
-0.17814 1.37350 3.97 506
-1.35210 1.23247 2.41 84
-1.52351 1.31509 1.63 25
-1.55116 1.28881 2.69 116
1.60559 1.26080 3.01 178
-1.32737 1.39163 3.21 215
-0.99682 1.50963 3.11 194
