0.57848 -1.81588 3.83 422
0.37445 -2.08818 3.89 466
-0.57624 -2.04525 3.76 389
-0.76227 -1.46993 2.80 132
-0.59122 -0.72267 3.24 221
0.74146 -0.86780 4.00 517
1.07537 -1.37856 3.87 452
0.24545 -0.43802 3.95 490
1.13093 -1.53921 3.62 333
0.88884 -0.69013 3.32 238
0.12769 -0.30025 3.78 398
0.67677 -0.47204 1.68 28
0.18318 -0.17073 3.98 511
1.33902 -1.06019 3.64 341
0.55756 -0.18011 3.77 392
0.73218 -0.28964 4.00 516
0.98918 -0.39177 3.01 176
1.26429 -0.63600 2.76 125
-0.94575 -0.33509 3.85 433
-0.86749 -0.11901 3.35 246
1.08102 -0.27820 3.69 358
-0.40470 0.08088 3.76 387
0.90427 -0.13217 3.97 504
0.05117 0.16163 3.27 228
1.35264 -0.48519 3.32 239
1.29585 -0.38904 3.40 259
0.86077 0.00320 3.84 427
0.68476 0.15737 1.86 38
1.03903 -0.01553 2.25 72
1.01098 0.02354 3.44 270
1.47896 -0.35661 3.82 415
1.20979 0.02367 3.13 198
1.22237 0.16002 2.50 93
-0.95871 0.30857 3.27 227
0.95841 0.33020 1.96 45
1.48519 -0.00385 3.54 301
-0.13202 0.65929 -0.72 2
0.62426 0.56099 3.47 279
0.97338 0.43716 3.62 332
-0.45201 0.71237 3.85 434
0.08634 0.77821 2.93 160
0.84241 0.83942 1.78 33
1.35807 0.64195 3.75 380
1.15221 0.77057 3.84 426
1.22191 0.78192 3.91 472
1.53025 0.82313 2.21 66
-0.02331 1.21607 3.17 206
0.51144 1.16897 3.25 224
-1.55315 0.89841 3.86 442
-0.42930 1.21150 3.96 495
0.93847 1.29462 2.25 71
0.79982 1.28978 3.73 374
0.44495 1.58510 2.70 117
0.76731 1.47509 3.61 328
-0.60565 1.65764 3.12 196
-0.85642 1.63565 3.87 450
1.50941 1.46407 3.97 502
