0.66600 -1.72093 2.49 92
-1.53106 -1.58433 3.77 395
1.77013 -1.60742 2.83 138
0.34739 -1.18483 3.95 493
0.38723 -1.11919 3.48 284
-0.16543 -1.08365 3.76 390
0.53860 -0.89923 2.42 85
1.35371 -0.70159 2.06 55
0.27307 -0.79485 2.94 161
-0.80522 -0.73989 3.20 214
1.73126 -0.47853 3.27 226
-1.07509 -0.46555 2.46 90
-1.66803 -0.21596 3.89 467
-0.69262 -0.30922 3.72 371
-1.23038 -0.04263 2.20 65
-0.83993 -0.10243 3.94 486
0.41288 -0.11645 3.62 337
-0.72413 0.02614 3.72 370
-0.93422 0.15986 1.25 19
-1.50827 0.38292 2.87 147
-1.17639 0.33490 3.79 403
0.71531 0.16600 3.82 418
-1.13665 0.37864 3.98 512
0.09613 0.28291 3.77 397
-1.45140 0.80577 3.79 402
-1.50664 0.96248 3.77 394
1.10070 0.75318 3.66 346
1.06130 0.90657 2.23 67
1.09188 1.01118 3.44 269
-0.06566 0.71423 3.35 247
0.06551 0.72624 3.75 384
0.76925 0.93177 2.27 74
1.06156 1.19775 2.47 91
1.27841 1.32157 2.68 110
-0.62019 1.03983 3.43 268
-0.39360 1.01291 2.44 88
1.32372 1.65977 3.38 254
0.17036 1.19001 3.52 293
-1.00634 1.70641 3.07 188
-0.25077 1.48345 3.23 219
-0.73937 1.69957 3.83 424
-0.99790 2.21652 3.57 315
0.95711 2.12215 3.98 509
-1.26509 3.77463 2.08 59
