-1.61735 -2.66471 2.76 125
0.01624 -1.75349 3.19 212
1.23797 -2.28860 3.62 336
-0.92091 -1.90202 1.33 20
-0.92083 -1.90200 1.73 30
0.50922 -1.73149 2.85 142
-1.29124 -2.17178 3.13 199
0.64416 -1.80242 3.85 440
-1.85202 -2.62431 3.32 239
-0.00288 -1.47191 -0.01 4
-0.26292 -1.46175 0.61 11
-0.00286 -1.47192 1.33 21
-1.02694 -1.75202 3.59 320
1.27226 -1.94409 3.62 335
-0.83952 -1.59691 1.25 18
0.99002 -1.62661 3.76 388
-1.11826 -1.67908 2.80 133
-1.81377 -2.25858 3.78 399
-1.67308 -2.13171 3.91 474
-1.02543 -1.50359 1.63 24
1.35927 -1.64866 3.34 244
1.38379 -1.59783 2.85 143
1.13437 -1.48058 3.13 201
-1.74036 -1.77275 3.89 463
-0.50358 -1.07146 2.30 77
0.27576 -0.95124 3.41 264
-1.31186 -1.31600 3.96 498
-1.38604 -1.23861 2.60 100
-1.20273 -1.11140 3.91 475
1.61849 -1.31142 2.95 164
-1.09596 -0.98090 2.17 64
-1.14159 -0.97268 3.86 443
0.28822 -0.75876 3.87 455
0.01775 -0.66779 2.30 78
-0.41123 -0.69227 2.55 95
-0.19336 -0.60048 3.55 305
0.41015 -0.54639 3.37 253
-0.39630 -0.55091 3.87 454
0.18137 -0.43956 2.68 112
1.58140 -0.81751 3.33 241
-0.04453 -0.38206 2.31 79
-0.50050 -0.43643 3.04 184
0.19022 -0.38425 3.13 200
1.39783 -0.67989 3.62 334
-0.41578 -0.40434 3.83 421
0.55847 -0.37317 2.78 129
-0.50710 -0.39402 3.41 263
0.42040 -0.32553 3.22 217
-0.71865 -0.30368 3.88 459
1.45603 -0.42776 3.08 189
0.85059 -0.27391 3.41 265
1.46237 -0.42813 3.57 314
0.02057 -0.14839 4.00 518
-0.35718 -0.08813 2.06 58
-0.86154 -0.18104 2.75 123
0.44971 -0.09127 3.56 310
1.51168 -0.21111 2.29 76
0.79735 0.00392 3.95 492
0.68672 0.23378 3.66 347
0.91463 0.23206 3.88 461
1.43739 0.18482 2.82 137
0.68018 0.32560 3.58 319
1.37922 0.30695 0.96 14
0.97444 0.39985 2.89 153
-0.40457 0.43094 3.27 229
1.27942 0.37794 2.89 154
0.29358 0.51394 3.29 233
-1.67209 0.43366 2.65 108
-1.03871 0.56201 3.00 174
1.03525 0.59499 2.32 80
1.15002 0.69632 3.96 499
1.14210 0.75001 2.62 105
0.14671 1.04327 2.75 124
0.77044 1.09363 3.91 476
-1.09637 1.30504 0.98 15
1.81054 1.28580 2.56 97
0.54108 1.44971 2.61 103
0.04634 1.70884 3.88 460
