0.31282 -0.57299 3.83 422
0.52099 -0.76488 3.89 466
0.53972 -1.68827 3.76 389
-0.47525 -0.35387 4.00 517
-0.03068 -0.11371 3.87 452
-0.94799 -0.82755 3.95 490
0.09343 -0.08651 3.62 333
-0.63284 -0.19854 3.32 238
-1.11864 -0.95636 3.78 398
-0.86607 -0.37859 1.68 28
1.02951 -0.52801 1.92 42
-0.01331 0.04579 2.69 115
0.72752 -0.17484 2.89 152
0.03108 0.10002 3.05 186
-1.26321 -0.88856 3.98 511
-0.28392 0.14261 3.64 341
-1.19577 -0.47384 3.77 392
-1.05185 -0.30474 4.00 516
-0.91676 -0.06846 3.01 176
-0.65772 0.14279 2.76 125
0.67124 0.10010 3.19 212
-0.08099 0.36580 1.33 20
-0.08093 0.36579 1.73 30
1.08670 -0.09356 2.85 142
-0.38664 0.32325 3.13 199
1.16804 -0.19871 3.85 440
-1.02279 0.03297 3.69 358
-1.20020 -0.11507 3.97 504
-0.79181 0.24232 3.32 239
-0.88925 0.20905 3.40 259
0.76522 0.30973 -0.01 4
0.55141 0.42574 0.61 11
0.76524 0.30970 1.33 21
-0.12379 0.50968 3.59 320
-1.35819 -0.14029 3.84 427
0.05253 0.55231 1.25 18
-1.30921 0.03276 2.25 72
-0.17423 0.59651 2.80 133
-1.35724 0.01152 3.44 270
-0.73225 0.44785 3.78 399
-0.90319 0.37186 3.82 415
-0.62881 0.48134 3.91 474
-0.06527 0.69442 1.63 24
-1.32655 0.20101 3.13 198
-1.47663 0.23698 2.50 93
-1.25707 0.44419 3.54 301
-0.62676 0.75141 3.89 463
0.49122 0.84833 2.30 77
1.26978 0.61866 3.41 264
-0.24070 0.95379 3.96 498
-0.28121 1.04731 2.60 100
-0.10783 1.09034 3.91 475
-1.03099 0.93052 2.69 114
0.01415 1.16936 2.17 64
-1.15213 0.96056 3.84 428
-0.02167 1.19488 3.86 443
1.39556 0.79552 3.87 455
1.17161 1.01166 2.30 78
0.73346 1.17522 2.55 95
0.99392 1.17730 3.55 305
1.66630 0.95727 3.37 253
0.81514 1.32023 3.87 454
1.48706 1.18467 2.68 112
1.27628 1.35625 2.31 79
0.76627 1.49498 3.04 184
1.53489 1.24451 3.13 200
0.86921 1.49583 3.83 421
-1.59990 1.20997 3.85 437
0.78044 1.54761 3.41 263
