1.18030 -2.12484 1.25 18
-0.92965 -1.96188 1.86 38
-0.49200 -1.77121 2.25 72
0.92479 -1.89914 2.80 133
-0.54395 -1.76365 3.44 270
0.26286 -1.69374 3.78 399
0.06185 -1.66811 3.82 415
0.38124 -1.72310 3.91 474
1.09665 -1.86095 1.63 24
-0.39702 -1.59121 3.13 198
-0.48921 -1.47443 2.50 93
-0.81939 -1.55408 1.96 45
-0.19585 -1.39862 3.54 301
0.52055 -1.44718 3.89 463
1.88964 -2.09106 2.30 77
-1.30251 -1.65422 3.47 279
-0.88544 -1.45504 3.62 332
1.00659 -1.46528 3.96 498
1.00143 -1.34975 2.60 100
1.20693 -1.40393 3.91 475
0.24537 -1.08330 2.69 114
1.37458 -1.39400 2.17 64
0.16109 -1.00580 3.84 428
1.34235 -1.34832 3.86 443
-1.28822 -1.23934 1.78 33
-0.72789 -1.02825 3.75 380
-0.97088 -1.07139 3.84 426
-0.92313 -1.01787 3.91 472
-0.72433 -0.80715 2.21 66
-0.05297 -0.65335 3.85 437
-1.49954 -0.83644 2.25 71
-0.50991 -0.59794 3.60 327
-1.63099 -0.92813 3.73 374
-1.78218 -0.81420 3.61 328
-1.12670 -0.42729 3.97 502
-1.11085 -0.29925 3.68 352
0.84015 -0.16987 3.54 302
-1.74604 0.08850 2.81 134
1.43932 0.25701 3.00 173
1.60679 0.54357 2.59 99
0.39030 0.73980 3.11 193
0.07942 0.71067 3.81 412
0.80322 0.79952 3.56 309
-0.12803 0.96643 3.61 329
-0.74943 1.17387 1.98 48
-1.83050 1.45349 3.90 468
-0.61404 1.67398 3.91 473
2.00917 1.70109 3.89 464
