-0.90494 -1.62165 2.20 65
-0.48782 -1.63917 3.94 486
0.90429 -1.47006 3.62 337
-0.37271 -1.46539 3.72 370
-0.60043 -1.33917 1.25 19
-1.17580 -1.17368 2.87 147
-0.84967 -1.17820 3.79 403
1.15944 -1.08405 3.82 418
-0.81048 -1.12503 3.98 512
0.46065 -1.04723 3.77 397
-1.10636 -0.73638 3.79 402
-1.15147 -0.59729 3.77 394
1.38311 -0.40482 3.66 346
1.29544 -0.26601 2.23 67
1.29450 -0.16584 3.44 269
0.22002 -0.62215 3.35 247
0.34751 -0.59064 3.75 384
0.99820 -0.28822 2.27 74
1.21126 -0.00706 2.47 91
1.38290 0.13071 2.68 110
-0.34432 -0.39919 3.43 268
-0.13182 -0.39009 2.44 88
1.32768 0.40507 3.38 254
-1.27257 0.55390 3.17 208
0.37042 -0.14985 3.52 293
-0.71222 0.09558 3.07 188
-0.05005 0.03093 3.23 219
-0.48775 0.12849 3.83 424
-1.06849 1.20231 3.05 187
-0.71505 0.46196 3.57 315
0.89315 0.68048 3.98 509
-0.91722 1.31971 2.08 59
0.33008 0.49404 3.21 216
0.03967 1.09352 2.02 51
