-0.86906 -1.61516 3.54 302
1.15325 -1.31496 3.27 229
-0.07203 -1.01145 2.65 108
0.50414 -1.01561 3.00 174
-0.38587 -0.97566 3.00 173
-0.31459 -0.68142 2.59 99
-0.13162 -0.62020 2.95 163
-1.55047 -0.70983 3.11 193
-1.09374 -0.57427 3.56 309
0.59913 -0.33972 0.98 15
1.79846 -0.08372 3.88 460
0.02205 0.18863 3.65 343
0.02205 0.18863 3.68 353
0.74170 0.23321 3.37 252
-0.26796 0.23021 3.89 464
-0.66867 0.36284 3.61 330
0.20917 0.44920 3.38 256
0.30134 0.87225 2.83 139
-1.07028 0.87874 3.94 485
-0.70613 1.10186 2.14 63
-1.23029 1.19847 3.34 243
1.06389 1.37553 2.68 111
1.39988 1.47190 -0.04 3
-1.24418 1.54320 2.56 96
