-0.08840 -1.54026 3.54 302
0.71041 -1.04652 2.65 108
1.34990 -1.12039 3.00 174
0.38914 -0.97583 3.00 173
0.46760 -0.68759 2.59 99
0.65718 -0.64018 2.95 163
-0.66447 -0.62243 3.11 193
-0.99203 -0.68486 3.81 412
-0.26957 -0.52708 3.56 309
-1.22938 -0.44475 3.61 329
1.47960 -0.39547 0.98 15
0.83949 0.18575 3.65 343
0.83949 0.18575 3.68 353
-1.76084 0.19552 3.91 473
1.66713 0.22969 3.37 252
0.53625 0.22980 3.89 464
0.14289 0.36070 3.61 330
1.05062 0.45925 3.38 256
-1.77263 0.89203 3.52 291
-0.93517 0.79831 3.85 438
1.16471 0.91110 2.83 139
-0.21795 0.84618 3.94 485
-1.31599 0.98532 1.35 22
0.12351 1.08147 2.14 63
-0.35303 1.13798 3.34 243
-1.34436 1.29919 3.52 292
-1.14975 1.48322 2.61 102
-1.14967 1.48313 3.80 406
-0.35803 1.45941 2.56 96
-1.73559 1.87247 2.98 167
-1.20993 1.74538 3.44 271
