0.23020 -1.72656 1.25 19
-0.37743 -1.72228 2.87 147
-0.06572 -1.63328 3.79 403
-1.63517 -1.19336 3.80 409
-0.04547 -1.56772 3.98 512
1.19386 -1.10161 3.77 397
-1.25056 -0.97736 2.23 70
-0.44807 -1.26517 3.79 402
-1.42234 -0.79851 2.79 131
-0.53212 -1.14211 3.77 394
-1.07427 -0.68199 3.75 383
0.79111 -0.74452 3.35 247
0.90742 -0.67187 3.75 384
1.45593 -0.15330 2.27 74
-1.36192 -0.03256 2.74 122
0.16239 -0.70273 3.43 268
0.36380 -0.62670 2.44 88
-0.97303 -0.09874 3.17 208
0.77109 -0.22880 3.52 293
-0.33935 -0.34459 3.07 188
0.30064 -0.19309 3.23 219
-0.14268 -0.24228 3.83 424
-0.97422 0.54088 3.05 187
-0.45250 -0.00555 3.57 315
0.98841 0.74048 3.98 509
-0.87631 0.69229 2.08 59
0.50812 0.37060 3.21 216
0.04037 0.81672 2.02 51
