-1.30218 -1.64949 3.34 243
1.07528 -1.46007 2.68 111
1.38098 -1.36398 -0.04 3
-1.20601 -1.29581 2.56 96
1.63246 -0.76503 2.70 118
1.37175 -0.61505 3.58 318
-0.94214 -0.54645 3.48 282
-1.22641 -0.41267 3.83 420
0.16804 -0.35246 2.90 157
1.20737 -0.16865 3.03 181
1.49892 0.06670 3.50 287
-1.42136 0.10628 3.05 185
-1.44144 0.20581 3.45 274
-0.86626 0.09464 3.01 177
-0.48336 0.18996 3.71 364
0.58900 0.29577 1.86 39
-1.60687 0.90496 3.17 207
-0.36749 0.49518 2.44 87
0.34039 0.55913 2.27 75
0.34054 0.55895 3.95 491
0.10611 0.59144 1.77 32
-0.73973 0.74866 2.37 81
-0.18142 0.65633 3.31 237
1.17381 1.14595 3.29 234
-1.20098 1.17032 3.80 405
-0.63200 1.03892 1.79 35
1.48376 1.62453 2.74 122
-1.18952 1.47775 3.67 350
0.51278 1.16038 3.65 344
1.52205 2.13502 3.17 208
-0.35151 1.42902 3.84 429
-0.03289 1.40441 3.87 453
0.72776 1.82132 3.05 187
1.29847 2.88787 3.57 315
0.53173 1.86761 2.08 59
