-0.11216 -1.71688 2.76 125
1.48371 -2.57214 3.19 212
0.59281 -1.73774 1.33 20
0.59288 -1.73779 1.73 30
0.24417 -1.63702 3.13 199
-0.51863 -1.66840 3.69 358
-0.76217 -1.75386 3.97 504
-1.86909 -2.67780 3.27 228
-0.19715 -1.53985 3.32 239
-0.30528 -1.53265 3.40 259
1.65943 -2.30821 -0.01 4
1.38472 -2.00662 0.61 11
1.65945 -2.30825 1.33 21
0.59437 -1.54620 3.59 320
-0.91650 -1.70717 3.84 427
0.80448 -1.58053 1.25 18
-1.19974 -1.79254 1.86 38
-0.77488 -1.53791 2.25 72
0.56895 -1.42547 2.80 133
-0.82801 -1.53965 3.44 270
-0.04881 -1.34483 3.78 399
-0.24185 -1.35282 3.82 415
0.06428 -1.35304 3.91 474
0.71707 -1.36625 1.63 24
-0.69901 -1.35446 3.13 198
-0.80464 -1.25926 2.50 93
-1.13506 -1.38820 1.96 45
-0.51864 -1.14274 3.54 301
0.17181 -1.08279 3.89 463
1.39299 -1.44436 2.30 77
-1.63671 -1.56717 3.47 279
-1.21660 -1.30410 3.62 332
0.61377 -1.03112 3.96 498
0.60186 -0.92852 2.60 100
0.78647 -0.94953 3.91 475
-0.11791 -0.78434 2.69 114
0.93136 -0.91868 2.17 64
-0.20627 -0.72230 3.84 428
0.90108 -0.88249 3.86 443
-1.68003 -1.15813 1.78 33
1.73916 -1.18906 2.55 95
-1.10354 -0.86510 3.75 380
-1.35706 -0.94289 3.84 426
-1.31270 -0.88291 3.91 472
-1.12710 -0.64599 2.21 66
-0.45125 -0.41005 3.85 437
-0.92600 -0.41006 3.60 327
1.66384 -0.59663 3.88 459
1.59466 -0.39294 2.75 123
-1.61727 -0.31086 3.97 502
-1.61798 -0.17550 3.68 352
0.37378 0.15264 3.54 302
1.21833 0.52104 2.65 108
0.89769 0.61279 3.00 173
1.03268 0.90160 2.59 99
1.25311 0.94165 2.95 163
-0.13968 1.03435 3.11 193
-0.45555 0.98707 3.81 412
0.26485 1.11675 3.56 309
-0.70247 1.25066 3.61 329
-1.41873 1.45648 1.98 48
