-1.99200 -1.89729 3.56 309
0.07531 -1.49351 0.98 15
1.85689 -1.46466 2.61 103
1.22820 -1.16991 3.88 460
-0.53515 -0.89876 3.65 343
-0.53515 -0.89876 3.68 353
0.20262 -0.84861 3.37 252
-0.84741 -0.85396 3.89 464
-1.28103 -0.70700 3.61 330
1.23194 -0.69988 3.72 369
-0.33100 -0.62309 3.38 256
-0.23312 -0.21303 2.83 139
-1.65182 -0.15934 3.94 485
-1.22617 0.03931 2.14 63
-1.77062 0.15538 3.34 243
0.44029 0.19104 2.68 111
0.71144 0.25091 -0.04 3
-1.72384 0.46507 2.56 96
1.80436 0.88105 2.23 69
1.06690 0.74343 2.70 118
1.66976 1.00372 3.68 354
0.87550 0.90826 3.58 318
1.44502 1.22149 3.47 280
-1.53441 1.23259 3.48 282
-1.90968 1.43641 3.83 420
-0.27240 1.32001 2.90 157
0.83739 1.39938 3.03 181
1.19777 1.63718 3.50 287
-1.53260 2.08057 3.01 177
