-0.61939 -1.70816 3.83 422
-0.65361 -1.37520 3.89 466
-0.11384 -0.67741 3.76 389
0.36306 -0.76227 2.80 132
0.91980 -1.27150 3.24 221
-0.52728 -0.58212 3.96 500
-1.24785 -1.24446 1.92 42
-0.50159 -0.16041 3.42 267
-0.68414 -0.24707 3.56 311
-1.36452 -0.82653 3.62 336
1.29323 -0.40698 2.86 144
-0.00989 0.25206 2.86 145
-0.59044 0.25360 3.65 345
0.40243 0.31717 3.99 513
1.37193 -0.12145 0.46 9
-0.82998 0.26292 1.94 44
1.25813 0.11897 3.92 477
0.24353 0.72792 3.49 285
-0.96403 0.80169 3.11 195
-0.11203 0.98783 1.74 31
0.21619 0.98630 2.10 61
1.57585 0.54629 3.31 235
0.49950 1.05009 3.90 470
1.06981 0.86425 3.88 456
0.09587 1.19633 3.97 507
1.29786 0.91464 3.94 483
1.34321 0.99424 2.39 82
-0.31034 1.57953 3.01 178
