-1.38765 -1.32188 3.77 397
1.00372 -1.33607 3.95 488
1.06422 -1.24837 2.93 159
-0.20021 -1.48042 3.66 346
0.87800 -1.16397 3.76 385
-0.15528 -1.31347 2.23 67
-0.08315 -1.23781 3.44 269
-1.19137 -0.79410 3.35 247
-1.06913 -0.86823 3.75 384
-0.36775 -1.12023 2.27 74
-0.02263 -1.06345 2.47 91
0.18037 -1.08297 2.68 110
-1.42164 -0.17813 3.43 268
-1.25210 -0.34253 2.44 88
0.33110 -0.85382 3.38 254
-0.68802 -0.55723 3.52 293
-0.83672 -0.10805 3.23 219
-1.06875 0.30450 3.83 424
-0.95455 0.70234 3.57 315
0.25361 -0.37050 3.98 509
-0.22514 -0.08655 3.21 216
0.01543 0.49904 2.02 51
