0.20583 -3.71145 3.83 422
-0.88669 -2.54341 3.76 389
-0.59785 -1.86189 2.80 132
0.02860 -1.36919 3.24 221
1.16832 -2.85005 4.00 517
0.95742 -1.84245 3.95 490
0.93917 -1.59943 3.78 398
1.40574 -2.33529 1.68 28
1.08729 -1.52747 3.98 511
1.48826 -1.89833 3.77 392
0.02453 -0.80381 3.85 433
0.21606 -0.68726 3.35 246
0.71020 -0.83667 3.76 387
-0.65104 -0.75355 2.86 144
1.18658 -1.10882 3.27 228
-0.88668 -0.59143 0.46 9
0.41236 -0.30853 3.27 227
-1.15908 -0.60750 3.92 477
1.33764 -0.54127 -0.72 2
-0.69250 -0.18013 3.56 307
-0.86316 -0.24170 3.70 360
1.07260 -0.29447 3.85 434
1.63860 -0.58970 2.93 160
-1.13441 -0.19811 3.95 487
-0.39476 -0.02466 4.00 515
-1.43668 -0.19134 3.31 235
-1.30876 0.08913 3.41 261
0.33720 0.39431 3.86 442
1.40135 0.08251 3.96 495
-0.42950 0.49364 3.24 220
1.50489 0.50446 3.12 196
1.27239 0.59908 3.87 450
1.40979 0.64804 2.64 107
0.50570 0.84237 3.96 494
0.43632 0.86235 3.56 308
0.67789 1.02829 3.82 413
-0.34783 1.15673 3.87 447
1.21186 1.49302 3.19 211
1.81238 1.36869 3.60 324
-0.28684 1.62752 3.69 356
-1.46351 1.54640 4.00 514
1.60297 1.54513 2.84 140
1.98017 1.45550 3.81 411
