-0.77830 -2.69429 3.83 422
-0.70267 -2.24639 3.89 466
0.06999 -1.57872 3.76 389
0.57523 -1.83673 2.80 132
1.14428 -2.72923 3.24 221
-0.33342 -1.34535 3.96 500
-1.25626 -1.88274 1.92 42
-0.19516 -0.89762 3.42 267
-0.39630 -0.94134 3.56 311
-1.22043 -1.37486 3.62 336
0.39107 -0.59454 2.86 145
-1.49290 -1.29614 3.62 335
-0.17674 -0.46022 3.65 345
0.82916 -0.62660 3.99 513
-0.39843 -0.39897 1.94 44
0.73809 -0.18264 3.49 285
-0.38287 0.11767 3.11 195
0.43830 0.12751 1.74 31
0.75580 0.06471 2.10 61
-1.65266 -0.25802 3.51 288
1.04886 0.06927 3.90 470
1.62372 -0.22576 3.88 456
0.67506 0.27539 3.97 507
-1.21013 0.29568 3.97 506
0.36733 0.66453 3.01 178
1.23076 0.98884 1.16 17
-1.76668 0.82399 2.60 101
-1.77553 0.98234 3.32 240
0.09225 1.58793 3.74 377
-1.95655 1.44915 2.89 155
1.61046 1.51154 3.66 349
1.86598 1.54468 3.97 508
