-1.12856 -1.76653 2.06 57
0.62767 -1.73433 3.93 481
-1.70321 -1.69473 0.12 7
-1.62879 -1.58800 3.60 323
-0.67310 -1.50890 3.98 510
-1.30369 -1.50465 2.77 126
-1.78850 -1.46687 2.79 130
1.30360 -1.36592 3.90 468
-1.45657 -1.26674 3.36 248
-1.21904 -1.27616 3.81 410
-1.24859 -1.18445 1.70 29
-1.18087 -1.23225 2.05 54
-1.30964 -1.12590 2.23 68
0.54197 -0.79740 0.38 8
1.70815 -0.71411 3.11 192
-1.36105 -0.70575 1.64 26
1.55539 -0.69195 3.38 255
-0.89616 -0.66228 0.50 10
0.36553 -0.62695 2.90 156
1.05627 -0.55178 3.52 290
-1.17544 -0.50106 3.54 300
-0.19190 -0.37751 3.36 249
-0.28495 -0.18738 1.93 43
0.23090 -0.18119 3.58 317
1.40325 0.00371 3.94 484
0.05103 0.03042 3.79 400
-1.05643 0.12985 3.00 172
0.24818 0.10930 3.53 295
-0.45752 0.14765 2.88 149
-0.55930 0.15425 3.28 232
0.54388 0.25573 3.57 313
-0.19399 0.27588 2.98 166
0.30566 0.42441 3.79 401
0.54119 0.45413 1.14 16
-1.15245 0.57588 1.65 27
0.40043 0.65633 1.98 47
0.40043 0.65635 2.88 150
-1.50754 0.94405 2.69 113
-0.08178 0.75651 3.60 325
1.75269 1.10497 3.13 197
1.68338 1.24720 3.82 414
-0.67721 0.99848 2.62 104
-0.76100 1.13217 3.97 501
-1.28222 1.41044 3.17 205
-1.33529 1.41807 3.75 379
1.36602 1.47896 3.97 503
-1.30651 1.60272 2.99 168
-0.63501 1.47984 1.90 41
-1.10370 1.68510 0.08 6
1.32883 1.86216 3.60 326
1.26346 1.90250 3.14 202
