1.08675 -2.16581 3.85 433
1.38868 -2.20757 3.35 246
0.41636 -1.57309 2.86 144
-1.20962 -1.86138 2.86 145
-0.79020 -1.47160 3.99 513
0.29306 -1.26483 0.46 9
1.86858 -1.93087 3.27 227
0.06759 -1.12235 3.92 477
-1.17450 -1.17165 3.49 285
0.66616 -0.99283 3.56 307
0.48389 -0.95534 3.70 360
0.28054 -0.77698 3.95 487
1.03439 -1.01600 4.00 515
-1.70607 -1.14535 1.74 31
-1.33010 -0.94629 2.10 61
0.05650 -0.63114 3.31 235
-1.07180 -0.73816 3.90 470
-0.47953 -0.61577 3.88 456
-1.55832 -0.82415 3.97 507
0.27722 -0.45639 3.41 261
-0.32892 -0.48107 3.94 483
-0.33447 -0.40649 2.39 82
1.25103 -0.49673 3.24 220
-1.49994 0.08255 1.16 17
1.64887 0.08208 3.87 447
-1.48783 0.61212 3.66 349
0.77731 0.71565 4.00 514
-1.30543 0.70908 3.97 508
-0.21678 0.92769 2.04 53
-1.83376 0.90893 3.27 231
0.60025 1.03365 3.50 286
0.12361 1.40537 3.45 273
0.74942 1.37931 3.73 372
-0.59790 1.48522 3.56 306
0.35454 1.53376 3.60 321
1.83586 1.40731 3.89 462
