-1.63142 -1.15539 3.82 418
0.82343 -1.43775 3.01 175
-0.41007 -1.47563 3.57 312
0.60398 -1.35451 1.79 34
0.29653 -1.22382 3.95 488
0.37858 -1.16503 2.93 159
-0.84815 -1.00528 3.66 346
0.24122 -1.03878 3.76 385
-0.75382 -0.86876 2.23 67
-0.66217 -0.82224 3.44 269
-1.50342 -0.16911 3.75 384
-0.89518 -0.62870 2.27 74
-0.55014 -0.68297 2.47 91
-0.36691 -0.76208 2.68 110
-0.15343 -0.60126 3.38 254
-1.02854 -0.00014 3.52 293
-1.03245 0.48441 3.23 219
-0.06638 -0.13462 3.98 509
-0.42596 0.29205 3.21 216
0.00208 0.77292 2.02 51
