-0.94351 -1.52353 3.63 338
1.14040 -1.39244 1.65 27
-1.67798 -1.18424 3.41 262
-0.07187 -1.29717 2.85 141
-0.19071 -1.26861 3.83 419
0.68564 -1.16750 2.69 113
-1.30285 -0.91185 3.00 171
1.35534 -0.74521 2.62 104
-0.59195 -0.83443 3.39 257
1.21068 -0.66601 3.97 501
-0.53678 -0.71927 2.12 62
-0.02258 -0.81391 2.89 151
0.68632 -0.67669 3.17 205
0.64634 -0.69367 3.75 379
-1.18217 -0.47223 2.26 73
-0.14812 -0.66626 3.77 391
0.60646 -0.54242 2.99 168
1.15179 -0.31839 1.90 41
-0.48334 -0.50553 3.80 404
0.71828 -0.39325 0.08 6
-0.15341 -0.38045 3.01 175
-1.26370 -0.03401 3.57 312
-0.30644 -0.25505 1.79 34
-0.52837 -0.05798 3.95 488
-0.43573 -0.03686 2.93 159
-1.58432 0.54881 3.66 346
0.92540 0.16256 3.72 368
-0.51520 0.11252 3.76 385
-1.44463 0.64214 2.23 67
-1.33302 0.64919 3.44 269
-1.53157 0.94690 2.27 74
-1.17192 0.73850 2.47 91
-1.00711 0.58552 2.68 110
-0.73849 0.65176 3.38 254
-0.47961 1.07848 3.98 509
-0.69374 1.73665 3.21 216
