-0.31243 -1.75722 1.96 45
0.32707 -1.74939 3.54 301
1.11371 -2.00086 3.89 463
-1.75071 -2.23138 -0.72 2
-0.76707 -1.74251 3.47 279
-0.36093 -1.63939 3.62 332
1.70793 -2.17230 3.96 498
1.71332 -2.03095 2.60 100
-1.50068 -1.89432 2.93 160
1.97524 -2.16243 3.91 475
0.84135 -1.51474 2.69 114
0.75736 -1.40922 3.84 428
-0.69575 -1.33478 1.78 33
-0.15454 -1.23850 3.75 380
-0.38765 -1.23274 3.84 426
-0.33640 -1.18875 3.91 472
-0.12193 -1.01550 2.21 66
-1.82126 -1.48417 3.17 206
-1.17655 -1.21495 3.25 224
0.56953 -0.98446 3.85 437
-0.82154 -0.90676 2.25 71
0.11208 -0.84292 3.60 327
-0.94477 -0.97109 3.73 374
-1.41312 -0.89099 2.70 117
-1.05301 -0.83949 3.61 328
-0.44175 -0.57556 3.97 502
-0.41058 -0.45541 3.68 352
1.63326 -0.62487 3.54 302
-1.42976 -0.41007 2.45 89
-1.16706 -0.33079 3.96 497
-1.70125 -0.29732 1.84 36
-1.59895 -0.29594 3.85 436
-0.89824 -0.02202 2.81 134
-1.13558 -0.08828 3.34 242
1.20627 0.40354 3.11 193
0.86735 0.39925 3.81 412
1.68483 0.43181 3.56 309
0.68134 0.66552 3.61 329
-1.41939 0.78667 3.93 481
0.10371 0.89107 1.98 48
-0.78484 1.16582 3.90 468
0.28865 1.34416 3.91 473
-0.08407 1.57006 3.88 457
