-0.79875 -1.80137 2.17 64
-0.84325 -1.78398 3.86 443
0.73121 -1.76615 3.87 455
0.42683 -1.60745 2.30 78
-0.04516 -1.56864 2.55 95
0.19909 -1.49326 3.55 305
0.88137 -1.52197 3.37 253
-0.01369 -1.40494 3.87 454
0.62455 -1.35842 2.68 112
0.37888 -1.25930 2.31 79
-0.10998 -1.25941 3.04 184
0.63735 -1.29454 3.13 200
-0.01836 -1.23452 3.83 421
1.05792 -1.33439 2.78 129
-0.11193 -1.21085 3.41 263
0.89963 -1.25790 3.22 217
-0.31573 -1.08444 3.88 459
1.40273 -1.25738 3.41 265
0.46541 -1.00316 4.00 518
0.07441 -0.89366 2.06 58
-0.44043 -0.93644 2.75 123
0.93891 -0.99109 3.56 310
1.33593 -0.92495 3.95 492
1.20857 -0.65704 3.66 347
1.46740 -0.68228 3.88 461
1.20129 -0.55752 3.58 319
1.53160 -0.50550 2.89 153
0.07605 -0.35665 3.27 229
0.78782 -0.32859 3.29 233
-1.08459 -0.26197 2.65 108
-0.50603 -0.18637 3.00 174
1.59457 -0.30419 2.32 80
-1.43634 -0.27426 3.00 173
1.72050 -0.20795 3.96 499
1.70919 -0.15225 2.62 105
-1.40174 0.03268 2.59 99
0.65947 0.19000 2.75 124
-1.20183 0.11692 2.95 163
1.29615 0.20697 3.91 476
-0.46160 0.46583 0.98 15
1.06218 0.53997 2.61 103
0.59330 0.77155 3.88 460
1.63704 0.87960 3.53 296
-1.13987 1.01490 3.65 343
-1.13987 1.01490 3.68 353
-0.35732 1.07058 3.37 252
-1.50313 1.06245 3.89 464
0.67007 1.22404 3.72 369
-0.95520 1.32409 3.38 256
1.75527 1.42111 3.71 365
1.65822 1.55873 2.65 109
