1.68175 -1.81372 3.54 299
1.48685 -1.77472 3.73 373
-1.61947 -1.73614 3.56 306
-0.54071 -1.63576 3.60 321
0.86378 -1.69692 3.89 462
0.27902 -1.28966 3.04 183
0.60590 -0.91237 3.47 276
0.87772 -0.85766 2.53 94
1.84564 -0.70392 3.91 471
1.18172 -0.55397 3.60 322
1.21197 -0.51058 3.74 376
1.72018 -0.29960 3.47 277
-1.46452 -0.16483 2.83 138
-0.36762 -0.24141 3.62 331
-0.06648 0.04315 2.64 106
0.08747 0.18448 2.00 49
1.38616 0.35377 2.87 146
1.41112 0.35540 3.63 339
1.34833 0.34723 3.70 361
1.35956 0.36444 3.87 448
0.60143 0.41771 3.63 338
-1.39374 0.65690 2.06 55
-0.08096 0.51364 3.41 262
-0.96471 0.67287 3.27 226
1.39852 0.83166 2.85 141
1.26063 0.82180 3.83 419
0.10741 0.81517 3.00 171
-0.56912 0.88786 2.06 56
0.72446 1.10601 3.39 257
-0.70425 1.08133 3.87 446
0.74539 1.24263 2.12 62
1.35288 1.35048 2.89 151
0.04135 1.24889 2.26 73
1.16439 1.46342 3.77 391
0.73377 1.49552 3.80 404
-1.57495 1.92244 3.82 418
1.07868 1.80822 3.01 175
-0.22019 1.66846 3.57 312
0.85265 1.88519 1.79 34
