0.46147 -1.25764 3.83 422
0.63929 -1.53455 3.89 466
-0.28140 -0.80616 4.00 517
0.21739 -0.67788 3.87 452
-0.86832 -1.16560 3.95 490
0.34859 -0.68243 3.62 333
-0.39217 -0.60941 3.32 238
-1.06858 -1.25193 3.78 398
-0.66204 -0.72955 1.68 28
1.25044 -1.42621 1.92 42
0.27231 -0.52118 2.69 115
0.98974 -0.94678 2.89 152
0.32910 -0.47801 3.05 186
-1.18293 -1.14106 3.98 511
0.02959 -0.35899 3.64 341
-0.99587 -0.74012 3.77 392
-0.81455 -0.60962 4.00 516
-0.62404 -0.41265 3.01 176
-0.32678 -0.27059 2.76 125
0.98558 -0.64172 3.19 212
0.27945 -0.19006 1.33 20
0.27950 -0.19008 1.73 30
1.39678 -0.96101 2.85 142
-0.02543 -0.16058 3.13 199
1.46799 -1.09969 3.85 440
-0.69400 -0.29072 3.69 358
-0.89657 -0.39028 3.97 504
-0.42603 -0.14550 3.32 239
-0.52448 -0.15489 3.40 259
1.12584 -0.45057 -0.01 4
0.92603 -0.28101 0.61 11
1.12585 -0.45060 1.33 21
0.27060 -0.04257 3.59 320
-1.04604 -0.37727 3.84 427
0.45174 -0.04152 1.25 18
-1.28438 -0.48273 1.86 38
-0.95283 -0.22555 2.25 72
0.24170 0.05051 2.80 133
-1.00167 -0.23456 3.44 270
-0.31864 0.03308 3.78 399
-0.49471 -0.00022 3.82 415
-0.21462 0.04177 3.91 474
0.36840 0.11857 1.63 24
-0.92110 -0.06583 3.13 198
-1.04312 -0.00075 2.50 93
-1.32874 -0.15655 1.96 45
-0.79307 0.14052 3.54 301
-0.14699 0.28821 3.89 463
0.94796 0.14294 2.30 77
-1.43123 -0.09827 3.62 332
0.25858 0.39303 3.96 498
0.24127 0.48487 2.60 100
0.41355 0.48950 3.91 475
-0.46721 0.52571 2.69 114
0.54588 0.53649 2.17 64
-0.56609 0.57430 3.84 428
0.51713 0.56618 3.86 443
1.25250 0.39834 2.55 95
-1.44740 0.31161 3.75 380
1.51895 0.34620 3.55 305
-1.65948 0.26461 3.91 472
1.36023 0.51571 3.87 454
-1.54186 0.52357 2.21 66
1.34084 0.68414 3.04 184
1.44427 0.66523 3.83 421
-0.88482 0.86326 3.85 437
1.36388 0.72873 3.41 263
-1.39977 0.79915 3.60 327
1.22703 0.93657 3.88 459
1.74768 0.95515 2.06 58
1.17619 1.13771 2.75 123
-0.08942 1.62527 3.54 302
