1.66043 -2.71964 2.76 125
-1.16628 -2.23229 3.85 433
-1.02485 -1.91750 3.35 246
1.31788 -2.14677 3.69 358
-0.46023 -1.64893 3.76 387
1.07105 -1.93590 3.97 504
0.05732 -1.54606 3.27 228
1.72042 -2.46772 3.32 239
1.61570 -2.31526 3.40 259
0.99332 -1.75088 3.84 427
0.76774 -1.55141 1.86 38
1.20332 -1.77591 2.25 72
1.16219 -1.72390 3.44 270
1.83182 -2.26516 3.82 415
1.39070 -1.72373 3.13 198
1.36985 -1.54808 2.50 93
-1.04574 -1.36649 3.27 227
1.04137 -1.34086 1.96 45
1.71621 -1.76028 3.54 301
-0.13548 -0.97391 -0.72 2
0.65143 -1.07918 3.47 279
1.03779 -1.21694 3.62 332
-0.45974 -0.91851 3.85 434
0.08686 -0.85114 2.93 160
0.83898 -0.78982 1.78 33
1.39775 -0.99222 3.75 380
1.16060 -0.85888 3.84 426
1.22851 -0.84738 3.91 472
1.52809 -0.80602 2.21 66
-0.02187 -0.43793 3.17 206
0.48327 -0.47968 3.25 224
-1.53202 -0.73186 3.86 442
-0.40299 -0.44196 3.96 495
0.86979 -0.36964 2.25 71
0.74184 -0.37380 3.73 374
0.39490 -0.13070 2.70 117
0.69212 -0.21876 3.61 328
-0.53189 -0.07416 3.12 196
-0.75453 -0.09118 3.87 450
1.36373 -0.22775 3.97 502
-0.67124 -0.00068 2.64 107
-1.59385 -0.22041 3.96 494
-1.68136 -0.23592 3.56 308
1.44806 -0.12290 3.68 352
-0.19828 0.07872 3.85 435
0.11023 0.13100 3.96 496
-0.22716 0.25767 3.02 179
-1.51038 0.02149 3.82 413
0.51627 0.27876 2.45 89
0.21761 0.31670 1.50 23
0.75613 0.27037 3.96 497
0.25692 0.37103 3.47 278
0.34226 0.45058 1.84 36
0.41851 0.42505 3.85 436
1.11190 0.48414 2.81 134
0.86397 0.48750 3.34 242
0.17423 0.57856 3.87 451
0.28538 0.59419 3.02 180
-1.23540 0.58031 3.19 211
-0.70672 0.64317 3.60 324
-0.93938 0.71731 2.84 140
-0.62857 0.74015 3.81 411
-0.04315 0.85693 3.95 489
-0.22864 0.92920 1.98 46
-0.90813 0.89674 2.58 98
0.06889 1.00420 -1.46 1
-1.21553 0.96567 3.31 236
-0.73476 1.09390 3.55 304
-0.60557 1.14162 3.71 363
-1.80772 1.01852 3.87 449
-0.76700 1.42265 2.06 57
0.90546 1.42431 3.93 481
-1.30985 1.49601 0.12 7
-1.27989 1.59556 3.60 323
-0.37942 1.66350 3.98 510
-0.99873 1.67466 2.77 126
-1.47806 1.71823 2.79 130
