-1.50758 -0.93272 3.75 383
1.49263 -0.98563 2.23 67
1.46954 -0.87519 3.44 269
0.39547 -1.49359 3.35 247
0.53048 -1.44446 3.75 384
1.18096 -1.03710 2.27 74
1.34885 -0.71140 2.47 91
1.49723 -0.55163 2.68 110
-0.23556 -1.28337 3.43 268
-0.00938 -1.25387 2.44 88
1.38419 -0.27860 3.38 254
-1.20298 -0.35456 3.17 208
0.49563 -0.93993 3.52 293
-0.64230 -0.77144 3.07 188
0.03947 -0.78203 3.23 219
-0.41493 -0.71735 3.83 424
-1.00122 0.26277 3.05 187
-0.65498 -0.39761 3.57 315
0.90510 -0.04938 3.98 509
-0.86174 0.37714 2.08 59
0.37631 -0.27679 3.21 216
0.03832 0.25776 2.02 51
