0.06407 -1.65563 2.65 109
1.16531 -1.42214 3.20 213
-0.07449 -1.38284 3.80 407
-0.07448 -1.38273 3.80 408
1.72733 -1.15139 2.08 60
1.35949 -1.06763 3.48 283
0.08400 -1.08086 3.67 351
0.22300 -1.06459 3.85 439
-1.45770 -0.79410 2.68 111
-1.13464 -0.78912 -0.04 3
0.55037 -0.84571 3.75 381
0.64447 -0.70371 2.77 127
1.20635 -0.43654 3.14 203
0.23598 -0.48138 2.00 50
-0.06361 -0.44236 2.23 69
0.03300 -0.46534 3.84 430
-0.66376 -0.38645 2.70 118
1.59520 -0.17654 3.42 266
-0.14189 -0.31200 3.68 354
1.72491 -0.04370 3.70 362
-0.79599 -0.18562 3.58 318
0.93740 -0.13102 3.92 478
0.70282 -0.13082 2.81 135
-0.27220 -0.08144 3.47 280
1.03899 0.22706 3.16 204
1.52743 0.40291 3.86 444
-0.71797 0.24228 3.03 181
0.65820 0.26567 3.53 297
-0.38772 0.30786 3.50 287
1.16053 0.81811 3.80 409
0.37268 0.63208 3.89 465
-1.03089 0.97765 1.86 39
1.22015 1.20571 2.23 70
0.95966 1.14234 2.79 131
-1.13700 1.40476 2.27 75
-1.13695 1.40448 3.95 491
-1.37701 1.62735 1.77 32
1.07019 1.50997 3.75 383
-1.69305 1.96349 3.31 237
-0.11281 1.35482 3.29 234
0.31161 1.54609 2.74 122
-0.63338 1.84998 3.65 344
