1.96516 -1.89338 3.56 309
0.75140 -1.59276 3.61 329
-1.52233 -1.44946 3.93 481
0.10866 -1.33214 1.98 48
-0.77512 -1.04785 3.90 468
0.27484 -0.88016 3.91 473
-0.07657 -0.68426 3.88 457
-1.44028 -0.49401 0.38 8
-0.32995 -0.48259 3.11 192
-0.44588 -0.45507 3.38 255
-1.61679 -0.29870 2.90 156
-0.85624 -0.29041 3.52 290
0.27821 -0.26951 3.52 291
0.98921 -0.27732 3.85 438
1.78591 -0.14697 3.94 485
0.63729 -0.14705 1.35 22
1.58004 0.12978 3.34 243
0.60917 0.11178 3.52 292
-1.69558 0.21329 3.58 317
-0.44892 0.17834 3.94 484
0.76619 0.29185 2.61 102
0.76626 0.29179 3.80 406
1.53544 0.43147 2.56 96
-1.61336 0.53516 3.53 295
0.31867 0.47655 2.98 167
0.70981 0.48529 3.44 271
-1.23036 0.61214 3.57 313
0.40016 0.60410 3.88 458
-1.47623 0.87031 3.79 401
-1.19375 0.82395 1.14 16
-1.31436 1.09281 1.98 47
-1.31436 1.09282 2.88 150
1.48999 1.21957 3.48 282
-1.92158 1.42206 3.60 325
0.01224 1.07012 3.13 197
1.13252 1.19875 3.83 420
-0.01321 1.21609 3.82 414
0.70433 1.58700 3.05 185
-0.21486 1.54125 3.97 503
0.63697 1.67204 3.45 274
1.25903 1.96716 3.01 177
