1.64091 -1.29091 3.16 204
-1.45144 -1.24849 2.90 157
-0.32538 -1.51464 3.03 181
1.18593 -1.29841 3.53 297
0.02163 -1.39236 3.50 287
1.54274 -0.62071 3.80 409
0.76998 -0.92490 3.89 465
-0.64925 -0.77222 1.86 39
1.46831 -0.25123 2.23 70
1.23066 -0.34513 2.79 131
-1.44774 -0.09605 2.44 87
-0.73795 -0.40963 2.27 75
-0.73792 -0.40986 3.95 491
-0.93307 -0.26293 1.77 32
1.23118 -0.01985 3.75 383
-1.16587 -0.05480 3.31 237
0.17132 -0.31330 3.29 234
-1.36955 0.51203 1.79 35
0.52759 -0.09908 2.74 122
-0.31761 0.00180 3.65 344
0.68454 0.21802 3.17 208
1.13162 0.78518 3.07 188
-0.90182 0.64432 3.84 429
-0.64757 0.45650 3.87 453
1.08840 1.02838 3.83 424
0.08626 0.36806 3.05 187
0.73379 0.74453 3.57 315
-0.03409 0.49063 2.08 59
0.60435 1.97388 3.21 216
0.00532 1.46503 2.02 51
