-0.25646 -1.69755 2.64 107
-1.27563 -1.85967 3.96 494
-1.36845 -1.86791 3.56 308
0.27916 -1.65466 3.85 435
0.63789 -1.62530 3.96 496
0.25807 -1.42800 3.02 179
-1.11645 -1.57133 3.82 413
1.11424 -1.48384 2.45 89
0.76003 -1.40354 1.50 23
1.40934 -1.52265 3.96 497
0.80358 -1.34169 3.47 278
0.89789 -1.25540 1.84 36
0.98709 -1.29309 3.85 436
1.81401 -1.29083 2.81 134
1.50786 -1.26187 3.34 242
0.70595 -1.09401 3.87 451
0.82776 -1.08578 3.02 180
-0.71377 -0.98502 3.19 211
-0.19995 -0.95821 3.60 324
-0.41176 -0.86843 2.84 140
-0.11187 -0.86556 3.81 411
0.47787 -0.78543 3.95 489
0.29485 -0.70399 1.98 46
-0.35478 -0.69854 2.58 98
0.59316 -0.64766 -1.46 1
-0.61959 -0.62041 3.31 236
-0.16994 -0.52755 3.55 304
-0.04684 -0.49071 3.71 363
-1.11175 -0.54825 3.87 449
-1.75421 -0.56773 2.95 162
-0.16078 -0.24904 2.06 57
1.42013 -0.29506 3.93 481
-0.60561 -0.17866 0.12 7
-0.56497 -0.10414 3.60 323
0.19618 -0.06834 3.98 510
-0.32540 -0.05008 2.77 126
-0.70102 -0.01169 2.79 130
-1.16018 0.07491 3.93 480
-0.47506 0.13666 3.36 248
-0.28268 0.12682 3.81 410
-0.31728 0.20147 1.70 29
-0.25605 0.16200 2.05 54
-0.37443 0.24986 2.23 68
-0.90380 0.40262 3.72 367
1.42424 0.57736 0.38 8
-0.95310 0.58352 3.69 357
-1.72438 0.63808 3.91 471
-0.47255 0.61426 1.64 26
-0.97544 0.66267 3.19 210
-0.06504 0.66886 0.50 10
1.23676 0.75329 2.90 156
-0.33754 0.81410 3.54 300
0.62376 0.99613 3.36 249
-1.78978 1.06604 3.47 277
-1.32059 1.23714 3.40 258
-1.46594 1.23807 3.65 342
-1.32221 1.24336 3.84 425
-1.20613 1.26640 0.85 13
0.52030 1.20432 1.93 43
1.11271 1.25855 3.58 317
-1.41873 1.36139 3.76 386
-1.32956 1.46172 3.53 294
0.90760 1.50435 3.79 400
-0.30912 1.49814 3.00 172
1.15601 1.63352 3.53 295
0.31835 1.59033 2.88 149
0.20584 1.58586 3.28 232
-2.08916 1.98285 2.87 146
1.56490 1.88487 3.57 313
-2.05520 1.97001 3.63 339
-2.14237 1.99717 3.70 361
-2.12413 2.01378 3.87 448
