1.16837 -1.63238 3.71 366
1.06226 -1.46297 0.77 12
-1.57488 -1.39356 3.20 213
-0.47562 -1.43960 3.73 375
0.97096 -1.34957 2.72 120
-0.93147 -1.22416 2.08 60
0.35196 -1.17026 2.99 170
-1.21534 -1.08246 3.48 283
1.72839 -1.00899 3.63 340
1.73523 -0.91752 3.77 395
0.90244 -0.85422 3.82 417
1.05126 -0.78034 3.47 281
-1.77834 -0.53548 2.77 127
-0.20652 -0.71192 3.84 431
-1.07038 -0.45918 3.14 203
0.60466 -0.34370 3.08 190
-0.64077 -0.35306 3.42 266
-0.38114 -0.31918 3.83 423
-0.49452 -0.28379 3.70 362
-1.17929 -0.08220 3.92 478
-1.41386 0.01620 2.81 135
0.21191 -0.11792 3.24 223
1.46685 0.17696 2.46 90
0.11176 -0.08554 3.45 275
0.84413 0.08595 3.89 467
-0.92327 0.19979 3.16 204
-0.46496 0.14644 3.86 444
-0.03173 0.20118 0.03 5
-1.26228 0.41605 3.53 297
1.74665 0.54027 3.72 371
1.07088 0.43731 2.20 65
1.45364 0.62543 3.94 486
1.48103 0.81784 3.72 370
1.19468 0.78544 1.25 19
0.62405 0.60731 2.87 147
0.88719 0.76855 3.79 403
-0.57311 0.64707 3.80 409
-1.37414 0.92833 3.89 465
0.89151 0.82880 3.98 512
-0.37511 0.92891 2.23 70
0.42839 0.95200 3.79 402
-0.59629 1.02252 2.79 131
0.31016 1.03070 3.77 394
-0.36412 1.25382 3.75 383
-1.53105 2.00210 3.29 234
1.70166 2.08263 3.35 247
1.85966 2.25954 3.75 384
-0.97922 1.81071 2.74 122
0.89224 1.78536 3.43 268
1.11689 1.99152 2.44 88
-1.90261 3.06180 3.65 344
