0.12145 -0.49657 3.83 422
0.37312 -0.60482 3.89 466
0.67757 -1.44837 3.76 389
-0.70474 -0.55961 4.00 517
-0.35053 -0.17777 3.87 452
-1.01946 -1.19271 3.95 490
0.99488 -1.10920 3.96 500
-0.24071 -0.11112 3.62 333
-0.91402 -0.46427 3.32 238
-1.08913 -0.72316 1.68 28
0.75441 -0.22003 1.92 42
-0.38587 -0.02000 2.69 115
0.37593 0.00917 2.89 152
-0.36090 0.04606 3.05 186
-0.68112 -0.01545 3.64 341
-1.30561 -0.71824 4.00 516
-1.24733 -0.43667 3.01 176
-1.05465 -0.13977 2.76 125
0.23865 0.24710 3.19 212
1.16239 -0.28565 3.62 336
-0.55624 0.26467 1.33 20
-0.55618 0.26468 1.73 30
0.67187 0.19487 2.85 142
-0.84305 0.12587 3.13 199
0.77549 0.12351 3.85 440
-1.39222 -0.37385 3.69 358
-1.22542 -0.08741 3.32 239
-1.31442 -0.15333 3.40 259
0.25864 0.47064 -0.01 4
0.02543 0.51546 0.61 11
0.25866 0.47062 1.33 21
-0.64547 0.38970 3.59 320
1.28736 -0.06564 3.62 335
-0.48794 0.48501 1.25 18
1.12801 0.20601 3.76 388
-0.72377 0.45787 2.80 133
-1.23467 0.13487 3.78 399
-1.38504 0.00299 3.82 415
-1.14033 0.20161 3.91 474
-0.64922 0.58574 1.63 24
1.45940 0.13562 3.34 244
1.49972 0.17100 2.85 143
1.30605 0.30024 3.13 201
-1.23032 0.46786 3.89 463
-0.16559 0.89633 2.30 77
0.61546 0.90079 3.41 264
-0.90869 0.78428 3.96 498
-0.98054 0.86343 2.60 100
-0.82229 0.95605 3.91 475
-0.72831 1.06763 2.17 64
-0.77198 1.08214 3.86 443
0.67217 1.09714 3.87 455
0.40734 1.23637 2.30 78
-0.04350 1.27205 2.55 95
0.19536 1.34330 3.55 305
0.85878 1.31585 3.37 253
-0.01373 1.43025 3.87 454
0.63400 1.47763 2.68 112
0.39462 1.58242 2.31 79
-0.11455 1.58231 3.04 184
0.65774 1.54455 3.13 200
-0.01925 1.60949 3.83 421
1.08057 1.50254 2.78 129
-0.11808 1.63567 3.41 263
0.93735 1.58395 3.22 217
