-0.19947 -1.72876 1.25 19
-0.80424 -1.63735 2.87 147
-0.47722 -1.59399 3.79 403
1.58600 -1.18500 3.82 418
-0.44599 -1.53191 3.98 512
0.84148 -1.25554 3.77 397
-1.56455 -0.75791 2.23 70
-0.79746 -1.17134 3.79 402
-0.86111 -1.03581 3.77 394
-1.33262 -0.48927 3.75 383
1.54970 -0.30353 2.23 67
0.51258 -0.84686 3.35 247
0.63695 -0.79383 3.75 384
1.24616 -0.37615 2.27 74
1.40730 -0.05474 2.47 91
-0.09453 -0.70810 3.43 268
0.11611 -0.66491 2.44 88
-1.12896 0.07864 3.17 208
0.57853 -0.33991 3.52 293
-0.53206 -0.27301 3.07 188
0.12666 -0.22851 3.23 219
-0.31887 -0.20407 3.83 424
-1.02037 0.71876 3.05 187
-0.58772 0.08261 3.57 315
0.94721 0.56750 3.98 509
-0.89524 0.85218 2.08 59
0.42299 0.28965 3.21 216
0.04010 0.80943 2.02 51
