0.36417 -0.88367 3.83 422
0.56520 -1.10478 3.89 466
0.52044 -2.11094 3.76 389
-0.41536 -0.58741 4.00 517
0.05112 -0.38177 3.87 452
-0.93670 -1.03208 3.95 490
0.17802 -0.36471 3.62 333
-0.55734 -0.41664 3.32 238
-1.12200 -1.15021 3.78 398
-0.80682 -0.57867 1.68 28
1.10810 -0.90277 1.92 42
0.08135 -0.22266 2.69 115
0.81582 -0.50882 2.89 152
0.13002 -0.17200 3.05 186
-1.25828 -1.06607 3.98 511
-0.17999 -0.10418 3.64 341
-1.14308 -0.64667 3.77 392
-0.98238 -0.48814 4.00 516
-0.82428 -0.26284 3.01 176
-0.54871 -0.07423 2.76 125
0.77500 -0.22434 3.19 212
0.03962 0.10038 1.33 20
0.03968 0.10037 1.73 30
1.18950 -0.45648 2.85 142
-0.26557 0.08220 3.13 199
1.26852 -0.57190 3.85 440
-0.91735 -0.15363 3.69 358
-1.10675 -0.28601 3.97 504
-0.67024 0.03420 3.32 239
-0.76866 0.00917 3.40 259
0.88262 -0.02155 -0.01 4
0.67416 0.11053 0.61 11
0.88264 -0.02157 1.33 21
0.00894 0.24451 3.59 320
-1.26359 -0.29813 3.84 427
0.18621 0.27285 1.25 18
-1.49095 -0.44358 1.86 38
-1.19606 -0.13097 2.25 72
-0.03361 0.33269 2.80 133
-1.24505 -0.14805 3.44 270
-0.59203 0.23005 3.78 399
-0.76562 0.16916 3.82 415
-0.48816 0.25479 3.91 474
0.08117 0.41944 1.63 24
-1.19367 0.03523 3.13 198
-1.33402 0.08176 2.50 93
-1.09957 0.26561 3.54 301
-0.46097 0.51453 3.89 463
0.64074 0.52783 2.30 77
1.40950 0.24603 3.41 264
-0.06929 0.68025 3.96 498
-0.10087 0.77157 2.60 100
0.07055 0.80048 3.91 475
-0.83166 0.71239 2.69 114
0.19495 0.86683 2.17 64
-0.94385 0.74880 3.84 428
0.16210 0.89322 3.86 443
1.54425 0.41067 3.87 455
1.32742 0.63710 2.30 78
0.89966 0.82410 2.55 95
1.15776 0.80840 3.55 305
0.98809 0.95605 3.87 454
1.65088 0.78172 2.68 112
1.44652 0.95969 2.31 79
0.94938 1.12339 3.04 184
1.70099 0.83584 3.13 200
1.05040 1.11764 3.83 421
-1.33836 1.00968 3.85 437
0.96607 1.17162 3.41 263
0.80842 1.36712 3.88 459
1.68577 1.19106 4.00 518
1.30565 1.45043 2.06 58
0.73304 1.56986 2.75 123
