0.30428 -1.77013 3.83 422
0.56900 -1.99847 3.89 466
0.77001 -3.40539 3.76 389
-0.60084 -1.57887 4.00 517
-0.12086 -1.24393 3.87 452
-1.16687 -2.26978 3.95 490
0.01025 -1.20054 3.62 333
-0.77876 -1.40446 3.32 238
-1.38861 -2.48164 3.78 398
-1.04747 -1.65267 1.68 28
1.08833 -1.63409 1.92 42
-0.11404 -1.06043 2.69 115
0.69522 -1.24154 2.89 152
-0.07137 -0.99618 3.05 186
-0.40560 -0.97741 3.64 341
-1.43891 -1.81345 3.77 392
-1.25761 -1.57951 4.00 516
-1.09184 -1.27760 3.01 176
-0.80358 -1.01082 2.76 125
0.59213 -0.93948 3.19 212
-0.20574 -0.72114 1.33 20
-0.20568 -0.72114 1.73 30
1.05397 -1.11540 2.85 142
-0.51894 -0.79115 3.13 199
1.16103 -1.22682 3.85 440
-1.20410 -1.16940 3.69 358
-1.41261 -1.36159 3.97 504
-0.94525 -0.91302 3.32 239
-1.05051 -0.95817 3.40 259
0.65446 -0.71031 -0.01 4
0.42528 -0.60914 0.61 11
0.65448 -0.71034 1.33 21
-0.25735 -0.57723 3.59 320
-1.59455 -1.40834 3.84 427
-0.08340 -0.52097 1.25 18
-1.52172 -1.19719 2.25 72
1.57891 -1.23507 3.76 388
-0.31232 -0.49436 2.80 133
-1.57752 -1.22670 3.44 270
-0.87837 -0.68899 3.78 399
-1.05921 -0.78303 3.82 415
-0.77106 -0.64600 3.91 474
-0.20932 -0.39053 1.63 24
-1.52484 -1.00654 3.13 198
-1.42883 -0.73603 3.54 301
-0.76788 -0.37634 3.89 463
0.31577 -0.20632 2.30 77
1.08946 -0.36683 3.41 264
-0.39243 -0.15868 3.96 498
-0.43450 -0.07639 2.60 100
-0.27140 -0.02680 3.91 475
-1.16609 -0.23417 2.69 114
-0.16105 0.05030 2.17 64
-1.28495 -0.21434 3.84 428
-0.19596 0.07027 3.86 443
1.17182 -0.19387 3.87 455
0.92564 -0.01553 2.30 78
0.50180 0.09904 2.55 95
0.73764 0.11634 3.55 305
1.38494 -0.03214 3.37 253
0.55682 0.22575 3.87 454
1.17759 0.15155 2.68 112
0.96031 0.28115 2.31 79
0.49132 0.36527 3.04 184
1.20817 0.20408 3.13 200
0.58178 0.37146 3.83 421
-1.70740 -0.01523 3.85 437
1.62634 0.09104 2.78 129
0.49735 0.40791 3.41 263
1.48776 0.18776 3.22 217
0.32420 0.55431 3.88 459
1.11410 0.49963 4.00 518
0.73911 0.67106 2.06 58
0.22522 0.71172 2.75 123
1.62431 0.42711 3.56 310
-1.04977 0.88409 3.54 302
0.86726 1.24849 3.27 229
1.71637 1.17548 3.29 233
-0.34945 1.51386 2.65 108
0.25886 1.53279 3.00 174
-0.69323 1.54166 3.00 173
