-1.33032 -2.34386 2.76 125
0.27565 -1.78021 3.19 212
1.51895 -2.58432 3.62 336
-0.64003 -1.75685 1.33 20
-0.63995 -1.75684 1.73 30
0.78497 -1.85069 2.85 142
-1.00018 -1.94634 3.13 199
0.92051 -1.94965 3.85 440
-1.85973 -2.73828 3.69 358
-1.52670 -2.26157 3.32 239
-1.66335 -2.36551 3.40 259
0.28486 -1.49584 -0.01 4
0.02775 -1.44197 0.61 11
0.28488 -1.49586 1.33 21
-0.72307 -1.59570 3.59 320
1.59570 -2.22796 3.62 335
-0.53581 -1.47846 1.25 18
1.31467 -1.83552 3.76 388
-0.79926 -1.51137 2.80 133
-1.46184 -1.93369 3.78 399
-1.68966 -2.12418 3.82 415
-1.33032 -1.84151 3.91 474
-0.69833 -1.35948 1.63 24
1.72764 -1.93264 3.34 244
1.76144 -1.88345 2.85 143
1.49127 -1.71012 3.13 201
-1.35584 -1.49921 3.89 463
-0.16756 -1.02142 2.30 77
0.62223 -1.01687 3.41 264
-0.93958 -1.13865 3.96 498
-0.99845 -1.05532 2.60 100
-0.82267 -0.96096 3.91 475
-0.71362 -0.85159 2.17 64
-0.75438 -0.83769 3.86 443
0.65503 -0.82341 3.87 455
0.38705 -0.69449 2.30 78
-0.04107 -0.66248 2.55 95
0.18214 -0.59976 3.55 305
0.80453 -0.62374 3.37 253
-0.01261 -0.52532 3.87 454
0.57745 -0.48570 2.68 112
0.35306 -0.40030 2.31 79
-0.10249 -0.40040 3.04 184
0.59226 -0.43082 3.13 200
-0.01714 -0.37874 3.83 421
0.97998 -0.46512 2.78 129
-0.10470 -0.35807 3.41 263
0.83841 -0.39908 3.22 217
-0.29835 -0.24633 3.88 459
1.30732 -0.39863 3.41 265
0.44268 -0.17327 4.00 518
0.07141 -0.07332 2.06 58
-0.42120 -0.11258 2.75 123
0.89394 -0.16234 3.56 310
1.27881 -0.10206 3.95 492
1.18271 0.14890 3.66 347
1.43298 0.12478 3.88 461
1.18541 0.24501 3.58 319
1.51800 0.29589 2.89 153
0.07633 0.44395 3.27 229
0.79265 0.47230 3.29 233
-1.09751 0.54013 2.65 108
-0.51541 0.61804 3.00 174
1.60772 0.49705 2.32 80
-1.45191 0.52756 3.00 173
1.74913 0.59570 3.96 499
1.74605 0.65355 2.62 105
-1.45538 0.84970 2.59 99
0.69436 1.02167 2.75 124
-1.25718 0.94118 2.95 163
1.36680 1.04051 3.91 476
-0.49835 1.33522 0.98 15
1.15461 1.42222 2.61 103
0.65905 1.70185 3.88 460
