0.08762 -1.64715 2.21 66
-1.71841 -2.05775 3.17 206
-1.03324 -1.79846 3.25 224
0.84753 -1.66219 3.85 437
-0.64192 -1.47411 2.25 71
0.34464 -1.46445 3.60 327
-0.77343 -1.53803 3.73 374
-1.23734 -1.41811 2.70 117
-0.87196 -1.38430 3.61 328
-0.23009 -1.13119 3.97 502
-0.19198 -1.00266 3.68 352
-1.66983 -1.23364 3.96 496
-1.20187 -0.90396 2.45 89
-1.57207 -0.96918 1.50 23
-0.93931 -0.83402 3.96 497
-1.53498 -0.89293 3.47 278
-1.44857 -0.77579 1.84 36
-1.35147 -0.77885 3.85 436
-0.65217 -0.52931 2.81 134
-0.88735 -0.58724 3.34 242
-1.68801 -0.68884 3.87 451
-1.55160 -0.63796 3.02 180
1.50031 -0.16538 3.11 193
1.14165 -0.16035 3.81 412
0.94313 0.10913 3.61 329
-1.07469 0.25890 3.93 481
0.36564 0.33450 1.98 48
-0.46650 0.59364 3.90 468
0.54993 0.74893 3.91 473
0.19969 0.94794 3.88 457
-1.18737 1.14051 0.38 8
-0.06509 1.16371 3.11 192
-0.18745 1.19317 3.38 255
-1.40960 1.35401 2.90 156
-0.63232 1.37584 3.52 290
0.59972 1.42084 3.52 291
1.41679 1.42465 3.85 438
1.02893 1.58274 1.35 22
