1.48427 -1.89869 2.45 89
1.08586 -1.78732 1.50 23
1.82316 -1.96125 3.96 497
1.13235 -1.72015 3.47 278
1.23429 -1.62823 1.84 36
1.33465 -1.67511 3.85 436
1.92357 -1.66681 3.34 242
1.01911 -1.43987 3.87 451
1.15213 -1.43612 3.02 180
-0.46163 -1.26555 3.19 211
0.05921 -1.25624 3.60 324
-0.15606 -1.15384 2.84 140
0.15030 -1.16101 3.81 411
0.76759 -1.09529 3.95 489
0.57304 -1.00252 1.98 46
-0.09647 -0.97783 2.58 98
0.88821 -0.95115 -1.46 1
-0.36073 -0.88972 3.31 236
0.09228 -0.80482 3.55 304
0.21798 -0.76939 3.71 363
-0.84050 -0.80419 3.87 449
-1.44952 -0.80909 2.95 162
0.10293 -0.51828 2.06 57
-1.69816 -0.59918 3.54 299
1.77726 -0.59251 3.93 481
-0.33913 -0.44088 0.12 7
-0.29799 -0.36664 3.60 323
0.46593 -0.33816 3.98 510
-0.06058 -0.31475 2.77 126
-0.42927 -0.27327 2.79 130
-0.86714 -0.18518 3.93 480
-0.20622 -0.12754 3.36 248
-0.01662 -0.13805 3.81 410
-0.05023 -0.06379 1.70 29
0.01006 -0.10312 2.05 54
-0.10607 -0.01588 2.23 68
-0.61502 0.13219 3.72 367
1.74282 0.32044 0.38 8
-0.65718 0.30523 3.69 357
-1.36692 0.34969 3.91 471
-0.19750 0.33900 1.64 26
-0.67618 0.38026 3.19 210
0.20154 0.39607 0.50 10
1.53478 0.49616 2.90 156
-0.06450 0.53255 3.54 300
0.89025 0.72524 3.36 249
-1.40661 0.74200 3.47 277
-0.97806 0.90792 3.40 258
-1.10958 0.90523 3.65 342
-0.97933 0.91354 3.84 425
-0.87285 0.93742 0.85 13
0.78212 0.92381 1.93 43
1.38690 0.99233 3.58 317
-1.06258 1.01800 3.76 386
-0.97872 1.11092 3.53 294
1.16860 1.22225 3.79 400
-0.03124 1.17569 3.00 172
1.41957 1.35434 3.53 295
0.57661 1.28252 2.88 149
0.46623 1.27435 3.28 232
-1.62517 1.54234 2.87 146
1.83469 1.61054 3.57 313
-1.59668 1.53266 3.63 339
-1.66996 1.55250 3.70 361
-1.65356 1.56746 3.87 448
0.87073 1.48340 2.98 166
1.51116 1.78977 3.79 401
1.85044 1.89438 1.14 16
-0.18205 1.66095 1.65 27
