-0.27213 -1.50852 3.84 432
-0.50587 -1.43852 2.96 165
0.53428 -1.20818 3.69 359
-1.23393 -1.06933 3.92 479
-0.41731 -1.03193 3.53 298
-0.76908 -0.80496 2.39 83
0.01964 -0.76745 3.40 260
-1.73930 -0.43624 3.63 340
0.32269 -0.52017 2.49 92
-1.68480 -0.36054 3.77 395
1.27019 -0.45636 2.83 138
0.07946 -0.07567 3.95 493
0.12070 -0.02004 3.48 284
-0.39746 0.03057 3.76 390
0.27934 0.17056 2.42 85
1.06392 0.31867 2.06 55
0.03455 0.27792 2.94 161
-1.03616 0.37881 3.20 214
1.45586 0.51203 3.27 226
-1.33882 0.67184 2.46 90
1.80722 0.93287 2.06 56
-0.93981 0.81620 3.72 371
1.57316 1.03953 3.87 446
-1.55560 1.15215 2.20 65
-1.11170 1.05516 3.94 486
0.22558 0.95599 3.62 337
-0.99082 1.19539 3.72 370
-1.23800 1.37149 1.25 19
-1.94820 1.70485 2.87 147
-1.53993 1.61151 3.79 403
0.57129 1.25109 3.82 418
-1.49793 1.66443 3.98 512
1.89179 1.96386 3.57 312
-0.08165 1.43719 3.77 397
-1.95616 2.28887 3.79 402
-2.06041 2.53232 3.77 394
1.08377 1.93888 3.66 346
