0.28657 -1.74307 3.56 309
-0.73331 -1.59182 3.61 329
-1.40495 -1.37905 1.98 48
1.50674 -0.90653 3.65 343
1.50674 -0.90653 3.68 353
-1.15430 -0.88414 3.91 473
1.14786 -0.85506 3.89 464
0.70181 -0.71254 3.61 330
-1.54423 -0.66931 3.88 457
1.70642 -0.59756 3.38 256
-1.07432 -0.23953 3.52 291
-0.35924 -0.29961 3.85 438
1.75161 -0.12360 2.83 139
0.31402 -0.23469 3.94 485
-0.68151 -0.14506 1.35 22
0.63867 -0.00545 2.14 63
0.18229 0.02429 3.34 243
-0.67989 0.11620 3.52 292
-0.50569 0.27258 2.61 102
-0.50563 0.27252 3.80 406
0.17627 0.29589 2.56 96
-0.93848 0.53169 2.98 167
-0.53833 0.47034 3.44 271
-0.83652 0.64651 3.88 458
0.21639 0.99830 3.48 282
-1.20636 1.22852 3.13 197
-0.07771 1.06021 3.83 420
-1.21709 1.39224 3.82 414
1.40489 1.55576 2.90 157
-0.42089 1.54132 3.05 185
-1.41483 1.81584 3.97 503
-0.47557 1.64498 3.45 274
0.10509 1.72164 3.01 177
