-1.14188 -1.84644 1.16 17
-0.96658 -1.23555 3.66 349
1.41766 -1.29282 4.00 514
-0.77249 -1.14787 3.97 508
0.31402 -0.99223 2.04 53
-1.18754 -0.92482 3.27 231
1.16799 -0.92999 3.50 286
0.65436 -0.55851 3.45 273
1.28196 -0.60166 3.73 372
-0.00758 -0.47192 3.56 306
0.87204 -0.45480 3.60 321
-1.21876 -0.43583 3.74 378
1.74358 -0.18228 3.04 183
-1.72597 -0.08466 3.84 432
-0.85501 0.18110 3.69 359
-1.39404 0.63988 3.40 260
-1.03547 0.87287 2.49 92
-0.08974 0.82538 2.83 138
0.98018 0.87656 3.62 331
1.33194 1.26130 2.64 106
-1.31345 1.44444 3.95 493
1.53517 1.47816 2.00 49
-1.25916 1.50660 3.48 284
-1.99289 1.72175 3.76 390
-1.05009 1.71608 2.42 85
-0.15416 1.69356 2.06 55
1.30737 1.87828 3.41 262
