-1.44984 -1.74342 3.54 302
1.98915 -1.74281 3.66 347
1.96692 -1.60970 3.58 319
0.59912 -1.23808 3.27 229
1.42404 -1.27323 3.29 233
-0.59261 -1.03584 2.65 108
-0.01384 -0.99785 3.00 174
-0.92499 -1.02284 3.00 173
-0.85327 -0.71343 2.59 99
1.24382 -0.66357 2.75 124
-0.66085 -0.64041 2.95 163
-1.72744 -0.64443 3.56 309
0.06799 -0.32833 0.98 15
1.68124 -0.30475 2.61 103
1.14644 -0.05564 3.88 460
-0.51417 0.18753 3.65 343
-0.51417 0.18753 3.68 353
0.19573 0.23407 3.37 252
-0.81815 0.22908 3.89 464
-1.25685 0.36829 3.61 330
1.20964 0.37515 3.72 369
-0.32779 0.44982 3.38 256
-0.24191 0.87122 2.83 139
-1.72492 0.92940 3.94 485
-1.31104 1.15120 2.14 63
-1.91998 1.28577 3.34 243
0.47951 1.32789 2.68 111
0.78054 1.39942 -0.04 3
-1.94265 1.66421 2.56 96
