-0.14010 -1.63235 3.61 330
0.83913 -1.51570 3.38 256
-1.27399 -1.10591 3.85 438
0.87488 -1.02516 2.83 139
-0.50255 -1.06710 3.94 485
-1.63302 -0.90120 1.35 22
-0.14578 -0.83805 2.14 63
-0.61101 -0.77337 3.34 243
-1.56989 -0.59842 3.52 292
1.57485 -0.49447 2.68 111
-1.33135 -0.44289 2.61 102
-1.33129 -0.44297 3.80 406
-0.58372 -0.48659 2.56 96
-1.32965 -0.22885 3.44 271
-1.63523 -0.00740 3.88 458
-0.46510 0.18743 3.48 282
-0.74568 0.28565 3.83 420
0.59560 0.49033 2.90 157
1.73816 0.81909 3.03 181
-1.02095 0.76784 3.05 185
-1.05984 0.86613 3.45 274
-0.49556 0.82568 3.01 177
-1.82182 1.50468 3.60 326
-0.13065 0.97793 3.71 364
-1.84936 1.59224 3.14 202
1.01528 1.26037 1.86 39
-1.37269 1.59371 3.17 207
-0.05292 1.33476 2.44 87
0.71579 1.53237 2.27 75
0.71597 1.53218 3.95 491
0.44876 1.52904 1.77 32
-0.47989 1.56482 2.37 81
0.12506 1.55510 3.31 237
1.72597 2.49323 3.29 234
-1.03608 1.98159 3.80 405
