1.02258 -1.45948 3.45 273
1.76127 -1.52600 3.73 372
0.27909 -1.34430 3.56 306
1.26051 -1.33808 3.60 321
-0.98986 -1.28511 3.74 378
-1.45033 -0.90196 3.84 432
-1.71559 -0.83530 2.96 165
-0.58601 -0.62733 3.69 359
-1.58296 -0.42850 3.53 298
-1.06486 -0.18685 3.40 260
-0.71963 0.03375 2.49 92
0.16962 0.01103 2.83 138
1.22944 0.08416 3.62 331
1.54134 0.44982 2.64 106
-0.93037 0.51870 3.95 493
1.71606 0.64902 2.00 49
-0.87917 0.57140 3.48 284
-1.47793 0.71675 3.76 390
-0.68676 0.74739 2.42 85
0.10028 0.76398 2.06 55
1.44329 0.97605 3.41 262
-0.94312 0.91060 2.94 161
0.46919 0.88524 3.27 226
1.63346 1.39512 3.00 171
0.82272 1.22240 2.06 56
0.65229 1.37690 3.87 446
-0.65098 1.63367 3.62 337
1.47057 1.87993 2.26 73
