0.02169 -1.35674 3.83 422
0.30865 -1.43068 3.89 466
0.83521 -2.40888 3.76 389
-0.87641 -1.60452 4.00 517
-0.53025 -1.08800 3.87 452
1.08419 -1.89877 3.96 500
-0.42232 -0.99379 3.62 333
-1.12317 -1.53431 3.32 238
-1.30829 -1.89563 1.68 28
0.61711 -0.93077 1.92 42
-0.58745 -0.92101 2.69 115
0.19280 -0.75565 2.89 152
-0.56914 -0.84523 3.05 186
-0.90359 -0.97021 3.64 341
-1.50966 -1.57307 3.01 176
-1.30485 -1.18135 2.76 125
0.01428 -0.53475 3.19 212
1.03408 -0.92788 3.62 336
-0.79823 -0.64799 1.33 20
-0.79817 -0.64797 1.73 30
0.44885 -0.51770 2.85 142
-1.09054 -0.84547 3.13 199
0.56383 -0.57242 3.85 440
-1.49968 -1.15495 3.32 239
-0.00261 -0.31069 -0.01 4
-0.23812 -0.30237 0.61 11
-0.00259 -0.31070 1.33 21
-0.90336 -0.53362 3.59 320
1.09828 -0.67946 3.62 335
-0.75001 -0.41172 1.25 18
0.88182 -0.43536 3.76 388
-0.99084 -0.47676 2.80 133
-1.51933 -0.90688 3.78 399
-1.41843 -0.81678 3.91 474
-0.92476 -0.33654 1.63 24
1.20805 -0.45281 3.34 244
1.23612 -0.41246 2.85 143
1.02541 -0.31778 3.13 201
-1.52779 -0.54963 3.89 463
-0.47496 0.03103 2.30 77
0.26346 0.13936 3.41 264
-1.20603 -0.18101 3.96 498
-1.28451 -0.11508 2.60 100
-1.12961 -0.00435 3.91 475
1.48863 -0.17713 2.95 164
-1.04372 0.11237 2.17 64
-1.08814 0.11984 3.86 443
0.28117 0.31875 3.87 455
0.01749 0.40620 2.30 78
-0.40413 0.38250 2.55 95
-0.19197 0.47205 3.55 305
0.40968 0.52569 3.37 253
-0.39564 0.52118 3.87 454
0.18336 0.63357 2.68 112
1.53286 0.26319 3.33 241
-0.04532 0.69272 2.31 79
-0.50618 0.63676 3.04 184
0.19352 0.69045 3.13 200
1.37557 0.39447 3.62 334
-0.42204 0.66971 3.83 421
0.56889 0.70194 2.78 129
-0.51533 0.68035 3.41 263
0.43060 0.75165 3.22 217
-0.73794 0.77463 3.88 459
1.47398 0.64564 3.08 189
0.87643 0.80612 3.41 265
1.48034 0.64526 3.57 314
0.02151 0.94135 4.00 518
-0.37613 1.00771 2.06 58
-0.89738 0.90580 2.75 123
0.47339 1.00422 3.56 310
1.56904 0.87329 2.29 76
0.84892 1.11091 3.95 492
0.75184 1.37885 3.66 347
1.00114 1.37678 3.88 461
1.56425 1.32051 2.82 137
0.75319 1.49016 3.58 319
1.52373 1.46734 0.96 14
1.08912 1.58206 2.89 153
-0.45396 1.62105 3.27 229
1.42606 1.55476 2.89 154
0.33290 1.72665 3.29 233
