-0.32235 -0.57895 3.83 422
-0.06852 -0.47985 3.89 466
0.66351 -0.85461 3.76 389
0.70228 -1.39993 2.80 132
-0.92955 -1.26140 4.00 517
-0.91688 -0.68995 3.87 452
0.65352 -0.41459 3.96 500
-0.87532 -0.55630 3.62 333
-0.05381 0.05035 1.92 42
-1.06317 -0.59572 2.69 115
-0.47769 -0.02971 2.89 152
-1.09129 -0.52567 3.05 186
1.08894 -0.33186 3.42 267
0.94438 -0.17524 3.56 311
-0.74779 0.05690 3.19 212
0.25915 0.25717 3.62 336
-1.42824 -0.50318 1.33 20
-1.42819 -0.50312 1.73 30
-0.38455 0.30078 2.85 142
-0.26272 0.31329 3.85 440
-0.89020 0.24143 -0.01 4
-1.11340 0.11859 0.61 11
-0.89017 0.24143 1.33 21
0.20436 0.48643 3.62 335
-0.07099 0.58726 3.76 388
1.52053 -0.12273 3.65 345
1.44383 0.11957 1.94 44
0.19174 0.72761 3.34 244
0.19600 0.77528 2.85 143
-0.01055 0.75848 3.13 201
-1.56560 0.29013 2.30 77
-0.91056 0.80117 3.41 264
0.60050 1.02924 3.66 348
0.28961 1.09751 2.95 164
-1.00374 0.98844 3.87 455
-1.32175 0.93878 2.30 78
-1.58526 0.89342 3.55 305
0.87321 1.22349 3.51 288
-1.00905 1.26847 3.37 253
-1.30740 1.26808 2.68 112
0.13152 1.53033 3.33 241
0.40607 1.52374 1.87 40
-1.59011 1.21207 2.31 79
-1.33618 1.33571 3.13 200
-0.05993 1.59134 3.62 334
-0.96452 1.53781 2.78 129
0.55618 1.70311 3.03 182
-1.13479 1.52428 3.22 217
1.64930 1.31180 3.97 506
