-0.49506 -1.79379 1.92 42
-1.73841 -3.41978 2.69 115
-0.98801 -2.10041 2.89 152
-1.78987 -3.30220 3.05 186
0.86590 -1.78502 3.42 267
0.64966 -1.65479 3.56 311
-1.35536 -2.11186 3.19 212
-0.21373 -1.41572 3.62 336
-0.94362 -1.61822 2.85 142
-0.80397 -1.55283 3.85 440
-1.56802 -1.92121 -0.01 4
-1.56798 -1.92120 1.33 21
1.73410 -2.04176 2.86 145
-0.34000 -1.18168 3.62 335
-0.65542 -1.16777 3.76 388
1.15561 -1.37909 3.65 345
0.96988 -1.15219 1.94 44
-0.41933 -0.93699 3.34 244
-0.42763 -0.88866 2.85 143
-0.63256 -0.96902 3.13 201
-1.64644 -1.22842 3.41 264
-0.11558 -0.54368 3.66 348
-0.41941 -0.56359 2.95 164
1.29253 -0.68529 3.11 195
0.06465 -0.31853 3.51 288
-0.66324 -0.23990 3.33 241
-0.41627 -0.18575 1.87 40
-0.85177 -0.23366 3.62 334
-0.32960 -0.02178 3.03 182
0.64959 -0.09202 3.97 506
-0.38794 0.03143 2.41 84
-0.94003 -0.00921 3.08 189
-1.53221 -0.21482 3.41 265
-0.93528 -0.00637 3.57 314
-0.49423 0.12347 1.63 25
-0.52348 0.10934 2.69 116
-0.32032 0.14429 3.21 215
-0.02526 0.17192 3.11 194
0.04589 0.29866 1.85 37
-1.01312 0.18989 2.29 76
-0.16472 0.51024 2.99 169
0.50079 0.51896 2.60 101
0.01163 0.54543 2.70 119
-1.29113 0.49006 2.82 137
0.56876 0.63668 3.32 240
-1.41338 0.57440 0.96 14
0.43357 0.72602 2.02 52
0.31196 0.69421 3.17 209
0.09868 0.78987 2.81 136
-1.54771 0.59791 2.89 154
-0.73079 0.77393 3.27 230
0.65813 1.01814 2.89 155
0.49632 1.02484 3.51 289
0.58436 0.98064 3.77 393
-0.08163 1.04284 3.86 445
0.85487 1.19939 3.93 482
-0.99716 1.32565 2.43 86
-0.60149 1.37561 3.54 303
1.84237 1.29127 3.08 191
1.84965 1.46026 3.57 316
-1.62794 1.63702 2.56 97
