-0.35166 -1.46845 3.83 422
-0.07407 -1.35158 3.89 466
0.74287 -1.80515 3.76 389
0.82940 -2.52620 2.80 132
-1.08271 -2.33564 4.00 517
-1.01069 -1.60194 3.87 452
0.70224 -1.27577 3.96 500
-0.95292 -1.44154 3.62 333
-0.05546 -0.76084 1.92 42
-1.16167 -1.48844 2.69 115
-0.49584 -0.84649 2.89 152
-1.18467 -1.40535 3.05 186
1.16132 -1.18098 3.42 267
0.99303 -1.00534 3.56 311
-0.77031 -0.75388 3.19 212
0.26235 -0.54504 3.62 336
-1.54724 -1.37890 1.33 20
-1.54718 -1.37883 1.73 30
-0.38784 -0.50052 2.85 142
-0.26468 -0.48781 3.85 440
-0.90240 -0.56120 -0.01 4
-1.14075 -0.68877 0.61 11
-0.90237 -0.56120 1.33 21
0.20287 -0.31465 3.62 335
-0.06987 -0.21612 3.76 388
1.59139 -0.94755 3.65 345
1.47918 -0.68775 1.94 44
0.18654 -0.08172 3.34 244
0.18993 -0.03677 2.85 143
-0.01024 -0.05257 3.13 201
-1.58041 -0.51136 2.30 77
-0.88051 -0.01252 3.41 264
0.56997 0.19682 3.66 348
0.27338 0.25799 2.95 164
-0.95587 0.15994 3.87 455
-1.26381 0.11472 2.30 78
-1.52138 0.07309 3.55 305
0.81601 0.36912 3.51 288
-0.93959 0.40826 3.37 253
-1.21745 0.40792 2.68 112
0.11997 0.63069 3.33 241
0.37062 0.62521 1.87 40
-1.48731 0.35914 2.31 79
-1.23761 0.46626 3.13 200
-0.05441 0.68123 3.62 334
-0.87935 0.63691 2.78 129
0.50065 0.77257 3.03 182
-1.03568 0.62565 3.22 217
1.53052 0.44570 3.97 506
0.45640 0.84219 2.41 84
-0.08879 0.92565 3.08 189
-0.65259 0.85087 3.41 265
-0.08376 0.92750 3.57 314
0.37421 0.96424 1.63 25
0.34121 0.95584 2.69 116
0.55685 0.94671 3.21 215
-1.55458 0.63164 4.00 518
0.87611 0.90735 3.11 194
-1.12506 0.87839 3.56 310
0.99605 1.03196 1.85 37
-0.11526 1.14763 2.29 76
-0.82560 1.11518 3.95 492
0.83496 1.32306 2.99 169
1.60763 1.18289 2.60 101
1.04400 1.32624 2.70 119
-1.04961 1.32861 3.66 347
-0.81843 1.40719 3.88 461
-0.31617 1.52572 2.82 137
-1.10500 1.43304 3.58 319
1.74308 1.31205 3.32 240
-0.41469 1.64121 0.96 14
1.61492 1.45503 2.02 52
-0.83943 1.62056 2.89 153
1.45273 1.44177 3.17 209
1.23584 1.60691 2.81 136
-0.53498 1.69094 2.89 154
-1.65760 1.52458 3.29 233
