-0.45965 -1.68422 3.40 258
-0.59347 -1.69490 3.65 342
-0.46031 -1.67778 3.84 425
-0.34928 -1.64402 0.85 13
1.47573 -1.55480 1.93 43
-0.53126 -1.56503 3.76 386
-0.43846 -1.45991 3.53 294
1.79840 -1.18826 3.79 400
0.51192 -1.32783 3.00 172
1.12802 -1.17282 2.88 149
1.01344 -1.18959 3.28 232
-0.95702 -1.09381 2.87 146
-0.93483 -1.10014 3.63 339
-0.99268 -1.08826 3.70 361
-0.97589 -1.07438 3.87 448
1.37680 -0.95516 2.98 166
-1.70042 -0.73411 3.63 338
0.31980 -0.88512 1.65 27
-0.77081 -0.64786 2.85 141
-0.88350 -0.60513 3.83 419
-0.03411 -0.63684 2.69 113
1.30649 -0.40630 3.60 325
0.64190 -0.36441 2.62 104
-1.22748 -0.12996 3.39 257
0.53539 -0.27322 3.97 501
-1.15095 -0.02667 2.12 62
-0.63874 -0.20918 2.89 151
0.06513 -0.19947 3.17 205
0.02484 -0.20845 3.75 379
-0.73872 -0.04617 3.77 391
0.01884 -0.06238 2.99 168
0.56202 0.04907 1.90 41
-1.05981 0.17621 3.80 404
0.15388 0.05699 0.08 6
-0.69330 0.23529 3.01 175
-0.83004 0.39344 1.79 34
-1.03380 0.64816 3.95 488
-0.92961 0.64870 2.93 159
0.46839 0.54731 3.72 368
-0.99016 0.82715 3.76 385
-1.65310 1.73465 2.47 91
-1.47603 1.49798 2.68 110
1.42769 1.49442 3.36 250
-1.14875 1.49301 3.38 254
1.69889 2.06354 3.67 350
-0.77285 1.91377 3.98 509
