1.49096 -1.39598 1.98 47
-1.37369 -1.43087 2.85 141
1.49095 -1.39596 2.88 150
-1.49270 -1.36456 3.83 419
-0.53643 -1.50692 2.69 113
0.89707 -1.39594 3.60 325
0.22606 -1.27073 2.62 104
-1.74804 -0.76379 3.39 257
0.12649 -1.15577 3.97 501
-1.63181 -0.66024 2.12 62
-1.11239 -0.93339 2.89 151
-0.35301 -1.01488 3.17 205
-0.39698 -1.01964 3.75 379
-1.18280 -0.73933 3.77 391
-0.37919 -0.85912 2.99 168
0.18987 -0.81163 1.90 41
-1.47562 -0.45535 3.80 404
-0.22140 -0.74971 0.08 6
-1.06862 -0.44651 3.01 175
-1.17647 -0.26501 1.79 34
-1.32858 0.01721 3.95 488
-1.22086 0.00185 2.93 159
0.15193 -0.29897 3.72 368
-1.24167 0.18089 3.76 385
1.07516 0.40344 3.36 250
-1.24941 0.79667 3.38 254
1.30694 0.80781 3.67 350
1.31260 1.69827 3.84 429
-0.81408 1.07572 3.98 509
-0.76997 1.75768 3.21 216
-0.03283 1.71985 2.02 51
