-0.36461 -1.66917 2.12 62
0.20940 -1.74836 2.89 151
0.98155 -1.52789 3.17 205
0.93979 -1.55151 3.75 379
-1.05936 -1.42263 2.26 73
0.05714 -1.57673 3.77 391
0.87072 -1.37289 2.99 168
1.42674 -1.07142 1.90 41
-0.31665 -1.41037 3.80 404
0.96871 -1.19029 0.08 6
0.02816 -1.24123 3.01 175
-1.13320 -0.94065 3.57 312
-0.14275 -1.11085 1.79 34
-0.38352 -0.91121 3.95 488
-0.28922 -0.88146 2.93 159
-1.42609 -0.37156 3.66 346
1.09510 -0.56520 3.72 368
-0.37690 -0.72910 3.76 385
-1.28888 -0.27122 2.23 67
-1.18242 -0.25595 3.44 269
-1.35832 0.00551 2.27 74
-1.02732 -0.15905 2.47 91
-0.87124 -0.29187 2.68 110
-0.61299 -0.20757 3.38 254
-1.29895 0.67275 3.52 293
-1.14764 1.16695 3.23 219
-0.37927 0.20594 3.98 509
-0.59183 0.74524 3.21 216
-0.01213 1.06438 2.02 51
