1.86970 -1.79363 3.27 229
0.45958 -1.33026 2.65 108
1.09030 -1.38232 3.00 174
0.13439 -1.26789 3.00 173
0.21000 -0.96325 2.59 99
0.39840 -0.90909 2.95 163
-0.96398 -0.92616 3.11 193
-1.32041 -1.00297 3.81 412
-0.54504 -0.81478 3.56 309
-1.57262 -0.74966 3.61 329
1.18514 -0.64378 0.98 15
0.55877 -0.07821 3.65 343
0.55877 -0.07821 3.68 353
1.33278 -0.03452 3.37 252
0.26472 -0.03552 3.89 464
-0.12349 0.09374 3.61 330
0.75237 0.18592 3.38 256
-1.21573 0.53654 3.85 438
0.84559 0.61102 2.83 139
-0.48251 0.57210 3.94 485
-1.61008 0.72915 1.35 22
-0.14522 0.79117 2.14 63
-0.61518 0.85604 3.34 243
-1.62776 1.03868 3.52 292
1.66237 1.15245 2.68 111
-1.41803 1.21044 2.61 102
-1.41795 1.21035 3.80 406
-0.61700 1.16124 2.56 96
-1.47139 1.46272 3.44 271
-1.88555 1.74529 3.88 458
