-1.18715 -2.86062 4.00 517
-0.90939 -2.03099 3.87 452
0.99422 -2.23306 3.96 500
-0.81098 -1.87016 3.62 333
-1.52555 -2.91053 3.32 238
0.25264 -1.38279 1.92 42
-1.02154 -1.85772 2.69 115
-0.21620 -1.35293 2.89 152
-1.02039 -1.76013 3.05 186
1.57220 -2.28480 3.42 267
1.39177 -2.00145 3.56 311
-1.39026 -2.06393 3.64 341
-0.46221 -1.18105 3.19 212
0.63513 -1.23320 3.62 336
-1.34319 -1.62671 1.33 20
-1.34312 -1.62666 1.73 30
-0.03038 -1.01338 2.85 142
-1.65779 -1.99887 3.13 199
0.09583 -1.03118 3.85 440
-0.54101 -0.94929 -0.01 4
-0.79282 -1.02096 0.61 11
-0.54099 -0.94929 1.33 21
-1.49948 -1.53632 3.59 320
0.61574 -0.96590 3.62 335
-1.34460 -1.33204 1.25 18
0.35051 -0.79408 3.76 388
-1.62123 -1.50592 2.80 133
-1.57337 -1.31459 1.63 24
0.64268 -0.71462 3.34 244
0.65466 -0.66843 2.85 143
0.44405 -0.63860 3.13 201
-1.13789 -0.74421 2.30 77
-0.39269 -0.41123 3.41 264
1.10240 -0.51157 3.66 348
0.79585 -0.38338 2.95 164
-0.42262 -0.23211 3.87 455
-0.70770 -0.21645 2.30 78
-1.14555 -0.35601 2.55 95
-0.94041 -0.20720 3.55 305
1.40105 -0.38596 3.51 288
-0.35271 -0.00376 3.37 253
-1.16954 -0.21296 3.87 454
-0.59927 0.04374 2.68 112
0.70393 0.01688 3.33 241
0.96073 -0.03505 1.87 40
-0.84285 0.04532 2.31 79
-1.31743 -0.12624 3.04 184
-0.60358 0.09968 3.13 200
0.53845 0.09664 3.62 334
-1.23320 -0.07121 3.83 421
-0.24907 0.19476 2.78 129
-1.33759 -0.08483 3.41 263
1.12114 0.08577 3.03 182
-0.39103 0.20980 3.22 217
1.08573 0.16158 2.41 84
-1.60817 -0.04793 3.88 459
0.54904 0.33197 3.08 189
0.00127 0.35190 3.41 265
0.55429 0.33288 3.57 314
1.01996 0.29297 1.63 25
0.98467 0.29045 2.69 116
1.20752 0.24541 3.21 215
-0.83571 0.29564 4.00 518
-1.26192 0.27036 2.06 58
1.54527 0.15082 3.11 194
-0.41470 0.44656 3.56 310
1.69443 0.25302 1.85 37
0.56299 0.53931 2.29 76
-0.10188 0.61033 3.95 492
1.55745 0.56103 2.99 169
-0.25500 0.82110 3.66 347
-0.03748 0.85929 3.88 461
0.43979 0.89986 2.82 137
-0.28127 0.91464 3.58 319
0.36949 1.01004 0.96 14
-0.01446 1.03997 2.89 153
-1.47977 0.82925 3.27 229
0.26914 1.06528 2.89 154
-0.72005 1.04950 3.29 233
1.07330 1.01921 3.27 230
0.00441 1.25165 2.32 80
0.09273 1.37405 3.96 499
0.07499 1.42982 2.62 105
-1.02791 1.63288 2.75 124
1.05247 1.65364 2.43 86
1.49714 1.62822 3.54 303
