0.22714 -1.62351 3.82 414
0.89248 -1.20478 3.05 185
0.00689 -1.30402 3.97 503
0.80824 -1.13268 3.45 274
1.30647 -0.85252 3.01 177
0.03435 -0.97836 3.60 326
1.53191 -0.49210 3.71 364
-0.00736 -0.92699 3.14 202
0.27754 -0.70383 3.17 207
1.35748 -0.16314 2.44 87
-1.38188 -0.10088 3.72 368
0.89211 -0.25613 2.37 81
1.36644 0.10031 3.31 237
0.34885 -0.28385 3.80 405
-0.19325 -0.21663 3.36 250
0.76252 0.01357 1.79 35
0.18931 -0.09124 3.67 350
0.68176 0.44957 3.84 429
0.89895 0.68015 3.87 453
1.11149 1.52880 3.05 187
0.94611 1.37521 2.08 59
-0.51130 2.09382 3.21 216
-0.04279 1.42341 2.02 51
