-0.65960 -1.69161 2.56 96
-1.45484 -1.37294 3.44 271
-1.74172 -1.11486 3.88 458
-0.48408 -0.89887 3.48 282
-0.76730 -0.79368 3.83 420
0.59868 -0.58197 2.90 157
1.68451 -0.26172 3.03 181
-0.99500 -0.31012 3.05 185
-1.02189 -0.21776 3.45 274
-0.47992 -0.25553 3.01 177
-1.64279 0.33742 3.60 326
-0.12446 -0.11507 3.71 364
-1.65294 0.40799 3.14 202
0.93878 0.13372 1.86 39
-1.22672 0.40917 3.17 207
-0.04856 0.19683 2.44 87
0.64365 0.35987 2.27 75
0.64382 0.35972 3.95 491
0.40366 0.35718 1.77 32
-0.43010 0.38603 2.37 81
0.11220 0.37821 3.31 237
1.41450 1.06797 3.29 234
-0.89114 0.70731 3.80 405
-1.37070 1.17458 3.36 250
-0.36059 0.67240 1.79 35
-0.90816 0.98434 3.67 350
0.73113 0.96852 3.65 344
-0.14178 1.07523 3.84 429
0.16291 1.10566 3.87 453
0.85026 1.62552 3.05 187
1.25845 2.70222 3.57 315
0.64970 1.63099 2.08 59
