0.46703 -1.76855 3.37 253
-0.45152 -1.77442 3.87 454
0.20373 -1.63191 2.68 112
1.86549 -2.13273 3.33 241
-0.04966 -1.55988 2.31 79
-0.56199 -1.62797 3.04 184
0.21219 -1.56261 3.13 200
1.61936 -1.94465 3.62 334
-0.46498 -1.58767 3.83 421
0.62211 -1.54884 2.78 129
-0.56636 -1.57478 3.41 263
0.46553 -1.49007 3.22 217
-0.79363 -1.46335 3.88 459
1.63311 -1.61704 3.08 189
0.93587 -1.42718 3.41 265
1.64030 -1.61751 3.57 314
0.02229 -1.27756 4.00 518
-0.38415 -1.20734 2.06 58
-0.93715 -1.31603 2.75 123
0.48386 -1.21097 3.56 310
1.65041 -1.35174 2.29 76
0.84812 -1.10203 3.95 492
0.71090 -0.84892 3.66 347
0.94702 -0.85078 3.88 461
1.49652 -0.90169 2.82 137
0.69667 -0.75157 3.58 319
1.41570 -0.77118 0.96 14
0.98960 -0.67433 2.89 153
-0.40941 -0.64238 3.27 229
1.30259 -0.69699 2.89 154
0.29431 -0.55819 3.29 233
-1.69157 -0.63960 2.65 108
-1.03568 -0.51013 3.00 174
1.02842 -0.47746 2.32 80
1.12964 -0.37859 3.96 499
1.11525 -0.32709 2.62 105
0.13879 -0.05619 2.75 124
0.72497 -0.01136 3.91 476
-1.00906 0.17174 0.98 15
1.66970 0.15541 2.56 97
0.49064 0.29248 2.61 103
0.04094 0.50006 3.88 460
1.40562 0.52741 3.24 222
1.34863 0.58926 2.74 121
0.97026 0.61328 3.53 296
-1.77297 0.72050 3.65 343
-1.77297 0.72050 3.68 353
-0.91924 0.77936 3.37 252
0.08659 0.92324 3.72 369
1.67185 0.94342 3.82 416
-1.56956 1.03385 3.38 256
1.02729 1.08844 3.71 365
0.93583 1.20881 2.65 109
-1.51787 1.54958 2.83 139
0.80873 1.47214 3.80 407
0.80874 1.47225 3.80 408
