0.37013 -1.58581 3.74 377
-1.65536 -1.64633 2.89 155
-1.87596 -1.69529 3.51 289
2.01457 -1.72930 3.66 349
-1.74933 -1.71823 3.77 393
-1.44058 -1.38523 3.93 482
0.65214 -1.19470 2.87 148
0.55407 -1.22243 3.68 355
1.71661 -1.28397 3.27 231
-0.53678 -1.10576 3.08 191
-0.57623 -0.97316 3.57 316
-0.16669 -0.78673 3.77 396
1.65494 -0.73448 3.74 378
0.42656 -0.57024 2.91 158
-1.66678 -0.56610 3.44 272
1.13832 -0.34530 3.84 432
0.90125 -0.28380 2.96 165
-0.65916 -0.31095 3.23 218
-0.92460 -0.20987 3.90 469
-1.32793 -0.08497 3.36 251
0.20934 0.01381 3.92 479
0.95558 0.07949 3.53 298
-0.87598 0.08854 3.71 366
-0.93731 0.22760 0.77 12
0.58665 0.26905 2.39 83
-0.99993 0.32882 2.72 120
1.42044 0.37086 3.40 260
-1.62704 0.57480 2.99 170
-0.29317 0.51759 3.63 340
1.79746 0.68097 2.49 92
-0.26519 0.58936 3.77 395
-0.97058 0.78245 3.82 417
-0.80946 0.82325 3.47 281
1.46767 1.16755 3.95 493
1.51998 1.24697 3.48 284
0.88050 1.18644 3.76 390
-1.19289 1.40771 3.08 190
1.73508 1.54135 2.42 85
1.39313 1.60907 2.94 161
0.16406 1.43484 3.20 214
-1.67197 1.87110 3.24 223
-0.17357 1.68637 2.46 90
-1.81842 1.97220 3.45 275
