-1.52628 -2.88944 1.92 42
-0.32843 -1.53648 3.42 267
-0.54524 -1.60684 3.56 311
-1.47313 -2.22219 3.62 336
0.27033 -1.14317 2.86 145
-0.33118 -1.04390 3.65 345
0.72222 -1.14114 3.99 513
-0.56803 -0.99523 1.94 44
1.71698 -1.54322 3.92 477
0.58367 -0.67841 3.49 285
-0.57033 -0.44688 3.11 195
0.25787 -0.38288 1.74 31
0.57646 -0.42537 2.10 61
0.86143 -0.40185 3.90 470
1.45378 -0.65974 3.88 456
0.47745 -0.22123 3.97 507
1.69856 -0.64148 3.94 483
1.74177 -0.56778 2.39 82
-1.43425 -0.31841 3.97 506
0.14707 0.13719 3.01 178
0.92871 0.47690 1.16 17
-0.17164 0.96168 3.74 377
1.20803 0.94541 3.66 349
1.42702 0.98125 3.97 508
0.09812 1.34496 2.87 148
0.00127 1.31161 3.68 355
1.07145 1.31229 3.27 231
-1.15328 1.37511 3.08 191
-1.23625 1.52483 3.57 316
