0.46463 -1.63136 3.61 330
1.49939 -1.50145 3.38 256
-1.45430 -1.05467 3.52 291
-0.66853 -1.13638 3.85 438
1.49269 -0.98113 2.83 139
0.05430 -1.07469 3.94 485
-1.00502 -0.95515 1.35 22
0.38869 -0.83252 2.14 63
-0.07611 -0.78993 3.34 243
-0.97366 -0.66899 3.52 292
-0.77408 -0.50954 2.61 102
-0.77402 -0.50961 3.80 406
-0.07421 -0.50709 2.56 96
-1.19697 -0.23051 2.98 167
-0.78985 -0.30689 3.44 271
-1.07770 -0.12095 3.88 458
-0.01693 0.16436 3.48 282
-1.37799 0.44077 3.13 197
-0.29430 0.23372 3.83 420
-1.36667 0.58579 3.82 414
1.04264 0.58340 2.90 157
-0.59085 0.66900 3.05 185
-1.50031 0.95455 3.97 503
-0.63455 0.75828 3.45 274
-0.10104 0.78777 3.01 177
-1.35641 1.25767 3.60 326
0.24428 0.98564 3.71 364
-1.38652 1.33417 3.14 202
1.43192 1.44907 1.86 39
-0.97461 1.40427 3.17 207
0.29087 1.35306 2.44 87
1.07582 1.68183 2.27 75
1.07603 1.68167 3.95 491
0.79028 1.63161 1.77 32
-0.14895 1.51340 2.37 81
0.45173 1.60283 3.31 237
-0.70413 1.82360 3.80 405
