-1.09507 -2.59304 4.00 517
-0.74615 -1.86325 3.87 452
1.12567 -2.46523 3.96 500
-0.63604 -1.72792 3.62 333
-1.40063 -2.56686 3.32 238
0.45887 -1.44716 1.92 42
-0.82909 -1.67703 2.69 115
-0.00574 -1.33318 2.89 152
-0.81669 -1.58433 3.05 186
1.59175 -2.31646 3.56 311
-1.18561 -1.80375 3.64 341
-1.64729 -2.15789 2.76 125
-0.22380 -1.12267 3.19 212
0.87370 -1.36612 3.62 336
-1.09377 -1.40143 1.33 20
-1.09370 -1.40140 1.73 30
0.21977 -1.02899 2.85 142
-1.41378 -1.69419 3.13 199
0.34409 -1.06770 3.85 440
-0.27157 -0.88404 -0.01 4
-0.51886 -0.91428 0.61 11
-0.27154 -0.88405 1.33 21
-1.22261 -1.29033 3.59 320
0.88774 -1.09001 3.62 335
-1.06134 -1.12368 1.25 18
0.63348 -0.87140 3.76 388
-1.32646 -1.24194 2.80 133
-1.26280 -1.07106 1.63 24
0.94858 -0.83781 3.34 244
0.96722 -0.79248 2.85 143
0.75012 -0.72881 3.13 201
-0.80628 -0.59789 2.30 77
-0.06335 -0.37946 3.41 264
-1.59190 -0.94702 3.96 498
-1.68536 -0.88717 2.60 100
1.47090 -0.70182 3.66 348
-1.51655 -0.73926 3.91 475
1.15474 -0.52151 2.95 164
-1.42866 -0.59953 2.17 64
-1.47838 -0.59846 3.86 443
-0.07071 -0.19954 3.87 455
-0.34287 -0.14782 2.30 78
-0.76819 -0.22676 2.55 95
-0.56096 -0.10985 3.55 305
0.02529 0.01637 3.37 253
-0.77357 -0.08732 3.87 454
-0.20809 0.09238 2.68 112
1.10857 -0.09625 3.33 241
1.37897 -0.18438 1.87 40
-0.43963 0.12216 2.31 79
-0.89838 0.01280 3.04 184
-0.20550 0.14750 3.13 200
0.94333 0.00690 3.62 334
-0.81537 0.05531 3.83 421
0.15160 0.20037 2.78 129
-0.91188 0.05442 3.41 263
1.57135 -0.07987 3.03 182
0.01385 0.23135 3.22 217
1.54233 0.00417 2.41 84
-1.15023 0.11991 3.88 459
0.98488 0.24648 3.08 189
0.42133 0.32879 3.41 265
0.99054 0.24681 3.57 314
1.48738 0.14983 1.63 25
1.44830 0.15153 2.69 116
1.68882 0.07654 3.21 215
-0.40318 0.36367 4.00 518
-0.80203 0.38378 2.06 58
-1.32663 0.22920 2.75 123
0.01955 0.46724 3.56 310
1.02646 0.45749 2.29 76
0.34963 0.59811 3.95 492
0.22283 0.82255 3.66 347
0.44554 0.84120 3.88 461
0.94291 0.83910 2.82 137
0.20828 0.91778 3.58 319
0.88329 0.95790 0.96 14
0.49146 1.02056 2.89 153
-0.93533 0.93473 3.27 229
0.78573 1.02266 2.89 154
-0.20314 1.08635 3.29 233
1.64332 0.90500 3.27 230
-1.67774 1.02531 3.00 174
0.53717 1.23194 2.32 80
0.64281 1.34907 3.96 499
0.63166 1.40663 2.62 105
-0.42582 1.67365 2.75 124
1.70530 1.57413 2.43 86
