0.63109 -1.63654 2.04 53
-0.95457 -1.51246 3.27 231
1.59615 -1.59120 3.50 286
0.98510 -1.14540 3.45 273
1.69362 -1.20703 3.73 372
0.26972 -1.03817 3.56 306
1.21840 -1.03236 3.60 321
-0.95820 -0.98279 3.74 378
-1.41903 -0.61990 3.84 432
-1.68171 -0.55597 2.96 165
-0.57782 -0.35495 3.69 359
-1.56965 -0.16056 3.53 298
-1.06321 0.07869 3.40 260
-0.72308 0.30001 2.49 92
0.17032 0.27708 2.83 138
1.23713 0.35098 3.62 331
1.56752 0.72517 2.64 106
-0.94807 0.79656 3.95 493
1.75540 0.93240 2.00 49
-0.89729 0.85137 3.48 284
-1.51483 1.00341 3.76 390
-0.70454 1.03563 2.42 85
0.10293 1.05310 2.06 55
1.49067 1.27791 3.41 262
-0.97220 1.20823 2.94 161
0.48330 1.18130 3.27 226
1.70829 1.73057 3.00 171
0.85598 1.54263 2.06 56
0.68180 1.71065 3.87 446
