1.44070 -1.43833 2.70 118
1.17611 -1.26082 3.58 318
1.67011 -0.90823 3.47 280
-1.23850 -1.05830 3.48 282
-1.52720 -0.89334 3.83 420
-0.04315 -0.91074 2.90 157
1.01171 -0.77824 3.03 181
1.29475 -0.55613 3.50 287
-1.65292 -0.32637 3.05 185
-1.65801 -0.22240 3.45 274
-1.07185 -0.37595 3.01 177
-0.66632 -0.30420 3.71 364
0.41351 -0.26992 1.86 39
-0.51994 -0.00834 2.44 87
0.18236 0.00383 2.27 75
0.18249 0.00365 3.95 491
-0.04435 0.05140 1.77 32
-0.86579 0.26351 2.37 81
-0.32180 0.13424 3.31 237
0.98503 0.48757 3.29 234
-1.27225 0.69305 3.80 405
-0.72904 0.52751 1.79 35
1.26297 0.88002 2.74 122
-1.22158 0.96846 3.67 350
0.37313 0.55017 3.65 344
1.29095 1.29761 3.17 208
-0.42408 0.85680 3.84 429
-0.12557 0.80960 3.87 453
0.59070 1.10570 3.05 187
1.09659 1.89894 3.57 315
0.41600 1.16036 2.08 59
