1.30403 -1.66722 3.94 485
0.12311 -1.61810 1.35 22
1.64221 -1.33437 2.14 63
1.07084 -1.33874 3.34 243
0.10139 -1.30477 3.52 292
-1.04842 -1.16038 3.94 484
0.26589 -1.11180 2.61 102
0.26596 -1.11187 3.80 406
0.99896 -1.01452 2.56 96
-0.17901 -0.88237 2.98 167
0.21219 -0.90206 3.44 271
-1.82759 -0.61009 3.57 313
-0.08893 -0.75693 3.88 458
-1.72042 -0.39467 1.14 16
0.89500 -0.28308 3.48 282
-0.43021 -0.27768 3.13 197
0.59264 -0.26885 3.83 420
-0.43978 -0.14607 3.82 414
0.22215 0.08675 3.05 185
-0.59216 0.14603 3.97 503
0.16641 0.15900 3.45 274
0.66778 0.31109 3.01 177
-0.51548 0.42879 3.60 326
0.97357 0.58675 3.71 364
-0.54805 0.48441 3.14 202
-0.22822 0.63913 3.17 207
0.93556 0.93755 2.44 87
1.68980 1.49269 2.27 75
1.69009 1.49262 3.95 491
1.38864 1.34696 1.77 32
0.47525 0.94971 2.37 81
1.04084 1.20928 3.31 237
-0.06505 1.05021 3.80 405
-0.62561 1.26551 3.36 250
0.43171 1.27018 1.79 35
-0.18602 1.30549 3.67 350
1.55597 2.28649 3.65 344
0.48989 1.81439 3.84 429
0.80420 2.04277 3.87 453
