0.65766 -2.06142 3.83 422
0.50004 -2.40462 3.89 466
-0.50806 -2.58161 3.76 389
-0.79627 -1.97694 2.80 132
-0.72266 -1.13067 3.24 221
0.64936 -1.03355 4.00 517
1.06644 -1.49602 3.87 452
0.08859 -0.68399 3.95 490
1.15056 -1.65216 3.62 333
0.76074 -0.82734 3.32 238
-0.05066 -0.56456 3.78 398
0.51776 -0.64480 1.68 28
1.26305 -1.47946 2.69 115
1.34942 -1.52423 3.05 186
-0.01593 -0.42503 3.98 511
1.25836 -1.12038 3.64 341
0.35288 -0.37373 3.77 392
0.54017 -0.45399 4.00 516
0.80395 -0.51312 3.01 176
1.10844 -0.70900 2.76 125
-1.15110 -0.78767 3.85 433
1.42188 -0.95241 3.13 199
-1.09700 -0.54862 3.35 246
0.87090 -0.38673 3.69 358
-0.64497 -0.26750 3.76 387
0.67785 -0.27179 3.97 504
-0.19840 -0.11522 3.27 228
1.16347 -0.54574 3.32 239
1.09275 -0.46082 3.40 259
0.61326 -0.14667 3.84 427
0.41949 -0.02360 1.86 38
0.78512 -0.13782 2.25 72
0.75192 -0.10431 3.44 270
1.40920 -0.54550 3.78 399
1.25707 -0.40012 3.82 415
1.49248 -0.64228 3.91 474
0.93817 -0.07453 3.13 198
0.92579 0.05762 2.50 93
-1.24858 -0.12561 3.27 227
0.64989 0.18199 1.96 45
1.19786 -0.06017 3.54 301
-0.45386 0.34493 -0.72 2
0.29582 0.35509 3.47 279
0.64581 0.28558 3.62 332
-0.78122 0.35172 3.85 434
-0.25644 0.48927 2.93 160
0.45651 0.64572 1.78 33
0.96623 0.52848 3.75 380
0.75540 0.62115 3.84 426
0.81752 0.64044 3.91 472
1.09064 0.71658 2.21 66
-0.42701 0.88984 3.17 206
0.09303 0.91062 3.25 224
-0.82603 0.83540 3.96 495
0.47190 1.07548 2.25 71
1.41526 0.79283 3.60 327
0.34441 1.05527 3.73 374
-0.03281 1.28417 2.70 117
0.28506 1.21974 3.61 328
-1.05980 1.23461 3.12 196
-1.30860 1.18538 3.87 450
0.96112 1.28976 3.97 502
-1.24108 1.30582 2.64 107
1.04920 1.41785 3.68 352
-0.71944 1.46363 3.85 435
-0.38077 1.56674 3.96 496
-0.79519 1.69047 3.02 179
