0.49223 -1.84481 1.68 28
1.54533 -2.94698 2.69 115
1.66346 -3.00500 3.05 186
-0.13058 -1.62042 3.98 511
1.43403 -2.40666 3.64 341
0.27345 -1.51960 3.77 392
0.48911 -1.59979 4.00 516
0.78695 -1.64647 3.01 176
1.16059 -1.86337 2.76 125
-1.47849 -2.23814 3.85 433
1.57094 -2.15126 3.13 199
-1.38812 -1.89862 3.35 246
0.83606 -1.48468 3.69 358
-0.84412 -1.48781 3.76 387
0.61046 -1.36579 3.97 504
-0.34899 -1.26231 3.27 228
1.18266 -1.65029 3.32 239
1.08797 -1.55285 3.40 259
0.52337 -1.22590 3.84 427
0.30397 -1.10295 1.86 38
0.70213 -1.20062 2.25 72
0.66213 -1.16544 3.44 270
1.44510 -1.62504 3.78 399
1.24844 -1.46356 3.82 415
1.55990 -1.73697 3.91 474
0.84980 -1.11600 3.13 198
0.81392 -0.97158 2.50 93
-1.52413 -1.37288 3.27 227
0.51520 -0.85978 1.96 45
1.11228 -1.07825 3.54 301
-0.63163 -0.77110 -0.72 2
0.13756 -0.70497 3.47 279
0.49712 -0.75131 3.62 332
-0.97597 -0.78873 3.85 434
-0.43036 -0.60684 2.93 160
1.73377 -1.08049 2.69 114
1.67574 -0.95382 3.84 428
0.26810 -0.40424 1.78 33
0.77586 -0.48488 3.75 380
0.55963 -0.40888 3.84 426
0.61651 -0.38649 3.91 472
0.86348 -0.29793 2.21 66
-0.60786 -0.22669 3.17 206
-0.10417 -0.17704 3.25 224
1.61129 -0.49225 3.85 437
-1.00497 -0.30243 3.96 495
0.23996 -0.00812 2.25 71
1.15096 -0.20876 3.60 327
0.12313 -0.03269 3.73 374
-0.24247 0.14682 2.70 117
0.05499 0.10744 3.61 328
-1.21712 0.05196 3.12 196
-1.46425 -0.00517 3.87 450
0.65946 0.19905 3.97 502
-1.38852 0.10533 2.64 107
0.71964 0.30784 3.68 352
-0.88375 0.26568 3.85 435
-0.57026 0.36580 3.96 496
-0.94834 0.44787 3.02 179
-0.18739 0.57101 2.45 89
-0.49198 0.57047 1.50 23
0.04504 0.59323 3.96 497
-0.46107 0.63130 3.47 278
-0.38779 0.72358 1.84 36
-0.30711 0.70673 3.85 436
0.34685 0.84535 2.81 134
0.11593 0.82152 3.34 242
-0.58145 0.83630 3.87 451
-0.46953 0.86531 3.02 180
-1.56831 0.79976 3.60 324
-1.86449 0.85412 2.84 140
-1.49793 0.91740 3.81 411
-0.86239 1.10912 3.95 489
-1.08036 1.16979 1.98 46
-1.86890 1.06317 2.58 98
-0.76890 1.27927 -1.46 1
-1.70380 1.30785 3.55 304
-1.55962 1.37418 3.71 363
