1.15238 -1.58648 3.88 457
-0.30189 -1.40170 0.38 8
0.81489 -1.34573 3.11 192
0.68138 -1.31844 3.38 255
-0.46694 -1.20521 2.90 156
0.23170 -1.15424 3.52 290
1.49221 -1.05171 3.52 291
-1.04133 -0.89550 3.36 249
-1.11510 -0.67672 1.93 43
1.80901 -0.56226 3.52 292
-0.55274 -0.71275 3.58 317
0.58109 -0.61954 3.94 484
-0.71403 -0.47372 3.79 400
-0.49895 -0.41176 3.53 295
-1.25309 -0.29548 2.88 149
-1.36835 -0.27653 3.28 232
1.36075 -0.20189 2.98 167
-0.18898 -0.29552 3.57 313
-0.94045 -0.19182 2.98 166
1.42581 -0.05484 3.88 458
-0.40441 -0.10275 3.79 401
-0.17220 -0.10218 1.14 16
-0.28694 0.10864 1.98 47
-0.28693 0.10865 2.88 150
-0.75381 0.27285 3.60 325
0.91183 0.32583 3.13 197
0.86208 0.45299 3.82 414
-1.34896 0.60559 2.62 104
-1.41758 0.75060 3.97 501
1.54261 0.95318 3.05 185
0.61981 0.69028 3.97 503
1.45021 1.00944 3.45 274
-1.22210 1.05201 1.90 41
-1.69432 1.34345 0.08 6
0.60726 1.00362 3.60 326
0.55737 1.04682 3.14 202
0.83883 1.35382 3.17 207
-1.05600 1.62472 3.72 368
1.59384 2.12859 2.37 81
0.88468 1.90209 3.80 405
