-0.64179 -1.73897 3.24 222
-0.69864 -1.66910 2.74 121
-1.09585 -1.65734 3.53 296
1.27471 -1.62260 3.26 225
-0.42115 -1.29041 3.82 416
0.69566 -1.24262 3.75 382
0.88695 -1.22594 3.97 505
0.62047 -1.12753 2.77 128
-1.00600 -1.12520 3.71 365
-1.09006 -1.00010 2.65 109
-0.03169 -0.85019 3.20 213
0.93810 -0.81549 3.73 375
-1.19636 -0.74159 3.80 407
-1.19635 -0.74149 3.80 408
0.46629 -0.66268 2.08 60
0.19170 -0.56790 3.48 283
-0.98560 -0.46980 3.67 351
-0.84041 -0.46783 3.85 439
-0.48317 -0.29804 3.75 381
-0.36985 -0.17765 2.77 127
1.06933 -0.09822 3.84 431
0.18113 -0.00604 3.14 203
-0.73421 0.09144 2.00 50
-1.04611 0.17960 2.23 69
-0.94488 0.14000 3.84 430
-1.74211 0.35081 2.70 118
0.55147 0.17058 3.42 266
0.80332 0.25742 3.83 423
-1.11282 0.32885 3.68 354
0.68035 0.26802 3.70 362
0.00332 0.31557 3.92 478
-0.21314 0.35650 2.81 135
1.42495 0.61662 3.24 223
1.29817 0.62359 3.45 275
-1.22637 0.60222 3.47 280
0.16339 0.63888 3.16 204
0.61532 0.70709 3.86 444
1.07016 0.89396 0.03 5
-1.72867 1.08733 3.03 181
-0.18204 0.75797 3.53 297
-1.30422 1.06770 3.50 287
1.81205 1.62905 2.87 147
0.39147 1.19337 3.80 409
-0.39802 1.21327 3.89 465
0.52717 1.57216 2.23 70
1.47163 1.96913 3.79 402
0.27851 1.58564 2.79 131
1.29965 2.00708 3.77 394
