0.65421 -1.60526 3.74 377
-1.31562 -1.58902 2.89 155
-1.51674 -1.62773 3.51 289
-1.40122 -1.65437 3.77 393
-1.11899 -1.34507 3.93 482
0.94395 -1.21611 2.87 148
0.84181 -1.24169 3.68 355
-0.25942 -1.09627 3.08 191
-0.29894 -0.96438 3.57 316
0.10377 -0.78626 3.77 396
0.70450 -0.57519 2.91 158
-1.33381 -0.55351 3.44 272
1.45335 -0.34829 3.84 432
1.19936 -0.28434 2.96 165
-0.38457 -0.31029 3.23 218
-0.64105 -0.21111 3.90 469
-1.02335 -0.09094 3.36 251
0.47704 0.01656 3.92 479
1.25424 0.09056 3.53 298
-0.59669 0.08116 3.71 366
-0.65642 0.21649 0.77 12
0.86403 0.28025 2.39 83
-0.71688 0.31442 2.72 120
1.75387 0.40038 3.40 260
-1.30546 0.54033 2.99 170
-0.03190 0.51396 3.63 340
-0.00470 0.58607 3.77 395
-0.69225 0.75785 3.82 417
-0.53823 0.80249 3.47 281
1.79915 1.23599 3.95 493
1.85600 1.32167 3.48 284
1.16564 1.22950 3.76 390
-0.90747 1.35826 3.08 190
1.71391 1.69412 2.94 161
0.41997 1.44908 3.20 214
-1.35597 1.78068 3.24 223
0.07812 1.68371 2.46 90
-1.49044 1.86893 3.45 275
