-0.03500 -1.68924 3.83 422
0.26827 -1.74014 3.89 466
0.90382 -2.76674 3.76 389
0.65709 -3.62683 2.80 132
-0.97515 -2.05970 4.00 517
-0.63122 -1.45273 3.87 452
1.10615 -2.16794 3.96 500
-0.52309 -1.34061 3.62 333
-1.24724 -2.00817 3.32 238
-1.43850 -2.44259 1.68 28
0.53999 -1.17727 1.92 42
-0.70075 -1.27803 2.69 115
0.09624 -1.03167 2.89 152
-0.68559 -1.19509 3.05 186
-1.03354 -1.36132 3.64 341
-1.45844 -1.63300 2.76 125
-0.10159 -0.81680 3.19 212
0.95603 -1.13694 3.62 336
-0.93656 -1.00559 1.33 20
-0.93649 -1.00556 1.73 30
0.33598 -0.76329 2.85 142
-1.23868 -1.24402 3.13 199
0.45552 -0.81006 3.85 440
-0.13426 -0.58717 -0.01 4
-0.37436 -0.59722 0.61 11
-0.13424 -0.58718 1.33 21
-1.05253 -0.89354 3.59 320
0.99462 -0.87547 3.62 335
-0.89715 -0.75227 1.25 18
0.75845 -0.64457 3.76 388
-1.14725 -0.84097 2.80 133
-1.59308 -1.24392 3.91 474
-1.08351 -0.68803 1.63 24
1.07909 -0.63660 3.34 244
1.10226 -0.59383 2.85 143
0.88797 -0.51492 3.13 201
-0.63567 -0.27450 2.30 77
0.10018 -0.11355 3.41 264
-1.38552 -0.54827 3.96 498
-1.47059 -0.48576 2.60 100
1.62915 -0.54381 3.66 348
-1.31125 -0.35917 3.91 475
1.32084 -0.34080 2.95 164
-1.22584 -0.23301 2.17 64
-1.27240 -0.22860 3.86 443
0.10445 0.06494 3.87 455
-0.16250 0.13394 2.30 78
-0.58300 0.08327 2.55 95
-0.37523 0.18545 3.55 305
0.21495 0.27506 3.37 253
-0.58209 0.22104 3.87 454
-0.01432 0.36602 2.68 112
1.31624 0.09110 3.33 241
1.59036 -0.01712 1.87 40
-0.24332 0.40989 2.31 79
-0.69937 0.32791 3.04 184
-0.00833 0.42160 3.13 200
1.15420 0.20736 3.62 334
-0.61665 0.36524 3.83 421
0.35577 0.45421 2.78 129
-0.71082 0.37009 3.41 263
0.21814 0.49396 3.22 217
-0.93969 0.44923 3.88 459
1.22140 0.45192 3.08 189
0.64205 0.57049 3.41 265
1.22739 0.45192 3.57 314
1.74338 0.32029 1.63 25
1.70186 0.32453 2.69 116
-0.19358 0.65285 4.00 518
-0.58914 0.69513 2.06 58
-1.10660 0.56818 2.75 123
0.24032 0.73628 3.56 310
1.28677 0.67031 2.29 76
0.58989 0.85514 3.95 492
0.47606 1.09854 3.66 347
0.71027 1.10767 3.88 461
1.23707 1.08121 2.82 137
0.46835 1.20065 3.58 319
1.18537 1.21239 0.96 14
0.77423 1.29812 2.89 153
-0.69772 1.27023 3.27 229
1.08740 1.28713 2.89 154
0.05374 1.39918 3.29 233
-1.42737 1.39641 3.00 174
0.84170 1.52606 2.32 80
0.96573 1.65073 3.96 499
