-0.01782 -1.73949 3.66 347
0.22438 -1.70461 3.88 461
0.75631 -1.68086 2.82 137
-0.03946 -1.62573 3.58 319
0.66570 -1.54699 0.96 14
0.25062 -1.49527 2.89 153
-1.31597 -1.66480 3.27 229
0.55230 -1.47989 2.89 154
-0.48054 -1.45366 3.29 233
1.45017 -1.57056 3.27 230
0.27042 -1.27178 2.32 80
0.35721 -1.15474 3.96 499
0.33880 -1.10158 2.62 105
-0.66174 -0.89457 2.75 124
1.26509 -0.92708 2.43 86
1.71272 -0.96101 3.54 303
-0.05934 -0.80276 3.91 476
0.77430 -0.58523 2.56 97
-0.30602 -0.50488 2.61 103
-0.77121 -0.31074 3.88 460
0.51311 -0.25306 3.24 222
0.45901 -0.19852 2.74 121
0.12768 -0.18238 3.53 296
-0.72636 0.10329 3.72 369
0.68667 0.10796 3.82 416
1.81712 0.28292 2.77 128
0.14358 0.23833 3.71 365
0.05662 0.34242 2.65 109
1.07157 0.53217 3.20 213
-0.06896 0.56563 3.80 407
-0.06896 0.56573 3.80 408
1.66668 0.77240 2.08 60
1.33207 0.85158 3.48 283
0.08210 0.83891 3.67 351
0.21862 0.85451 3.85 439
-1.50436 1.12817 2.68 111
-1.17210 1.13349 -0.04 3
0.56233 1.07376 3.75 381
0.67701 1.22618 2.77 127
1.33813 1.53749 3.14 203
0.25933 1.48284 2.00 50
-0.07047 1.53035 2.23 69
0.03639 1.50228 3.84 430
-0.74407 1.59979 2.70 118
1.87129 1.87581 3.42 266
-0.16160 1.69484 3.68 354
2.08475 2.06416 3.70 362
