0.28020 -1.11919 3.83 422
0.51776 -1.31053 3.89 466
0.65292 -2.39608 3.76 389
-0.55892 -0.95534 4.00 517
-0.11447 -0.66026 3.87 452
-1.04703 -1.53205 3.95 490
0.00973 -0.62124 3.62 333
-0.73121 -0.80301 3.32 238
-1.23261 -1.70079 3.78 398
-0.97059 -1.01896 1.68 28
1.00945 -1.00299 1.92 42
-0.10909 -0.49401 2.69 115
0.65853 -0.65811 2.89 152
-0.06851 -0.43501 3.05 186
-0.38976 -0.41769 3.64 341
-1.32205 -1.15584 3.77 392
-1.16984 -0.95590 4.00 516
-1.03219 -0.69041 3.01 176
-0.77079 -0.44849 2.76 125
0.57019 -0.38260 3.19 212
-0.20053 -0.17767 1.33 20
-0.20046 -0.17768 1.73 30
1.00519 -0.54416 2.85 142
-0.50383 -0.24392 3.13 199
1.10062 -0.64489 3.85 440
-1.14501 -0.59314 3.69 358
-1.32941 -0.76513 3.97 504
-0.91156 -0.35803 3.32 239
-1.01055 -0.39991 3.40 259
0.63826 -0.16738 -0.01 4
0.41710 -0.07061 0.61 11
0.63828 -0.16740 1.33 21
-0.25285 -0.03986 3.59 320
-1.49688 -0.80643 3.84 427
-0.08220 0.01462 1.25 18
-1.44486 -0.61822 2.25 72
1.49609 -0.65230 3.76 388
-0.30830 0.04051 2.80 133
-1.49545 -0.64479 3.44 270
-0.85764 -0.14708 3.78 399
-1.02882 -0.23626 3.82 415
-0.75468 -0.10600 3.91 474
-0.20784 0.14228 1.63 24
-1.46296 -0.44455 3.13 198
-1.39147 -0.19181 3.54 301
-0.76307 0.15629 3.89 463
0.31685 0.32582 2.30 77
1.08322 0.16568 3.41 264
-0.39485 0.37392 3.96 498
-0.43926 0.45761 2.60 100
-0.27516 0.50844 3.91 475
-1.16821 0.29782 2.69 114
-0.16401 0.58805 2.17 64
-1.28875 0.31774 3.84 428
-0.19980 0.60879 3.86 443
1.17666 0.33836 3.87 455
0.93908 0.52003 2.30 78
0.51248 0.63874 2.55 95
0.75411 0.65680 3.55 305
1.40369 0.50295 3.37 253
0.57291 0.77189 3.87 454
1.20636 0.69368 2.68 112
0.99129 0.83073 2.31 79
0.50970 0.92081 3.04 184
1.24151 0.74898 3.13 200
0.60376 0.92747 3.83 421
-1.73221 0.52035 3.85 437
1.66020 0.63041 2.78 129
0.51726 0.96681 3.41 263
1.52735 0.73177 3.22 217
0.34014 1.12656 3.88 459
1.16505 1.06657 4.00 518
0.78090 1.25598 2.06 58
0.23854 1.30148 2.75 123
1.69126 0.98761 3.56 310
-1.12358 1.49688 3.54 302
