-0.57304 -1.50952 3.84 432
-0.81081 -1.43888 2.96 165
0.24512 -1.21029 3.69 359
-1.56460 -1.05644 3.92 479
-0.70404 -1.02627 3.53 298
-1.06086 -0.79022 2.39 83
-0.24958 -0.76551 3.40 260
0.06186 -0.52464 2.49 92
0.97937 -0.48404 2.83 138
-0.16394 -0.07420 3.95 493
-0.12062 -0.02004 3.48 284
-0.64360 0.05030 3.76 390
0.04425 0.16390 2.42 85
0.81146 0.27686 2.06 55
-0.19588 0.28148 2.94 161
-1.29714 0.43412 3.20 214
1.18755 0.44687 3.27 226
-1.60962 0.75345 2.46 90
1.52696 0.83321 2.06 56
-1.17830 0.87855 3.72 371
1.31504 0.94901 3.87 446
-1.82588 1.26760 2.20 65
-1.35130 1.13560 3.94 486
0.01974 0.94843 3.62 337
-1.21760 1.27148 3.72 370
-1.47396 1.47156 1.25 19
-1.79071 1.74552 3.79 403
0.37050 1.21862 3.82 418
-1.74294 1.79703 3.98 512
1.63978 1.81215 3.57 312
-0.26976 1.45026 3.77 397
0.88788 1.85394 3.66 346
