0.55042 -1.84816 3.85 433
0.79984 -1.78459 3.35 246
1.38197 -2.20289 3.76 387
-0.14997 -1.52714 2.86 144
-1.87568 -2.48195 2.86 145
-1.44994 -1.86974 3.99 513
-0.32874 -1.27050 0.46 9
1.11588 -1.40217 3.27 227
-0.58185 -1.20153 3.92 477
-0.03005 -0.90138 3.56 307
-0.20689 -0.91566 3.70 360
-0.43890 -0.79856 3.95 487
0.30030 -0.82593 4.00 515
-0.69522 -0.71467 3.31 235
-1.28275 -0.85091 3.88 456
-0.50708 -0.48426 3.41 261
-1.14213 -0.66637 3.94 483
-1.16490 -0.59000 2.39 82
1.16823 -0.59042 3.86 442
0.39031 -0.30348 3.24 220
1.43786 -0.17102 3.96 494
1.36338 -0.13576 3.56 308
1.66387 -0.02259 3.82 413
0.61367 0.28610 3.87 447
0.76485 0.67736 3.69 356
-0.25541 0.74944 4.00 514
-1.32924 0.83855 2.04 53
-0.48789 1.03933 3.50 286
1.42788 1.11911 2.95 162
-1.05578 1.37352 3.45 273
-0.41159 1.39093 3.73 372
1.24957 1.38987 3.54 299
1.08878 1.42090 3.73 373
-1.91437 1.40618 3.56 306
-0.83794 1.52032 3.60 321
0.53545 1.48206 3.89 462
