-1.07507 -1.62672 3.61 330
1.71826 -1.60851 3.72 369
-0.06512 -1.52244 3.38 256
0.02999 -1.04915 2.83 139
-1.39981 -1.01706 3.94 485
-0.96982 -0.79947 2.14 63
-1.48186 -0.69450 3.34 243
0.71295 -0.59661 2.68 111
0.99222 -0.52558 -0.04 3
-1.40811 -0.38971 2.56 96
1.30231 -0.01700 2.70 118
1.08740 0.13135 3.58 318
1.61743 0.44707 3.47 280
-1.17568 0.30909 3.48 282
-1.48200 0.46106 3.83 420
-0.04178 0.44471 2.90 157
0.99725 0.57116 3.03 181
1.31631 0.79374 3.50 287
-1.73685 1.03918 3.05 185
-1.76906 1.15575 3.45 274
-1.11817 0.98483 3.01 177
-0.70242 1.06374 3.71 364
0.43811 1.10203 1.86 39
-0.57295 1.40743 2.44 87
0.20133 1.42224 2.27 75
0.20147 1.42202 3.95 491
-0.04932 1.48065 1.77 32
-0.99553 1.75190 2.37 81
-0.36254 1.58444 3.31 237
1.17472 2.05915 3.29 234
-1.57076 2.36170 3.80 405
