1.78646 -1.50339 2.98 166
-1.50823 -1.40768 3.63 338
0.60463 -1.47582 1.65 27
-0.56394 -1.26518 2.85 141
-0.68074 -1.22426 3.83 419
0.20337 -1.21355 2.69 113
1.61335 -0.88147 3.60 325
0.89236 -0.87572 2.62 104
-1.03162 -0.73951 3.39 257
0.76930 -0.78379 3.97 501
-0.95695 -0.62916 2.12 62
-0.44419 -0.78672 2.89 151
0.27251 -0.73405 3.17 205
0.23170 -0.74599 3.75 379
-1.60619 -0.29059 2.26 73
-0.54970 -0.62382 3.77 391
0.21439 -0.59339 2.99 168
0.76185 -0.44311 1.90 41
-0.86985 -0.41916 3.80 404
0.34261 -0.46158 0.08 6
-0.51359 -0.33672 3.01 175
-1.62778 0.17597 3.57 312
-0.65103 -0.19013 1.79 34
-0.85047 0.04037 3.95 488
-0.75169 0.04813 2.93 159
0.61585 0.04969 3.72 368
-0.81170 0.21092 3.76 385
-1.41062 0.95934 2.47 91
-1.25736 0.77281 2.68 110
1.45090 1.00311 3.36 250
-0.96402 0.79382 3.38 254
-0.63321 1.17884 3.98 509
-0.75686 1.88388 3.21 216
