0.30470 -1.72231 1.85 37
-0.90328 -1.79511 2.29 76
-1.80219 -1.98817 3.95 492
0.07357 -1.44559 2.99 169
0.81264 -1.47119 2.60 101
0.26689 -1.41319 2.70 119
-1.71967 -1.62044 3.88 461
-1.11701 -1.41061 2.82 137
0.87561 -1.33464 3.32 240
-1.21598 -1.30977 0.96 14
0.71848 -1.22643 2.02 52
-1.69796 -1.39073 2.89 153
0.58931 -1.25650 3.17 209
0.35923 -1.14193 2.81 136
-1.34188 -1.27782 2.89 154
-0.49025 -1.12475 3.27 230
-1.68506 -1.14730 2.32 80
0.92607 -0.92608 2.89 155
0.75890 -0.91385 3.51 289
0.85387 -0.96138 3.77 393
0.17749 -0.87708 3.86 445
-1.58365 -0.99910 3.96 499
-1.60886 -0.94746 2.62 105
1.10285 -0.75574 3.93 482
-0.65473 -0.59540 2.43 86
-0.29231 -0.56173 3.54 303
-1.13396 -0.33450 2.56 97
-0.01277 -0.25387 3.34 245
0.46652 -0.17747 3.85 441
-1.43885 -0.01023 3.24 222
0.90050 -0.00492 3.44 272
-1.50625 0.04650 2.74 121
0.28331 0.11086 3.26 225
-1.25390 0.38101 3.82 416
1.63351 0.32703 3.90 469
-0.16202 0.41162 3.75 382
0.00863 0.42355 3.97 505
1.20049 0.44589 3.36 251
-0.22199 0.51304 2.77 128
1.69865 0.66304 3.71 366
1.62693 0.81423 0.77 12
-0.86400 0.79901 3.20 213
0.09937 0.79009 3.73 375
1.55429 0.91971 2.72 120
-0.34178 0.96628 2.08 60
0.91600 1.07198 2.99 170
-0.62621 1.08635 3.48 283
-1.87910 1.29617 3.85 439
1.59713 1.45615 3.82 417
1.80416 1.56025 3.47 281
-1.44008 1.47576 3.75 381
-1.30939 1.62134 2.77 127
0.32821 1.54065 3.84 431
-0.63269 1.77394 3.14 203
