-1.33450 -2.55750 1.92 42
-0.08973 -1.49907 3.42 267
-0.30614 -1.52973 3.56 311
-1.21996 -1.94772 3.62 336
0.55292 -1.21061 2.86 145
-1.48885 -1.82791 3.62 335
-0.03797 -1.01485 3.65 345
1.02699 -1.28582 3.99 513
-0.26130 -0.93120 1.94 44
-1.72347 -1.64987 3.34 244
-1.76193 -1.60757 2.85 143
0.93410 -0.78787 3.49 285
-1.57394 -1.02834 3.66 348
-0.20366 -0.39636 3.11 195
0.62769 -0.44048 1.74 31
0.95625 -0.52723 2.10 61
-1.48633 -0.69047 3.51 288
1.26561 -0.54300 3.90 470
0.87551 -0.30479 3.97 507
-0.98956 -0.16979 3.97 506
0.57353 0.09872 3.01 178
1.44555 0.36607 1.16 17
-1.43666 0.35221 2.60 101
-1.42287 0.49417 3.32 240
-1.61775 0.53541 2.02 52
-1.74169 0.45752 3.17 209
0.34399 0.95567 3.74 377
-1.51862 0.90406 2.89 155
-1.70320 0.86328 3.51 289
1.81600 0.83545 3.66 349
-1.58057 0.84447 3.77 393
-1.39956 1.13678 3.93 482
0.66208 1.32470 2.87 148
0.55885 1.29630 3.68 355
1.70678 1.23459 3.27 231
-0.55664 1.41834 3.08 191
-0.61731 1.56564 3.57 316
