-0.60660 -2.21062 3.83 422
-0.69333 -1.84831 3.89 466
-0.23521 -0.99371 3.76 389
0.25876 -0.99421 2.80 132
0.89566 -1.41530 3.24 221
-0.67606 -0.97045 3.96 500
-0.70997 -0.52870 3.42 267
-0.88731 -0.64941 3.56 311
1.09357 -0.47878 2.86 144
-0.27268 -0.03527 2.86 145
-0.85924 -0.12316 3.65 345
0.12174 0.08969 3.99 513
1.11482 -0.18959 0.46 9
-1.10819 -0.15149 1.94 44
0.96622 0.02368 3.92 477
-0.09598 0.46237 3.49 285
1.45337 -0.01667 3.70 360
1.33718 0.23449 3.95 487
-1.31626 0.36716 3.11 195
-0.48125 0.66306 1.74 31
-0.16134 0.70371 2.10 61
1.18094 0.46828 3.31 235
0.10005 0.79889 3.90 470
0.66368 0.69736 3.88 456
-0.30853 0.88587 3.97 507
1.50838 0.54857 3.41 261
0.86426 0.77174 3.94 483
0.89186 0.84980 2.39 82
-0.75774 1.19529 3.01 178
