-1.81124 -1.98778 3.27 230
1.96559 -1.81596 3.74 377
-0.14114 -1.48552 2.89 155
-0.30791 -1.49572 3.51 289
-0.21165 -1.53467 3.77 393
-0.94041 -1.54131 3.86 445
0.02293 -1.28088 3.93 482
-1.50245 -1.22720 3.54 303
0.85253 -1.12430 3.08 191
0.80619 -0.98450 3.57 316
-1.14377 -0.83755 3.34 245
1.24761 -0.82713 3.77 396
-0.61205 -0.72434 3.85 441
-0.18471 -0.53009 3.44 272
-0.80269 -0.42705 3.26 225
0.69568 -0.31107 3.23 218
0.43463 -0.21174 3.90 469
-1.29121 -0.10928 3.75 382
-1.09576 -0.09998 3.97 505
0.07288 -0.10002 3.36 251
-1.35669 0.00013 2.77 128
1.67310 0.05266 3.92 479
0.46929 0.07869 3.71 366
0.40676 0.20979 0.77 12
-0.98581 0.26893 3.73 375
0.34549 0.30246 2.72 120
-1.47393 0.47890 2.08 60
-0.19041 0.47553 2.99 170
-1.81059 0.63067 3.48 283
1.04857 0.55970 3.63 340
1.07668 0.63883 3.77 395
0.35591 0.73872 3.82 417
0.50516 0.80051 3.47 281
-0.73852 0.95139 3.84 431
-1.76747 1.31751 3.14 203
0.13652 1.28951 3.08 190
-1.25668 1.40410 3.42 266
-0.95024 1.41806 3.83 423
-1.08761 1.47498 3.70 362
1.54898 1.64906 3.20 214
-2.00296 1.83797 3.92 478
-0.26616 1.60278 3.24 223
1.13348 1.82083 2.46 90
-0.37867 1.65664 3.45 275
