0.50496 -2.37966 3.83 422
-0.72915 -2.23405 3.76 389
-0.75861 -1.57791 2.80 132
-0.40925 -0.87347 3.24 221
0.90202 -1.39851 4.00 517
0.48219 -0.80821 3.95 490
1.10089 -1.25272 3.32 238
0.39472 -0.63757 3.78 398
0.92251 -0.96116 1.68 28
0.48037 -0.52134 3.98 511
0.86246 -0.62689 3.77 392
1.02189 -0.78630 4.00 516
1.27564 -0.96452 3.01 176
-0.64582 -0.40704 3.85 433
-0.52127 -0.21874 3.35 246
1.40050 -0.87021 3.69 358
-0.03909 -0.13267 3.76 387
1.24024 -0.66888 3.97 504
-1.32655 -0.69480 2.86 144
0.42383 -0.15913 3.27 228
1.22288 -0.51731 3.84 427
1.06984 -0.31528 1.86 38
1.41096 -0.58324 2.25 72
1.38886 -0.53528 3.44 270
-0.50250 0.20362 3.27 227
1.39722 -0.20667 1.96 45
0.35603 0.36220 -0.72 2
1.09373 0.10358 3.47 279
1.43576 -0.10151 3.62 332
0.06147 0.47711 3.85 434
0.59627 0.43064 2.93 160
-1.43722 0.11869 4.00 515
1.38049 0.33105 1.78 33
0.58434 0.86512 3.17 206
1.10650 0.71950 3.25 224
-0.88912 0.85127 3.86 442
0.19504 0.93435 3.96 495
1.57484 0.75731 2.25 71
1.42852 0.77964 3.73 374
1.12574 1.12570 2.70 117
1.43240 0.96373 3.61 328
0.12937 1.36627 3.12 196
-0.10437 1.38602 3.87 450
-0.00430 1.47784 2.64 107
-0.93565 1.38420 3.96 494
-1.01714 1.38179 3.56 308
0.52235 1.49026 3.85 435
0.88655 1.49946 3.96 496
0.53543 1.72337 3.02 179
-0.85069 1.64529 3.82 413
