-0.26149 -1.74804 3.83 422
0.03923 -1.67927 3.89 466
0.84861 -2.36287 3.76 389
0.85004 -3.22921 2.80 132
-1.13015 -2.52257 4.00 517
-0.93349 -1.75597 3.87 452
0.87257 -1.75766 3.96 500
-0.85088 -1.59993 3.62 333
-1.45297 -2.60271 3.32 238
0.14385 -1.05730 1.92 42
-1.05879 -1.60817 2.69 115
-0.31004 -1.06864 2.89 152
-1.06646 -1.51806 3.05 186
1.39388 -1.74983 3.42 267
1.22606 -1.51868 3.56 311
-1.40414 -1.83247 3.64 341
-0.56348 -0.92730 3.19 212
0.50024 -0.88740 3.62 336
-1.40098 -1.42357 1.33 20
-1.40091 -1.42351 1.73 30
-0.15160 -0.73351 2.85 142
-0.02761 -0.74051 3.85 440
-0.65972 -0.71242 -0.01 4
-0.90544 -0.80143 0.61 11
-0.65969 -0.71243 1.33 21
-1.56801 -1.35284 3.59 320
0.46958 -0.63868 3.62 335
-1.43238 -1.14542 1.25 18
0.20580 -0.49537 3.76 388
0.48377 -0.39801 3.34 244
0.49315 -0.35291 2.85 143
0.28822 -0.33928 3.13 201
-1.28112 -0.55979 2.30 77
-0.55362 -0.17648 3.41 264
0.91517 -0.17118 3.66 348
0.61656 -0.06793 2.95 164
-0.59796 -0.00028 3.87 455
-0.88992 -0.00379 2.30 78
-1.32816 -0.17455 2.55 95
-1.13042 -0.01025 3.55 305
1.19445 -0.03050 3.51 288
-0.54499 0.23419 3.37 253
-1.36785 -0.03177 3.87 454
-0.80135 0.26693 2.68 112
0.50932 0.32024 3.33 241
0.76183 0.28424 1.87 40
-1.05337 0.25314 2.31 79
-1.53201 0.04644 3.04 184
-0.81065 0.32382 3.13 200
0.34256 0.39010 3.62 334
-1.44942 0.10839 3.83 421
-0.45467 0.44268 2.78 129
-1.55778 0.08747 3.41 263
0.91272 0.41359 3.03 182
-0.60116 0.44964 3.22 217
0.87576 0.48707 2.41 84
0.34089 0.62858 3.08 189
-0.21110 0.61838 3.41 265
0.34607 0.62981 3.57 314
0.80689 0.61515 1.63 25
0.77249 0.61066 2.69 116
0.99100 0.57776 3.21 215
-1.06974 0.51194 4.00 518
-1.51679 0.46009 2.06 58
1.31832 0.50248 3.11 194
-0.64491 0.69312 3.56 310
1.45836 0.61215 1.85 37
0.34402 0.84162 2.29 76
-0.33492 0.88089 3.95 492
1.32067 0.91423 2.99 169
1.53991 0.89627 2.70 119
-0.50942 1.09546 3.66 347
-0.28663 1.14638 3.88 461
0.20006 1.21139 2.82 137
-0.54431 1.19391 3.58 319
0.12193 1.32491 0.96 14
-0.27583 1.34011 2.89 153
-1.81621 1.04383 3.27 229
1.77135 1.15072 2.81 136
0.01561 1.37945 2.89 154
-1.01981 1.31925 3.29 233
0.83200 1.36480 3.27 230
-0.27151 1.56928 2.32 80
1.68316 1.50588 3.86 445
-0.18793 1.70593 3.96 499
