-0.58873 -1.01302 3.83 422
-0.60642 -0.72228 3.89 466
-0.05364 -0.12900 3.76 389
0.40318 -0.24920 2.80 132
0.88318 -0.76360 3.24 221
-0.44951 -0.00370 3.96 500
-1.15428 -0.55693 1.92 42
-0.40145 0.40905 3.42 267
-0.58694 0.33704 3.56 311
-1.25977 -0.16620 3.62 336
1.37065 0.01488 2.86 144
0.12580 0.79525 2.86 145
-0.46826 0.84352 3.65 345
0.55848 0.83118 3.99 513
1.49726 0.29401 0.46 9
-0.71154 0.87251 1.94 44
1.41983 0.55154 3.92 477
0.43801 1.29370 3.49 285
-0.83030 1.47133 3.11 195
0.08444 1.61779 1.74 31
0.43756 1.59044 2.10 61
0.75242 1.64251 3.90 470
1.34435 1.38250 3.88 456
