2.08120 -1.85047 3.54 299
1.86539 -1.80557 3.73 373
-1.26261 -1.71217 3.56 306
-0.23840 -1.63024 3.60 321
1.19262 -1.71350 3.89 462
0.57190 -1.29177 3.04 183
0.89776 -0.90840 3.47 276
1.18123 -0.85066 2.53 94
1.49569 -0.53368 3.60 322
1.52685 -0.48819 3.74 376
-1.16316 -0.19758 2.83 138
-0.10935 -0.24695 3.62 331
0.18175 0.04494 2.64 106
0.33248 0.19181 2.00 49
1.68777 0.41550 2.87 146
1.71484 0.41827 3.63 339
1.64695 0.40709 3.70 361
1.65857 0.42547 3.87 448
0.85219 0.44786 3.63 338
-1.12044 0.59817 2.06 55
0.15317 0.51521 3.41 262
-0.71573 0.63303 3.27 226
1.68600 0.91390 2.85 141
1.53718 0.89587 3.83 419
0.33365 0.82662 3.00 171
-0.34025 0.86357 2.06 56
0.95922 1.15678 3.39 257
-0.47717 1.04678 3.87 446
0.97689 1.29779 2.12 62
1.62006 1.45089 2.89 151
-1.86656 1.73650 3.62 337
0.25394 1.25829 2.26 73
1.41358 1.55426 3.77 391
0.95693 1.55548 3.80 404
-1.32451 1.80638 3.82 418
1.31121 1.90362 3.01 175
-0.02004 1.65949 3.57 312
1.06953 1.96370 1.79 34
