1.72439 -1.79629 3.12 196
1.42530 -1.67483 3.87 450
1.56111 -1.61411 2.64 107
0.53561 -1.38619 3.96 494
0.46006 -1.36387 3.56 308
0.68928 -1.18596 3.82 413
-0.34417 -1.05674 3.87 447
1.12029 -0.74913 3.19 211
1.71718 -0.85803 3.60 324
-0.25837 -0.63713 3.69 356
-1.33896 -0.70398 4.00 514
1.46691 -0.70504 2.84 140
1.84408 -0.78143 3.81 411
1.55402 -0.53814 2.58 98
1.25515 -0.40298 3.31 236
-1.61683 -0.43153 3.50 286
1.81008 -0.38855 3.55 304
0.76536 -0.25299 3.87 449
0.23343 -0.18854 2.95 162
-1.52686 -0.08388 3.73 372
0.04247 0.01251 3.54 299
-0.09254 0.02851 3.73 373
1.31439 0.05620 0.12 7
-0.57780 0.04995 3.89 462
1.36858 0.13228 3.60 323
1.66640 0.17312 2.77 126
1.22412 0.24021 2.79 130
0.76605 0.34872 3.93 480
-1.12257 0.36403 3.04 183
1.50120 0.39110 3.36 248
1.74371 0.37369 3.81 410
1.70763 0.46112 1.70 29
1.78352 0.41387 2.05 54
1.63974 0.51752 2.23 68
1.04492 0.67809 3.72 367
-0.78777 0.72071 3.47 276
-0.51933 0.76616 2.53 94
1.00954 0.86510 3.69 357
0.31890 0.87283 3.91 471
1.55860 0.93376 1.64 26
0.99335 0.94651 3.19 210
1.75790 1.18530 3.54 300
-0.21077 1.04963 3.60 322
-0.17839 1.09134 3.74 376
0.29070 1.26168 3.47 277
0.70143 1.49695 3.40 258
0.56998 1.47314 3.65 342
0.70037 1.50301 3.84 425
0.81225 1.54792 0.85 13
0.62035 1.60520 3.76 386
0.70933 1.72604 3.53 294
