0.08558 -1.67869 3.90 468
1.23066 -1.49691 3.91 473
0.79552 -1.26663 3.88 457
-0.57699 -1.08800 0.38 8
0.49770 -1.04577 3.11 192
0.37394 -1.01938 3.38 255
-0.73614 -0.89982 2.90 156
-0.04743 -0.86100 3.52 290
1.14103 -0.78437 3.52 291
1.54448 -0.62447 1.35 22
-1.31729 -0.58894 3.36 249
-1.39314 -0.36953 1.93 43
1.46605 -0.33817 3.52 292
-0.81206 -0.42039 3.58 317
0.31434 -0.35965 3.94 484
1.62109 -0.12644 2.61 102
1.62118 -0.12649 3.80 406
-0.97312 -0.17820 3.79 400
-0.75059 -0.12330 3.53 295
-1.53842 0.02191 2.88 149
-1.66212 0.04592 3.28 232
1.08032 0.01751 2.98 167
1.52078 0.07334 3.44 271
-0.43207 -0.01807 3.57 313
-1.20584 0.11589 2.98 166
1.15191 0.15709 3.88 458
-0.64612 0.18447 3.79 401
-0.40889 0.17530 1.14 16
-0.51955 0.39472 1.98 47
-0.51955 0.39474 2.88 150
-1.00265 0.58858 3.60 325
0.68778 0.55562 3.13 197
0.64723 0.68636 3.82 414
-1.64364 0.97932 2.62 104
-1.72027 1.14249 3.97 501
1.34011 1.15366 3.05 185
0.42233 0.94296 3.97 503
1.25606 1.21749 3.45 274
-1.50346 1.46086 1.90 41
1.89093 1.62200 3.01 177
0.42744 1.27022 3.60 326
0.37966 1.31932 3.14 202
0.68087 1.62327 3.17 207
-1.31575 2.09248 3.72 368
