-0.50573 -1.47360 3.66 348
-0.85034 -1.54915 2.95 164
0.97831 -1.41418 3.11 195
-0.32725 -1.18321 3.51 288
-1.14363 -1.19955 3.33 241
-0.86397 -1.10060 1.87 40
-1.36439 -1.22076 3.62 334
-0.77579 -0.90430 3.03 182
0.25025 -0.85853 3.97 506
-0.84227 -0.85299 2.41 84
-1.46707 -0.97092 3.08 189
-1.46149 -0.96700 3.57 314
-0.96271 -0.76523 1.63 25
-0.99451 -0.78421 2.69 116
-0.77415 -0.72212 3.21 215
-0.46318 -0.65922 3.11 194
-0.39960 -0.52035 1.85 37
-1.54953 -0.75497 2.29 76
-0.63062 -0.32676 2.99 169
0.03015 -0.25965 2.60 101
-0.45344 -0.27608 2.70 119
0.08163 -0.14237 3.32 240
-0.05633 -0.06907 2.02 52
-0.16979 -0.10809 3.17 209
-0.38556 -0.03396 2.81 136
-1.23367 -0.11316 3.27 230
0.12123 0.21039 2.89 155
-0.02816 0.20684 3.51 289
0.05780 0.17285 3.77 393
-0.57979 0.18830 3.86 445
0.27646 0.37746 3.93 482
-1.51504 0.39503 2.43 86
-1.10887 0.45998 3.54 303
1.09415 0.49734 3.08 191
1.07083 0.63050 3.57 316
-0.84381 0.80759 3.34 245
1.56613 0.77913 3.77 396
-0.34111 0.91251 3.85 441
0.08797 1.11343 3.44 272
-0.55832 1.23191 3.26 225
1.07111 1.36223 3.23 218
0.78832 1.48484 3.90 469
-1.11751 1.60598 3.75 382
-0.91117 1.61862 3.97 505
0.38455 1.62553 3.36 251
-1.21136 1.74335 2.77 128
