-0.92664 -1.61598 3.88 458
0.22146 -1.21717 3.48 282
-1.17601 -0.98749 3.13 197
-0.07848 -1.15319 3.83 420
-1.14774 -0.83699 3.82 414
1.28301 -0.69616 2.90 157
-0.38545 -0.70823 3.05 185
-1.23030 -0.48962 3.97 503
-0.42695 -0.62301 3.45 274
0.09299 -0.56211 3.01 177
-1.06768 -0.21371 3.60 326
0.41421 -0.35398 3.71 364
-1.08692 -0.15133 3.14 202
1.47093 0.12627 1.86 39
-0.71910 -0.06775 3.17 207
0.42294 -0.02904 2.44 87
1.09522 0.28711 2.27 75
1.09544 0.28700 3.95 491
0.84519 0.22887 1.77 32
0.01353 0.07341 2.37 81
0.54412 0.18374 3.31 237
-0.47127 0.27610 3.80 405
-0.96431 0.59079 3.36 250
0.02357 0.36002 1.79 35
-0.53403 0.52457 3.67 350
1.04026 0.90643 3.65 344
0.15157 0.78669 3.84 429
0.43827 0.89052 3.87 453
1.00806 1.55954 3.05 187
0.80456 1.50715 2.08 59
