-1.31133 -1.59795 3.76 390
-0.47684 -1.52349 2.42 85
0.36646 -1.46448 2.06 55
1.76570 -1.15654 3.41 262
-0.72431 -1.35311 2.94 161
0.74543 -1.30781 3.27 226
1.03849 -0.94218 2.06 56
-1.63131 -0.58221 3.72 371
0.83733 -0.80863 3.87 446
-1.72241 -0.31538 3.94 486
-0.38329 -0.66161 3.62 337
1.47546 -0.35279 2.26 73
-1.53972 -0.21194 3.72 370
-0.02250 -0.45652 3.82 418
1.04729 -0.13128 3.57 312
-0.58524 -0.18265 3.77 397
1.56391 0.44336 3.95 488
1.61531 0.54311 2.93 159
0.44543 -0.01356 3.66 346
1.40833 0.56281 3.76 385
0.44244 0.13061 2.23 67
0.48816 0.21236 3.44 269
-0.62252 0.27440 3.35 247
-0.49216 0.24684 3.75 384
0.19893 0.23148 2.27 74
0.49869 0.37817 2.47 91
0.69596 0.42115 2.68 110
-1.07937 0.74868 3.43 268
-0.85929 0.65010 2.44 88
0.78868 0.67943 3.38 254
-0.27393 0.63013 3.52 293
-1.25984 1.47140 3.07 188
-0.58807 1.01616 3.23 219
-0.99566 1.36784 3.83 424
-1.09273 1.88707 3.57 315
0.58377 1.14265 3.98 509
-0.00201 1.26746 3.21 216
