-0.48941 -1.72621 3.77 396
1.46040 -1.63242 3.74 378
0.16931 -1.45510 2.91 158
0.90019 -1.19375 3.84 432
0.65636 -1.12611 2.96 165
-1.00530 -1.15841 3.23 218
-1.29042 -1.04180 3.90 469
-1.72674 -0.89775 3.36 251
1.77239 -0.88538 3.69 359
-0.05706 -0.80044 3.92 479
0.69214 -0.73836 3.53 298
-1.20036 -0.70933 3.71 366
-1.25034 -0.55944 0.77 12
0.32216 -0.53991 2.39 83
-1.30527 -0.45200 2.72 120
1.11787 -0.45244 3.40 260
-0.55285 -0.27462 3.63 340
1.43320 -0.16725 2.49 92
-0.52081 -0.20464 3.77 395
-1.22133 0.00176 3.82 417
-1.05277 0.03598 3.47 281
1.09586 0.27330 3.95 493
1.13529 0.33900 3.48 284
0.57230 0.30975 3.76 390
-1.37267 0.58300 3.08 190
1.29439 0.57349 2.42 85
0.99916 0.64172 2.94 161
-0.08228 0.54911 3.20 214
-1.77872 0.99748 3.24 223
-0.38499 0.77265 2.46 90
-0.97109 0.92604 3.89 467
-0.05723 0.99085 3.72 371
-0.63206 1.17708 2.20 65
-0.24494 1.18576 3.94 486
1.12763 1.43400 3.62 337
-0.15763 1.35284 3.72 370
-0.40036 1.46226 1.25 19
-1.01745 1.59356 2.87 147
-0.68676 1.61338 3.79 403
1.51245 1.89188 3.82 418
-0.66054 1.67524 3.98 512
