0.34977 -0.06411 3.83 422
0.53321 -0.26446 3.89 466
0.45428 -1.09301 3.76 389
-0.40884 0.21597 4.00 517
0.05120 0.41871 3.87 452
-0.88888 -0.19938 3.95 490
0.17856 0.43584 3.62 333
-0.55656 0.38383 3.32 238
-1.05466 -0.30474 3.78 398
-0.79474 0.22445 1.68 28
1.06264 -0.08170 1.92 42
0.08260 0.58051 2.69 115
0.80834 0.29262 2.89 152
0.13260 0.63296 3.05 186
-1.19077 -0.22991 3.98 511
-0.18464 0.70392 3.64 341
-1.11959 0.15884 3.77 392
-0.97508 0.31296 4.00 516
-0.83403 0.53924 3.01 176
-0.56438 0.73552 2.76 125
0.78678 0.57879 3.19 212
0.04138 0.92312 1.33 20
0.04145 0.92310 1.73 30
1.18383 0.34424 2.85 142
-0.27694 0.90331 3.13 199
1.25025 0.23102 3.85 440
-0.93702 0.65210 3.69 358
-1.11762 0.51556 3.97 504
-0.69599 0.85134 3.32 239
-0.79642 0.82440 3.40 259
0.91203 0.79152 -0.01 4
0.70481 0.93420 0.61 11
0.91204 0.79149 1.33 21
0.00946 1.08240 3.59 320
-1.27467 0.50321 3.84 427
0.19753 1.11421 1.25 18
-1.48547 0.35703 1.86 38
-1.22412 0.67580 2.25 72
-0.03585 1.18191 2.80 133
-1.27237 0.65793 3.44 270
-0.62560 1.06624 3.78 399
-0.80462 0.99862 3.82 415
-0.51699 1.09392 3.91 474
0.08726 1.28138 1.63 24
-1.23963 0.85244 3.13 198
-1.39111 0.90283 2.50 93
-1.16565 1.10607 3.54 301
-0.49990 1.39223 3.89 463
0.69571 1.40790 2.30 77
1.49156 1.08410 3.41 264
-0.07631 1.59015 3.96 498
-0.11205 1.70187 2.60 100
0.07858 1.73765 3.91 475
