0.72141 -1.78788 3.95 487
1.65644 -2.25726 4.00 515
-1.43140 -1.89340 1.74 31
-1.02545 -1.72220 2.10 61
0.47289 -1.56908 3.31 235
-0.73258 -1.52161 3.90 470
-0.10886 -1.46816 3.88 456
-1.22103 -1.54734 3.97 507
0.73190 -1.39255 3.41 261
0.06499 -1.33386 3.94 483
0.06663 -1.24784 2.39 82
1.90866 -1.59831 3.24 220
-1.77989 -1.32404 3.01 178
-0.99516 -0.60600 1.16 17
-0.89606 -0.11244 3.66 349
1.30642 -0.16138 4.00 514
-0.72274 -0.03640 3.97 508
0.29869 0.10211 2.04 53
-1.13777 0.16354 3.27 231
1.11842 0.15880 3.50 286
0.65271 0.51361 3.45 273
1.27256 0.47089 3.73 372
-0.00764 0.60062 3.56 306
0.88008 0.61802 3.60 321
-1.23266 0.63738 3.74 378
1.81585 0.90445 3.04 183
-1.81830 1.01156 3.84 432
-0.93004 1.31611 3.69 359
