1.99643 -1.52767 3.65 343
1.99643 -1.52767 3.68 353
-0.90978 -1.49476 3.91 473
1.57187 -1.46539 3.89 464
1.05291 -1.29968 3.61 330
-1.28902 -1.26011 3.88 457
-1.56246 -1.01022 3.11 192
-1.70494 -0.97125 3.38 255
-0.81245 -0.80203 3.52 291
-0.09777 -0.85387 3.85 438
0.59806 -0.77370 3.94 485
-0.42360 -0.69744 1.35 22
0.92506 -0.52356 2.14 63
0.44675 -0.50355 3.34 243
-0.42155 -0.43132 3.52 292
-1.57188 -0.23818 3.94 484
-0.25141 -0.27069 2.61 102
-0.25135 -0.27075 3.80 406
0.42747 -0.22679 2.56 96
-0.66672 -0.03314 2.98 167
-0.28457 -0.07824 3.44 271
-0.56904 0.07924 3.88 458
0.43456 0.45251 3.48 282
-0.89865 0.59236 3.13 197
0.14803 0.49564 3.83 420
-0.90385 0.73420 3.82 414
1.56665 1.02491 2.90 157
-0.18331 0.90534 3.05 185
-1.06413 1.07993 3.97 503
-0.23426 0.99112 3.45 274
0.29861 1.09083 3.01 177
-0.96725 1.40134 3.60 326
0.64738 1.35207 3.71 364
-1.00324 1.47422 3.14 202
1.99743 2.09416 1.86 39
-0.62603 1.60854 3.17 207
0.67076 1.76411 2.44 87
1.55019 2.29690 2.27 75
1.55045 2.29675 3.95 491
