0.45831 -1.88559 3.83 422
0.68246 -2.19746 3.89 466
-0.37727 -1.43956 4.00 517
0.14247 -1.24685 3.87 452
-1.00854 -1.92417 3.95 490
0.27986 -1.23950 3.62 333
-0.50655 -1.22840 3.32 238
-1.23425 -2.05251 3.78 398
-0.79221 -1.39015 1.68 28
1.31820 -1.99726 1.92 42
0.18571 -1.06974 2.69 115
0.97528 -1.47221 2.89 152
0.24042 -1.01788 3.05 186
-1.36481 -1.93017 3.98 511
-0.07875 -0.91607 3.64 341
-1.15726 -1.43569 3.77 392
-0.96118 -1.26906 4.00 516
-0.76201 -1.03217 3.01 176
-0.45473 -0.85206 2.76 125
0.92983 -1.13602 3.19 212
0.16386 -0.71610 1.33 20
0.16392 -0.71612 1.73 30
1.39411 -1.44807 2.85 142
-0.14957 -0.71018 3.13 199
1.48951 -1.59660 3.85 440
-0.84021 -0.90553 3.69 358
-1.05411 -1.03228 3.97 504
-0.56423 -0.72731 3.32 239
-0.66648 -0.74544 3.40 259
1.04513 -0.91913 -0.01 4
0.82377 -0.75805 0.61 11
1.04514 -0.91916 1.33 21
0.14228 -0.56387 3.59 320
-1.21531 -1.03153 3.84 427
0.32405 -0.54867 1.25 18
-1.47482 -1.17109 1.86 38
-1.11682 -0.85754 2.25 72
0.10545 -0.47086 2.80 133
-1.16886 -0.87154 3.44 270
-0.46183 -0.53197 3.78 399
-0.64168 -0.58039 3.82 415
-0.35584 -0.51490 3.91 474
0.22624 -0.39241 1.63 24
-1.08538 -0.68386 3.13 198
-1.21492 -0.62500 2.50 93
-1.51993 -0.81536 1.96 45
-0.95520 -0.45782 3.54 301
-0.30152 -0.25977 3.89 463
0.79385 -0.32565 2.30 77
1.60005 -0.67487 3.41 264
-1.62961 -0.76120 3.62 332
0.09446 -0.12765 3.96 498
0.07020 -0.03933 2.60 100
0.23807 -0.02344 3.91 475
-0.63465 -0.04690 2.69 114
0.36217 0.03039 2.17 64
-0.73567 -0.00596 3.84 428
0.33164 0.05693 3.86 443
1.49332 -0.26701 2.30 78
1.05446 -0.05579 2.55 95
-1.63971 -0.33131 3.75 380
1.31370 -0.08810 3.55 305
1.14059 0.06270 3.87 454
1.59804 0.03662 2.31 79
1.10003 0.21895 3.04 184
1.19886 0.20764 3.83 421
-1.06211 0.25253 3.85 437
1.11561 0.26152 3.41 263
-1.58268 0.15875 3.60 327
0.96238 0.44340 3.88 459
1.43636 0.48854 2.06 58
0.89144 0.62066 2.75 123
-0.32062 0.98560 3.54 302
1.70786 1.07407 3.27 229
0.46991 1.50685 2.65 108
1.10007 1.45315 3.00 174
0.13966 1.57312 3.00 173
