-1.70525 -1.64678 1.16 17
1.87473 -1.64739 3.87 447
-1.53907 -1.02399 3.66 349
0.79016 -0.91511 4.00 514
-1.32848 -0.92191 3.97 508
-0.21282 -0.70351 2.04 53
-1.80573 -0.72165 3.27 231
0.57937 -0.60310 3.50 286
0.11266 -0.27609 3.45 273
0.68573 -0.29782 3.73 372
-0.53850 -0.21054 3.56 306
0.31704 -0.17145 3.60 321
1.67278 -0.27447 3.89 462
1.09553 0.09740 3.04 183
-1.47744 0.46203 3.69 359
1.48501 0.45943 3.47 276
1.81575 0.52221 2.53 94
-1.72512 1.24265 2.49 92
-0.64714 1.13600 2.83 138
0.43234 1.13569 3.62 331
0.76792 1.50641 2.64 106
0.95899 1.71212 2.00 49
-2.04097 2.01190 3.48 284
