-0.67022 -1.56071 3.63 338
1.41695 -1.32972 1.65 27
-1.39919 -1.26319 3.41 262
0.17313 -1.29463 2.85 141
0.05250 -1.27210 3.83 419
0.93065 -1.12499 2.69 113
-1.06000 -0.97790 3.00 171
-1.77954 -0.69566 2.06 56
1.59356 -0.65686 2.62 104
-0.37515 -0.86224 3.39 257
1.43656 -0.58505 3.97 501
-0.32906 -0.74500 2.12 62
0.18784 -0.80911 2.89 151
0.89557 -0.62866 3.17 205
0.85590 -0.64829 3.75 379
-0.97453 -0.54031 2.26 73
0.05194 -0.66917 3.77 391
0.80413 -0.49806 2.99 168
1.34962 -0.23469 1.90 41
-0.29157 -0.52992 3.80 404
0.90766 -0.34005 0.08 6
0.02628 -0.38459 3.01 175
-1.08335 -0.11643 3.57 312
-0.13460 -0.26986 1.79 34
-0.36753 -0.08946 3.95 488
-0.27783 -0.06207 2.93 159
-1.42958 0.42896 3.66 346
1.07993 0.23753 3.72 368
-0.36663 0.08030 3.76 385
-1.30319 0.53066 2.23 67
-1.19712 0.54630 3.44 269
-1.40692 0.82048 2.27 74
-1.04885 0.64646 2.47 91
-0.87935 0.50958 2.68 110
-0.62321 0.59609 3.38 254
-1.42954 1.58107 3.52 293
-1.32434 2.20869 3.23 219
-0.39990 1.03937 3.98 509
-0.65579 1.66946 3.21 216
