0.96010 -1.52958 1.98 47
0.96009 -1.52956 2.88 150
-1.04217 -1.42088 2.69 113
0.40201 -1.46735 3.60 325
-0.23244 -1.27037 2.62 104
-0.31403 -1.14470 3.97 501
-1.55838 -0.76420 2.89 151
-0.77670 -0.94543 3.17 205
-0.82249 -0.94470 3.75 379
1.69604 -0.56561 3.97 503
-1.60276 -0.55477 3.77 391
-0.77942 -0.78526 2.99 168
-0.19904 -0.81104 1.90 41
-0.60179 -0.69605 0.08 6
-1.43407 -0.27026 3.01 175
1.51763 -0.26744 3.60 326
1.44431 -0.24642 3.14 202
-1.52011 -0.06764 1.79 34
1.58641 0.11812 3.17 207
-1.52494 0.21369 2.93 159
-0.15930 -0.29844 3.72 368
-1.51857 0.40115 3.76 385
1.38575 0.53827 3.80 405
0.83243 0.25020 3.36 250
-1.42851 1.03454 3.38 254
1.10562 0.60087 3.67 350
1.23785 1.44744 3.84 429
-0.92680 1.23645 3.98 509
-0.77493 1.91556 3.21 216
-0.03768 1.72694 2.02 51
