-0.70888 -1.52565 3.66 349
1.83332 -1.68452 4.00 514
-0.51407 -1.43987 3.97 508
0.60501 -1.30893 2.04 53
-0.91824 -1.19450 3.27 231
1.53209 -1.26721 3.50 286
0.95731 -0.85137 3.45 273
1.64301 -0.90947 3.73 372
0.26290 -0.74980 3.56 306
1.18777 -0.74428 3.60 321
-0.93540 -0.69711 3.74 378
-1.39948 -0.34773 3.84 432
-1.66155 -0.28544 2.96 165
-0.57416 -0.08809 3.69 359
-1.56839 0.10493 3.53 298
-1.06969 0.34544 3.40 260
-0.73216 0.57090 2.49 92
0.17235 0.54741 2.83 138
1.25453 0.62324 3.62 331
1.60705 1.01226 2.64 106
-0.97402 1.08745 3.95 493
1.81069 1.23141 2.00 49
-0.92334 1.14540 3.48 284
-1.56583 1.30712 3.76 390
-0.72896 1.34158 2.42 85
0.10655 1.36030 2.06 55
1.55350 1.60283 3.41 262
-1.01107 1.52730 2.94 161
0.50222 1.49820 3.27 226
1.80470 2.10118 3.00 171
