0.62402 -1.68463 3.40 260
-1.21013 -1.38242 3.63 340
0.93110 -1.36608 2.49 92
-1.15683 -1.29756 3.77 395
-1.72612 -0.97052 3.47 281
0.59474 -0.87145 3.95 493
0.63138 -0.80740 3.48 284
0.08690 -0.79439 3.76 390
0.77354 -0.58947 2.42 85
1.60475 -0.35736 2.06 55
0.50314 -0.49975 2.94 161
-0.55128 -0.49461 3.20 214
-0.82943 -0.24543 2.46 90
-1.40915 -0.03665 3.89 467
-0.47503 -0.07475 3.72 371
-1.01308 0.15542 2.20 65
-0.63329 0.11945 3.94 486
0.61299 0.17963 3.62 337
-0.53069 0.25328 3.72 370
-0.74558 0.37306 1.25 19
-1.31699 0.55729 2.87 147
-0.99467 0.53172 3.79 403
0.91367 0.48816 3.82 418
-0.96015 0.57816 3.98 512
0.26997 0.56593 3.77 397
-1.30368 0.98680 3.79 402
-1.37249 1.14264 3.77 394
1.30412 1.13912 3.66 346
1.25733 1.30226 2.23 67
1.28763 1.41951 3.44 269
0.07988 1.00126 3.35 247
0.21376 1.02440 3.75 384
0.94228 1.30359 2.27 74
1.24941 1.62255 2.47 91
1.48478 1.78253 2.68 110
-0.50535 1.29724 3.43 268
-0.27419 1.28842 2.44 88
1.52813 2.17172 3.38 254
-1.75891 2.77605 3.17 208
0.29645 1.52880 3.52 293
-0.95028 1.97301 3.07 188
