1.42496 -2.55163 3.98 511
0.27507 -1.43165 3.85 433
0.49502 -1.33541 3.35 246
1.02944 -1.60276 3.76 387
-0.41666 -1.25471 2.86 144
1.57211 -2.03751 3.27 228
-1.70667 -1.80784 3.99 513
-0.62247 -1.04263 0.46 9
0.74730 -0.94904 3.27 227
-0.88729 -1.01628 3.92 477
-0.36740 -0.64710 3.56 307
-0.54179 -0.68548 3.70 360
1.48338 -1.04380 3.85 434
-0.79136 -0.60417 3.95 487
-0.05308 -0.53058 4.00 515
-1.06910 -0.55700 3.31 235
-1.68368 -0.77912 3.88 456
-0.90213 -0.30188 3.41 261
-1.55741 -0.57138 3.94 483
-1.59436 -0.49674 2.39 82
0.73566 -0.20250 3.86 442
-0.01758 -0.01621 3.24 220
1.75248 -0.10847 3.87 450
0.94859 0.21967 3.96 494
0.87935 0.24591 3.56 308
1.13984 0.38105 3.82 413
0.14276 0.58978 3.87 447
1.72241 0.77291 3.19 211
0.25354 0.99777 3.69 356
-0.79655 1.00228 4.00 514
-1.08913 1.30271 3.50 286
1.46720 1.37529 3.87 449
0.84989 1.48688 2.95 162
-1.79158 1.65176 3.45 273
-1.05463 1.69872 3.73 372
