-0.16476 -1.43016 3.45 273
0.45731 -1.44551 3.73 372
-0.89007 -1.36215 3.56 306
0.05747 -1.30198 3.60 321
1.47614 -1.40035 3.89 462
0.84586 -0.99245 3.04 183
-1.83652 -0.60105 3.69 359
1.17800 -0.62062 3.47 276
1.47456 -0.56167 2.53 94
-0.87708 0.04344 2.83 138
0.14700 0.01932 3.62 331
0.43458 0.32097 2.64 106
0.58733 0.47671 2.00 49
1.13391 0.76634 3.63 338
-1.81426 0.97501 2.42 85
-0.87900 0.83247 2.06 55
0.39653 0.80529 3.41 262
-0.48548 0.88675 3.27 226
0.57982 1.14409 3.00 171
-0.11836 1.14556 2.06 56
1.25343 1.54409 3.39 257
-0.26381 1.33088 3.87 446
1.27389 1.70310 2.12 62
2.00646 1.92881 2.89 151
-1.66999 1.96407 3.62 337
0.48881 1.60665 2.26 73
1.77078 2.03092 3.77 391
1.25329 1.99329 3.80 404
