0.11238 -1.70908 3.24 221
1.28383 -3.56401 4.00 517
1.08402 -2.33990 3.95 490
1.07357 -2.06107 3.78 398
1.23860 -1.99612 3.98 511
1.67497 -2.46843 3.77 392
0.14522 -1.10226 3.85 433
0.34986 -0.99579 3.35 246
0.85920 -1.19766 3.76 387
-0.53576 -0.99255 2.86 144
1.36085 -1.53896 3.27 228
-0.75559 -0.80685 0.46 9
0.57342 -0.61623 3.27 227
-1.02394 -0.80195 3.92 477
1.54036 -0.93546 -0.72 2
-0.52975 -0.40520 3.56 307
-0.70205 -0.45494 3.70 360
1.26407 -0.65222 3.85 434
-0.96155 -0.39257 3.95 487
-0.22420 -0.26992 4.00 515
-1.25087 -0.36522 3.31 235
-1.10164 -0.09863 3.41 261
0.53326 0.10114 3.86 442
1.62318 -0.28352 3.96 495
-0.22085 0.24288 3.24 220
1.74133 0.14165 3.12 196
1.49969 0.25059 3.87 450
1.64426 0.29180 2.64 107
0.72468 0.53191 3.96 494
0.65614 0.55478 3.56 308
0.90566 0.70358 3.82 413
-0.09572 0.87162 3.87 447
1.46017 1.12620 3.19 211
-0.00648 1.30560 3.69 356
-1.10958 1.27158 4.00 514
1.86063 1.16101 2.84 140
1.73580 1.53185 3.31 236
-1.45716 1.59221 3.50 286
