1.70498 -1.52120 2.64 106
-1.01456 -1.43811 3.95 493
1.82247 -1.28719 2.00 49
-0.94845 -1.37612 3.48 284
-1.54857 -1.21182 3.76 390
-0.71525 -1.17839 2.42 85
0.10410 -1.16045 2.06 55
1.43853 -0.94102 3.41 262
-0.95172 -1.00686 2.94 161
0.47577 -1.03280 3.27 226
1.50914 -0.55513 3.00 171
0.78370 -0.70713 2.06 56
0.60457 -0.57073 3.87 446
-0.57742 -0.35964 3.62 337
1.25277 -0.17355 2.26 73
-0.20551 -0.18086 3.82 418
0.86657 0.06843 3.57 312
-0.75625 0.12900 3.77 397
1.42173 0.59953 3.95 488
1.48211 0.69544 2.93 159
0.28981 0.22606 3.66 346
1.28479 0.73169 3.76 385
0.29832 0.37056 2.23 67
0.35025 0.44946 3.44 269
-0.77133 0.59889 3.35 247
-0.63815 0.56008 3.75 384
0.06324 0.49074 2.27 74
0.37430 0.61665 2.47 91
0.57381 0.64480 2.68 110
-1.23047 1.13860 3.43 268
-1.00086 1.01325 2.44 88
0.68890 0.90135 3.38 254
-0.39078 0.94081 3.52 293
-1.39942 1.95240 3.07 188
-0.69625 1.38061 3.23 219
-1.11519 1.80772 3.83 424
-1.19963 2.40658 3.57 315
0.52505 1.40377 3.98 509
-0.06618 1.59476 3.21 216
