0.21830 -1.74564 1.96 45
0.87779 -1.90111 3.54 301
1.75483 -2.40333 3.89 463
-1.09435 -1.85012 -0.72 2
-0.21031 -1.62483 3.47 279
0.18388 -1.61844 3.62 332
-1.52082 -1.94284 3.85 434
-0.86105 -1.60439 2.93 160
1.48872 -1.79207 2.69 114
1.40330 -1.65629 3.84 428
-0.10175 -1.25092 1.78 33
0.43300 -1.26736 3.75 380
0.20235 -1.21375 3.84 426
0.25734 -1.18077 3.91 472
0.49122 -1.05060 2.21 66
-1.08002 -1.17578 3.17 206
-0.52084 -1.04731 3.25 224
1.23946 -1.15891 3.85 437
-1.54850 -1.32773 3.96 495
-0.17285 -0.81888 2.25 71
0.75405 -0.92011 3.60 327
-0.29141 -0.85934 3.73 374
-0.69071 -0.71038 2.70 117
-0.37456 -0.71804 3.61 328
-1.79427 -0.93807 3.12 196
0.22154 -0.55863 3.97 502
0.26520 -0.44489 3.68 352
-1.40032 -0.65604 3.85 435
-1.05323 -0.51446 3.96 496
-1.47205 -0.46718 3.02 179
-0.65751 -0.26830 2.45 89
-0.97517 -0.29605 1.50 23
-0.42350 -0.22642 3.96 497
-0.94458 -0.23226 3.47 278
-0.87158 -0.13499 1.84 36
-0.78761 -0.14491 3.85 436
-0.15071 0.03523 2.81 134
-0.37118 -0.00303 3.34 242
-1.07676 -0.04032 3.87 451
-0.96123 -0.00395 3.02 180
-1.37482 0.20131 3.95 489
-1.60591 0.24512 1.98 46
-1.27787 0.36464 -1.46 1
1.76512 0.29033 3.81 412
1.57544 0.59707 3.61 329
-0.53043 0.83241 3.93 481
0.94850 0.86924 1.98 48
0.08030 1.17258 3.90 468
1.20654 1.33980 3.91 473
0.82697 1.57449 3.88 457
