-1.70255 -1.44625 3.84 431
1.46072 -1.23174 3.76 390
-0.62693 -1.19650 3.08 190
-1.73201 -0.91560 3.83 423
0.64918 -1.05257 3.20 214
-0.96191 -0.85023 3.24 223
0.30044 -0.86341 2.46 90
-1.05830 -0.78770 3.45 275
-0.26645 -0.80163 3.89 467
-1.61759 -0.36228 3.86 444
-1.10634 -0.44126 0.03 5
0.58814 -0.59915 3.72 371
0.02289 -0.52193 2.20 65
0.37642 -0.45202 3.94 486
1.66317 0.00705 3.62 337
0.43277 -0.29370 3.72 370
0.20082 -0.24429 1.25 19
-0.32942 -0.24103 2.87 147
-0.05798 -0.17249 3.79 403
-1.52505 0.18952 3.80 409
-0.04045 -0.12104 3.98 512
1.12687 0.27029 3.77 397
-1.19995 0.38283 2.23 70
-0.41404 0.12763 3.79 402
-1.39813 0.55151 2.79 131
-0.49960 0.23440 3.77 394
-1.07307 0.66592 3.75 383
0.78342 0.60407 3.35 247
0.90768 0.67603 3.75 384
1.56954 1.23523 2.27 74
-1.49525 1.37813 2.74 122
0.16174 0.64529 3.43 268
0.36620 0.72152 2.44 88
-1.05760 1.29916 3.17 208
0.82196 1.14847 3.52 293
-0.35564 1.01911 3.07 188
0.32218 1.18926 3.23 219
-0.15179 1.13318 3.83 424
-1.17219 2.13564 3.05 187
-0.49886 1.41082 3.57 315
1.23033 2.43458 3.98 509
-1.08178 2.36053 2.08 59
0.59444 1.89595 3.21 216
