0.66977 -1.56076 3.63 338
-1.47784 -1.27832 2.06 55
-0.08837 -1.44414 3.41 262
-1.01966 -1.26042 3.27 226
1.43281 -1.08846 2.85 141
1.29401 -1.09884 3.83 419
0.11039 -1.10583 3.00 171
-0.57681 -1.03011 2.06 56
0.70484 -0.81500 3.39 257
-0.68830 -0.83847 3.87 446
0.70746 -0.68884 2.12 62
1.25971 -0.59353 2.89 151
0.03920 -0.68321 2.26 73
1.06312 -0.49751 3.77 391
0.66626 -0.47091 3.80 404
-1.33259 -0.14291 3.82 418
0.92964 -0.22620 3.01 175
-0.19418 -0.33242 3.57 312
0.72576 -0.16974 1.79 34
0.43601 -0.07746 3.95 488
0.51149 -0.02073 2.93 159
-0.64921 0.03755 3.66 346
0.37699 0.08219 3.76 385
-0.58096 0.16652 2.23 67
-0.50084 0.21570 3.44 269
-1.56805 0.89907 3.35 247
-1.43971 0.79007 3.75 384
-0.75211 0.38021 2.27 74
-0.41187 0.35450 2.47 91
-0.22592 0.29326 2.68 110
-0.03336 0.46393 3.38 254
-0.99998 1.01315 3.52 293
-1.10952 1.57684 3.23 219
-1.34682 2.21355 3.83 424
0.01442 0.95403 3.98 509
-0.41638 1.40708 3.21 216
