-1.77564 -1.61798 3.53 298
-1.15913 -1.32292 3.40 260
-0.76273 -1.06840 2.49 92
0.18027 -1.09400 2.83 138
1.29529 -1.01211 3.62 331
1.55644 -0.62309 2.64 106
-0.93219 -0.55340 3.95 493
1.69452 -0.42446 2.00 49
-0.87569 -0.50081 3.48 284
-1.44848 -0.35892 3.76 390
-0.67081 -0.32959 2.42 85
0.09778 -0.31378 2.06 55
1.37521 -0.11677 3.41 262
-0.90498 -0.17662 2.94 161
0.45146 -0.20003 3.27 226
1.48950 0.24734 3.00 171
0.76375 0.10113 2.06 56
0.59592 0.23216 3.87 446
-0.57942 0.44095 3.62 337
1.27742 0.63136 2.26 73
-0.20942 0.62377 3.82 418
0.90258 0.88836 3.57 312
-0.79193 0.95441 3.77 397
1.55400 1.49299 3.95 488
1.63459 1.60861 2.93 159
0.30614 1.06178 3.66 346
1.42180 1.65285 3.76 385
0.31928 1.22514 2.23 67
0.37756 1.31616 3.44 269
-0.84304 1.49223 3.35 247
-0.69497 1.44603 3.75 384
0.06843 1.36431 2.27 74
0.40977 1.51347 2.47 91
0.62985 1.54731 2.68 110
-1.41598 2.17105 3.43 268
-1.13778 2.00706 2.44 88
0.77476 1.86400 3.38 254
