0.88393 -1.65493 3.77 395
0.10382 -1.51283 3.82 417
0.26022 -1.44657 3.47 281
-1.04506 -1.23398 3.84 431
-0.11373 -0.93063 3.08 190
-1.45445 -0.76647 3.42 266
-1.14918 -0.76759 3.83 423
-1.26859 -0.71143 3.70 362
1.12950 -0.68078 3.20 214
-0.47121 -0.64002 3.24 223
0.75038 -0.53041 2.46 90
-0.56829 -0.59119 3.45 275
0.17980 -0.52774 3.89 467
-1.63447 -0.11383 3.16 204
-1.13295 -0.25431 3.86 444
-0.66146 -0.27343 0.03 5
1.01747 -0.23828 3.72 371
0.43046 -0.22646 2.20 65
0.78123 -0.11606 3.94 486
0.82148 0.04995 3.72 370
0.57678 0.07013 1.25 19
0.04656 0.00730 2.87 147
0.30636 0.10883 3.79 403
-1.13557 0.27336 3.80 409
0.31747 0.16236 3.98 512
1.50852 0.73802 3.77 397
-0.86914 0.50284 2.23 70
-0.08518 0.36023 3.79 402
-1.07706 0.63905 2.79 131
-0.18325 0.45464 3.77 394
-0.79385 0.79982 3.75 383
1.09398 1.03926 3.35 247
1.22267 1.13926 3.75 384
-1.29848 1.44382 2.74 122
0.42729 0.97653 3.43 268
0.63194 1.09205 2.44 88
-0.87654 1.44210 3.17 208
1.07530 1.64263 3.52 293
-0.14989 1.27828 3.07 188
0.52719 1.58711 3.23 219
0.04047 1.43566 3.83 424
-1.12022 2.29512 3.05 187
-0.34912 1.66377 3.57 315
1.40019 3.24319 3.98 509
-1.07031 2.55762 2.08 59
