-1.06320 -1.71149 3.01 178
-0.27433 -1.09085 1.16 17
-1.53743 -0.82052 3.74 377
-0.13314 -0.60155 3.66 349
0.03758 -0.54162 3.97 508
1.11056 -0.49038 2.04 53
-1.25591 -0.39849 2.87 148
-1.35883 -0.44197 3.68 355
-0.32643 -0.31486 3.27 231
1.52848 -0.07491 3.45 273
0.79633 0.04648 3.56 306
-0.36206 0.12563 3.74 378
-1.55040 0.19906 2.91 158
-0.79973 0.45794 3.84 432
-1.03503 0.51760 2.96 165
-0.03858 0.71764 3.69 359
-0.99021 0.90016 3.53 298
-1.41903 1.15386 2.39 83
-0.54259 1.16589 3.40 260
-0.21592 1.43294 2.49 92
0.76800 1.45539 2.83 138
