-0.63752 -1.33164 3.83 422
-0.52343 -1.03730 3.89 466
0.23791 -0.71053 3.76 389
0.63440 -1.03653 2.80 132
0.92413 -1.82561 3.24 221
-0.07632 -0.42553 3.96 500
-0.92472 -0.64406 1.92 42
-1.21016 -1.06659 2.89 152
0.13348 -0.07050 3.42 267
-0.06039 -0.06408 3.56 311
-0.84238 -0.25186 3.62 336
-1.40302 -0.73527 2.85 142
-1.30730 -0.62263 3.85 440
0.76918 0.07486 2.86 145
-1.06026 -0.12854 3.62 335
-1.36529 -0.26390 3.76 388
0.24285 0.33298 3.65 345
1.20353 -0.05950 3.99 513
0.04153 0.44116 1.94 44
-1.25750 0.03682 3.34 244
-1.29123 0.07461 2.85 143
-1.45114 -0.09039 3.13 201
1.24955 0.40286 3.49 285
-1.16303 0.53289 3.66 348
-1.46535 0.37561 2.95 164
0.16589 0.96578 3.11 195
1.02669 0.80014 1.74 31
1.35172 0.66053 2.10 61
-1.09886 0.83828 3.51 288
1.67905 0.59785 3.90 470
1.33535 0.91152 3.97 507
-1.69966 0.76506 1.87 40
-1.71090 0.98966 3.03 182
-0.62068 1.32339 3.97 506
-1.81715 1.02527 2.41 84
1.12194 1.43190 3.01 178
-1.81732 1.19229 3.21 215
-1.48646 1.35646 3.11 194
