0.20425 -1.74443 3.89 467
-1.76340 -1.23715 3.16 204
-1.24353 -1.40352 3.86 444
-0.72773 -1.42660 0.03 5
1.11457 -1.38424 3.72 371
0.47086 -1.37008 2.20 65
0.84308 -1.23975 3.94 486
0.86900 -1.05024 3.72 370
0.60869 -1.02771 1.25 19
0.04950 -1.09821 2.87 147
0.32182 -0.98481 3.79 403
-1.17015 -0.80671 3.80 409
0.33141 -0.92610 3.98 512
1.47500 -0.33853 3.77 397
-0.87240 -0.56936 2.23 70
-0.08690 -0.71539 3.79 402
-1.06472 -0.43419 2.79 131
-0.18494 -0.61818 3.77 394
-0.77097 -0.27985 3.75 383
1.03536 -0.05977 3.35 247
1.14496 0.02885 3.75 384
-1.17815 0.28763 2.74 122
0.40712 -0.11634 3.43 268
0.59473 -0.01275 2.44 88
-0.79545 0.28621 3.17 208
0.95624 0.44804 3.52 293
-0.13834 0.14900 3.07 188
0.47144 0.40389 3.23 219
0.03675 0.28091 3.83 424
-0.93514 0.93243 3.05 187
-0.30981 0.46473 3.57 315
1.07329 1.53909 3.98 509
-0.87199 1.11096 2.08 59
0.60483 1.02974 3.21 216
0.04204 1.42824 2.02 51
