-1.11533 -1.50996 3.36 249
-1.17856 -1.26230 1.93 43
1.89884 -1.13532 3.52 292
-0.58547 -1.30263 3.58 317
0.61205 -1.19864 3.94 484
-0.74553 -1.03829 3.79 400
-0.51904 -0.97098 3.53 295
-1.29461 -0.84601 2.88 149
-1.41211 -0.82581 3.28 232
1.39811 -0.74667 2.98 167
-0.19525 -0.84605 3.57 313
-0.96570 -0.73604 2.98 166
1.45242 -0.59276 3.88 458
-0.41311 -0.64261 3.79 401
-0.17590 -0.64202 1.14 16
-0.28954 -0.42472 1.98 47
-0.28954 -0.42470 2.88 150
-0.75352 -0.25909 3.60 325
0.90872 -0.20631 3.13 197
0.85297 -0.08092 3.82 414
-1.32329 0.06720 2.62 104
-1.37940 0.20562 3.97 501
1.48435 0.39530 3.05 185
0.60514 0.14830 3.97 503
1.39114 0.44722 3.45 274
-1.16959 0.48630 1.90 41
-1.59609 0.74905 0.08 6
0.58270 0.44186 3.60 326
0.53357 0.48155 3.14 202
0.78976 0.75825 3.17 207
-0.97995 0.99493 3.72 368
1.44057 1.41754 2.37 81
0.80906 1.23032 3.80 405
0.21005 1.16277 3.36 250
1.26324 1.72061 1.79 35
0.59982 1.41191 3.67 350
1.11843 2.30465 3.84 429
1.39325 2.76347 3.87 453
