-0.68349 -1.86656 3.83 422
-0.63126 -1.51320 3.89 466
0.06510 -0.95522 3.76 389
0.52787 -1.17547 2.80 132
1.00313 -1.89346 3.24 221
-0.31406 -0.75074 3.96 500
-1.15005 -1.21412 1.92 42
-0.18837 -0.34369 3.42 267
-0.38158 -0.38432 3.56 311
-1.14773 -0.77687 3.62 336
0.38387 -0.05655 2.86 145
-1.40993 -0.70696 3.62 335
-0.17480 0.07384 3.65 345
0.81242 -0.08739 3.99 513
-0.39543 0.13397 1.94 44
0.74162 0.34969 3.49 285
-0.39145 0.65820 3.11 195
0.44837 0.66848 1.74 31
0.77035 0.60300 2.10 61
-1.65341 0.27391 3.51 288
1.06934 0.60775 3.90 470
1.62746 0.30627 3.88 456
0.69660 0.82459 3.97 507
-1.25024 0.84623 3.97 506
0.38795 1.24869 3.01 178
