1.51375 -1.98529 2.21 66
-0.24454 -1.63899 3.17 206
0.32169 -1.65297 3.25 224
-2.10068 -2.17136 3.86 442
-0.68074 -1.67370 3.96 495
0.72645 -1.48973 2.25 71
1.88569 -1.91029 3.60 327
0.59061 -1.50368 3.73 374
0.19603 -1.23904 2.70 117
0.51899 -1.32279 3.61 328
-0.81343 -1.23004 3.12 196
-1.06465 -1.26419 3.87 450
1.21487 -1.29119 3.97 502
-0.96479 -1.15246 2.64 107
1.27892 -1.16812 3.68 352
-0.44521 -1.03484 3.85 435
-0.11921 -0.96050 3.96 496
-0.47562 -0.83959 3.02 179
0.28848 -0.78273 2.45 89
-0.01644 -0.75642 1.50 23
0.52913 -0.78071 3.96 497
0.02066 -0.69823 3.47 278
0.10175 -0.61345 1.84 36
0.17938 -0.63625 3.85 436
0.84810 -0.55055 2.81 134
0.61005 -0.55647 3.34 242
-0.07194 -0.49188 3.87 451
0.03715 -0.47253 3.02 180
-1.52658 -0.54279 3.19 211
-0.96380 -0.45916 3.60 324
-1.19965 -0.39333 2.84 140
-0.87843 -0.36055 3.81 411
-0.29367 -0.23117 3.95 489
-0.47499 -0.16893 1.98 46
-1.15294 -0.21795 2.58 98
-0.18899 -0.09284 -1.46 1
-1.46016 -0.16095 3.31 236
-0.96634 -0.03028 3.55 304
-0.83754 0.01553 3.71 363
-0.97927 0.25738 2.06 57
0.54752 0.28175 3.93 481
-1.49548 0.31208 0.12 7
-1.45587 0.39585 3.60 323
-0.60978 0.45990 3.98 510
-1.18190 0.46339 2.77 126
-1.63196 0.49464 2.79 130
1.21055 0.58018 3.90 468
-1.37652 0.66722 3.36 248
-1.15011 0.65882 3.81 410
-1.19754 0.74180 1.70 29
-1.12287 0.69821 2.05 54
-1.26954 0.79624 2.23 68
0.55896 1.12467 0.38 8
1.79072 1.21472 3.11 192
-1.42921 1.22392 1.64 26
1.63775 1.23918 3.38 255
-0.94921 1.27227 0.50 10
0.38992 1.31220 2.90 156
1.14407 1.39904 3.52 290
-1.28647 1.45916 3.54 300
-0.21553 1.61104 3.36 249
