-0.77755 -1.80291 2.60 101
-1.40154 -1.91932 2.70 119
-0.71667 -1.63774 3.32 240
-0.88227 -1.56423 2.02 52
-1.02224 -1.63354 3.17 209
-1.29087 -1.56978 2.81 136
1.20771 -1.34902 3.74 377
-0.67725 -1.19703 2.89 155
-0.84692 -1.21813 3.51 289
-0.74834 -1.24852 3.77 393
-1.51961 -1.30863 3.86 445
-0.51318 -0.99265 3.93 482
1.53295 -0.98445 2.87 148
1.41906 -1.00411 3.68 355
0.27949 -0.80553 3.08 191
0.23999 -0.67855 3.57 316
-1.77240 -0.60616 3.34 245
0.64169 -0.51970 3.77 396
-1.17904 -0.47243 3.85 441
1.28350 -0.32187 2.91 158
-0.72636 -0.26699 3.44 272
-1.39648 -0.16941 3.26 225
0.15008 -0.04364 3.23 218
-0.09987 0.05339 3.90 469
-1.74376 0.17948 3.97 505
-0.46114 0.16732 3.36 251
1.04414 0.29523 3.92 479
-0.06217 0.34142 3.71 366
-0.12232 0.47471 0.77 12
1.48577 0.58902 2.39 83
-1.62747 0.58099 3.73 375
-0.18247 0.57068 2.72 120
-0.73812 0.77206 2.99 170
0.50259 0.80234 3.63 340
0.53109 0.87978 3.77 395
-0.16746 1.02073 3.82 417
-0.01649 1.07607 3.47 281
-1.35829 1.32972 3.84 431
1.88142 1.69338 3.76 390
-0.39049 1.62691 3.08 190
-2.00340 1.91311 3.42 266
-1.62418 1.89189 3.83 423
-1.79490 1.97690 3.70 362
