-1.17504 -1.63074 2.65 109
-0.03385 -1.45812 3.20 213
0.99987 -1.41862 3.73 375
-1.26942 -1.33505 3.80 407
-1.26940 -1.33493 3.80 408
0.49241 -1.24663 2.08 60
0.20129 -1.14154 3.48 283
-1.02884 -1.03401 3.67 351
-0.87718 -1.03186 3.85 439
-0.49925 -0.84875 3.75 381
-0.37946 -0.72111 2.77 127
1.09204 -0.63789 3.84 431
0.18399 -0.54226 3.14 203
-0.74160 -0.44224 2.00 50
-1.05130 -0.35276 2.23 69
-0.95173 -0.39285 3.84 430
-1.73370 -0.18153 2.70 118
0.55449 -0.36188 3.42 266
0.80371 -0.27452 3.83 423
-1.10884 -0.20331 3.68 354
0.68027 -0.26391 3.70 362
0.00331 -0.21650 3.92 478
-0.21204 -0.17590 2.81 135
1.39697 0.07780 3.24 223
1.27218 0.08450 3.45 275
-1.20326 0.06395 3.47 280
0.15999 0.09917 3.16 204
0.60020 0.16432 3.86 444
1.03310 0.34028 0.03 5
-1.65120 0.51859 3.03 181
-0.17707 0.21259 3.53 297
-1.24710 0.50066 3.50 287
1.68116 0.99866 2.87 147
0.37177 0.61479 3.80 409
-0.37759 0.63271 3.89 465
0.49056 0.94954 2.23 70
1.34115 1.28619 3.79 402
0.25899 0.96121 2.79 131
1.18209 1.31765 3.77 394
0.41984 1.26484 3.75 383
-0.71944 1.49331 3.29 234
-0.25490 1.53634 2.74 122
1.65813 2.41524 3.43 268
1.88596 2.78344 2.44 88
-1.18028 2.20347 3.65 344
