0.91595 -1.45157 3.95 493
0.94854 -1.37611 3.48 284
0.35705 -1.38543 3.76 390
-1.71116 -0.97992 3.08 190
1.07690 -1.12213 2.42 85
0.77492 -1.03585 2.94 161
-0.33020 -1.08241 3.20 214
-0.61942 -0.83096 2.46 90
-1.19068 -0.64682 3.89 467
-0.26947 -0.63430 3.72 371
-0.80644 -0.43142 2.20 65
-0.43396 -0.44531 3.94 486
0.81830 -0.30917 3.62 337
-0.33743 -0.30535 3.72 370
-0.55067 -0.20055 1.25 19
-1.09709 -0.05893 2.87 147
-0.79242 -0.06286 3.79 403
1.09211 0.01985 3.82 418
-0.76011 -0.01636 3.98 512
0.43560 0.05264 3.77 397
-1.08197 0.34010 3.79 402
-1.14359 0.47519 3.77 394
1.40383 0.66921 3.66 346
1.33603 0.81452 2.23 67
1.35076 0.92232 3.44 269
0.21791 0.45075 3.35 247
0.34538 0.48177 3.75 384
1.02683 0.79095 2.27 74
1.28790 1.09848 2.47 91
1.49505 1.25685 2.68 110
-0.34970 0.67502 3.43 268
-0.13402 0.68442 2.44 88
1.48490 1.58858 3.38 254
-1.45043 1.77831 3.17 208
0.38724 0.93976 3.52 293
-0.76670 1.21597 3.07 188
-0.05346 1.14162 3.23 219
-0.52716 1.25426 3.83 424
-1.32827 2.69701 3.05 187
-0.80550 1.66026 3.57 315
1.03477 1.94545 3.98 509
-1.15925 2.88147 2.08 59
0.37334 1.70114 3.21 216
