0.28300 -1.74010 2.76 125
1.91142 -3.16977 3.19 212
1.01504 -1.96301 1.33 20
1.01510 -1.96308 1.73 30
0.65792 -1.75858 3.13 199
-0.10187 -1.58633 3.69 358
-1.95538 -2.86588 3.76 387
-0.33866 -1.60623 3.97 504
-1.38946 -2.15674 3.27 228
0.22572 -1.54355 3.32 239
0.12133 -1.50902 3.40 259
1.88991 -2.51182 0.61 11
1.04797 -1.76492 3.59 320
-0.47063 -1.52436 3.84 427
1.27718 -1.86248 1.25 18
-0.72923 -1.53517 1.86 38
-0.31971 -1.39934 2.25 72
1.03969 -1.63247 2.80 133
-0.36803 -1.38845 3.44 270
0.40271 -1.38836 3.78 399
0.20984 -1.34890 3.82 415
0.51618 -1.42489 3.91 474
1.21407 -1.61192 1.63 24
-0.22434 -1.24313 3.13 198
-0.30739 -1.12932 2.50 93
-0.61860 -1.17788 1.96 45
-0.02560 -1.08072 3.54 301
0.66923 -1.17920 3.89 463
-1.06325 -1.23261 3.47 279
-0.67757 -1.08298 3.62 332
1.15380 -1.23366 3.96 498
1.15742 -1.12347 2.60 100
-1.79080 -1.48222 2.93 160
1.36228 -1.19090 3.91 475
0.41858 -0.81528 2.69 114
1.53515 -1.19443 2.17 64
0.33963 -0.73569 3.84 428
1.50596 -1.14810 3.86 443
-1.04525 -0.85824 1.78 33
-0.51938 -0.69924 3.75 380
-0.74881 -0.72397 3.84 426
-0.70297 -0.67715 3.91 472
-0.50992 -0.49105 2.21 66
-1.56362 -0.81348 3.25 224
0.14620 -0.38301 3.85 437
-1.23521 -0.47305 2.25 71
-0.29774 -0.30336 3.60 327
-1.35593 -0.55043 3.73 374
-1.49316 -0.43613 3.61 328
-0.88295 -0.10623 3.97 502
-0.86569 0.01649 3.68 352
1.08203 0.04922 3.54 302
-1.70877 0.06724 3.96 497
-1.45950 0.42112 2.81 134
-1.71813 0.32861 3.34 242
1.75857 0.46525 3.00 173
0.67569 1.01364 3.11 193
0.34972 0.99129 3.81 412
1.11896 1.06661 3.56 309
0.14874 1.26749 3.61 329
-0.47702 1.49952 1.98 48
