-0.83567 -1.75651 3.44 272
-1.58195 -1.62932 3.26 225
0.16671 -1.47106 3.23 218
-0.10930 -1.35311 3.90 469
-1.87247 -1.20493 3.97 505
-0.49608 -1.21897 3.36 251
1.10216 -1.07372 3.92 479
-0.06519 -1.02260 3.71 366
-0.12581 -0.87887 0.77 12
1.50353 -0.75990 2.39 83
-1.64878 -0.76813 3.73 375
-0.18513 -0.77873 2.72 120
-0.72819 -0.57717 2.99 170
0.49377 -0.54782 3.63 340
0.51632 -0.47385 3.77 395
-0.15976 -0.34312 3.82 417
-0.01562 -0.29312 3.47 281
-1.24481 -0.07297 3.84 431
1.64789 0.21894 3.76 390
-0.34481 0.16753 3.08 190
-1.70900 0.38311 3.42 266
-1.38900 0.36763 3.83 423
-1.51964 0.42918 3.70 362
0.85925 0.34781 3.20 214
-0.69866 0.46147 3.24 223
0.51918 0.50958 2.46 90
-0.79908 0.51518 3.45 275
-0.04072 0.54079 3.89 467
-1.42238 0.90389 3.86 444
-0.90799 0.85307 0.03 5
0.81951 0.78974 3.72 371
0.23366 0.83678 2.20 65
0.60149 0.93300 3.94 486
0.66534 1.11206 3.72 370
0.41461 1.15181 1.25 19
-0.14986 1.11805 2.87 147
0.13348 1.21542 3.79 403
-1.48397 1.52938 3.80 409
0.14980 1.27662 3.98 512
1.52225 1.87952 3.77 397
-1.19068 1.80216 2.23 70
-0.27939 1.54719 3.79 402
-1.45716 2.00823 2.79 131
-0.38775 1.67476 3.77 394
