-0.13156 -1.64865 2.21 66
-2.02356 -2.21050 3.17 206
-1.28528 -1.88373 3.25 224
0.61334 -1.61257 3.85 437
-0.88052 -1.52289 2.25 71
0.11966 -1.44984 3.60 327
-1.01661 -1.59709 3.73 374
-1.51312 -1.50479 2.70 117
-1.12399 -1.44593 3.61 328
-0.46406 -1.14999 3.97 502
-0.42822 -1.01834 3.68 352
1.72083 -1.20456 3.54 302
-1.48719 -0.96916 2.45 89
-1.20825 -0.88378 3.96 497
-1.75781 -0.84798 1.84 36
-1.65197 -0.84651 3.85 436
-0.91326 -0.55876 2.81 134
-1.15904 -0.62753 3.34 242
1.19686 -0.12946 3.11 193
0.86080 -0.13369 3.81 412
1.66902 -0.10168 3.56 309
0.66614 0.12467 3.61 329
-1.37839 0.23970 3.93 481
0.10013 0.33759 1.98 48
-0.74647 0.58990 3.90 468
0.27191 0.74967 3.91 473
-0.07825 0.94772 3.88 457
-1.52044 1.15296 0.38 8
-0.34901 1.16571 3.11 192
-0.47390 1.19665 3.38 255
-1.76669 1.37825 2.90 156
-0.93702 1.38817 3.52 290
0.30561 1.41329 3.52 291
1.08510 1.40389 3.85 438
2.00619 1.56450 3.94 485
0.71588 1.56441 1.35 22
