-1.23437 -2.41521 1.92 42
-1.68677 -3.17308 2.89 152
0.02958 -1.49639 3.42 267
-0.18669 -1.50768 3.56 311
-1.09331 -1.83474 3.62 336
-1.72724 -2.43444 3.85 440
0.69544 -1.26259 2.86 145
-1.34028 -1.69381 3.62 335
-1.73046 -1.91141 3.76 388
0.10837 -1.01761 3.65 345
1.18238 -1.38014 3.99 513
-0.10906 -0.91705 1.94 44
-1.54961 -1.50142 3.34 244
-1.58303 -1.45745 2.85 143
1.11417 -0.86389 3.49 285
-1.37719 -0.91410 3.66 348
-0.02207 -0.38906 3.11 195
0.81645 -0.48834 1.74 31
1.15245 -0.59941 2.10 61
-1.27701 -0.59351 3.51 288
1.47721 -0.63768 3.90 470
1.08107 -0.36686 3.97 507
-0.77711 -0.11748 3.97 506
0.79163 0.06166 3.01 178
-1.60397 -0.13664 3.11 194
-1.57919 0.02528 1.85 37
1.72244 0.28869 1.16 17
-1.17432 0.41439 2.60 101
-1.73640 0.27087 2.70 119
-1.15368 0.55157 3.32 240
-1.33463 0.59973 2.02 52
-1.45449 0.52975 3.17 209
-1.74702 0.56104 2.81 136
0.60547 0.93894 3.74 377
-1.22188 0.95290 2.89 155
-1.39699 0.91979 3.51 289
-1.28327 0.89732 3.77 393
-1.09708 1.17503 3.93 482
0.95351 1.30275 2.87 148
0.84525 1.27680 3.68 355
-0.26964 1.42857 3.08 191
-0.32095 1.57575 3.57 316
