-0.52324 -1.68167 3.90 468
0.59490 -1.49325 3.91 473
0.20662 -1.27049 3.88 457
-1.17888 -1.07267 0.38 8
-0.06431 -1.04992 3.11 192
-0.18408 -1.02133 3.38 255
-1.33949 -0.87124 2.90 156
-0.59825 -0.85162 3.52 290
0.56234 -0.81169 3.52 291
1.32748 -0.80834 3.85 438
0.93479 -0.67377 1.35 22
0.88498 -0.40193 3.52 292
-1.38567 -0.36199 3.58 317
-0.19465 -0.36292 3.94 484
1.03505 -0.21226 2.61 102
1.03513 -0.21231 3.80 406
-1.54765 -0.09459 3.79 400
-1.29337 -0.05292 3.53 295
0.56231 -0.04229 2.98 167
0.96083 -0.01948 3.44 271
-0.93798 0.03251 3.57 313
0.63726 0.08574 3.88 458
-1.15378 0.26097 3.79 401
-0.89816 0.23018 1.14 16
-0.99973 0.46753 1.98 47
-0.99973 0.46754 2.88 150
1.69111 0.72301 3.48 282
-1.51873 0.72406 3.60 325
0.23401 0.50902 3.13 197
1.32934 0.68430 3.83 420
0.20476 0.64038 3.82 414
0.87431 1.01016 3.05 185
0.00661 0.91684 3.97 503
0.80379 1.08041 3.45 274
1.38060 1.37482 3.01 177
0.03531 1.23814 3.60 326
1.76063 1.81257 3.71 364
-0.00765 1.29302 3.14 202
0.30337 1.54657 3.17 207
1.69571 2.28484 2.44 87
-1.75505 2.38361 3.72 368
