-1.04985 -1.80945 2.64 107
1.39304 -1.82801 3.68 352
-0.48095 -1.67118 3.85 435
-0.12819 -1.58483 3.96 496
-0.50768 -1.44604 3.02 179
0.30686 -1.38148 2.45 89
-0.01746 -1.35176 1.50 23
0.56278 -1.37920 3.96 497
0.02187 -1.28636 3.47 278
0.10713 -1.19189 1.84 36
0.18913 -1.21720 3.85 436
0.88959 -1.12243 2.81 134
0.64012 -1.12894 3.34 242
-0.07520 -1.05810 3.87 451
0.03878 -1.03698 3.02 180
-1.60052 -1.11389 3.19 211
-1.00545 -1.02242 3.60 324
-1.24659 -0.95106 2.84 140
-0.91104 -0.91573 3.81 411
-0.30226 -0.77763 3.95 489
-0.48709 -0.71194 1.98 46
-1.18572 -0.76364 2.58 98
-0.19295 -0.63228 -1.46 1
-1.49666 -0.70356 3.31 236
-0.98297 -0.56731 3.55 304
-0.84969 -0.52004 3.71 363
-0.97975 -0.27456 2.06 57
0.54703 -0.25020 3.93 481
-1.49155 -0.21997 0.12 7
-1.44515 -0.13704 3.60 323
-0.60309 -0.07416 3.98 510
-1.16872 -0.07075 2.77 126
-1.61092 -0.04024 2.79 130
1.18920 0.04271 3.90 468
-1.34568 0.12629 3.36 248
-1.12487 0.11826 3.81 410
-1.16585 0.19728 1.70 29
-1.09582 0.15587 2.05 54
-1.23222 0.24872 2.23 68
0.53283 0.55259 0.38 8
1.69866 0.63401 3.11 192
-1.35506 0.64229 1.64 26
1.55150 0.65600 3.38 255
-0.89762 0.68564 0.50 10
0.36793 0.72127 2.90 156
1.07452 0.79823 3.52 290
-1.20438 0.85110 3.54 300
-0.20015 0.98314 3.36 249
-0.30562 1.19582 1.93 43
0.24788 1.20295 3.58 317
1.54920 1.42210 3.94 484
0.05657 1.45478 3.79 400
-1.18933 1.57887 3.00 172
0.27851 1.55291 3.53 295
-0.51651 1.60150 2.88 149
-0.63208 1.60992 3.28 232
0.62461 1.74162 3.57 313
