0.11680 -1.74905 2.95 164
-1.35824 -2.00103 3.87 455
-1.76383 -2.10016 2.30 78
0.69859 -1.56284 3.51 288
-1.28639 -1.65813 3.37 253
-1.61918 -1.68261 2.68 112
-0.08254 -1.30646 3.33 241
0.18275 -1.29538 1.87 40
-1.96490 -1.77213 2.31 79
-1.62767 -1.60843 3.13 200
-0.27007 -1.26152 3.62 334
-1.17578 -1.37037 2.78 129
0.29891 -1.12647 3.03 182
-1.35486 -1.39523 3.22 217
1.42347 -1.41794 3.97 506
0.24564 -1.05657 2.41 84
-0.31009 -1.00289 3.08 189
-0.89948 -1.11475 3.41 265
-0.30500 -1.00072 3.57 314
0.15074 -0.93828 1.63 25
0.11901 -0.94839 2.69 116
0.33192 -0.94558 3.21 215
0.64887 -0.96687 3.11 194
-1.40327 -1.11475 3.56 310
0.73880 -0.84038 1.85 37
-0.33876 -0.78735 2.29 76
-1.04965 -0.85466 3.95 492
0.53803 -0.58705 2.99 169
1.26111 -0.67469 2.60 101
0.72508 -0.57563 2.70 119
-1.24486 -0.66490 3.66 347
-1.00808 -0.58453 3.88 461
-0.52591 -0.46320 2.82 137
-1.28281 -0.57419 3.58 319
1.34265 -0.55894 3.32 240
-0.61243 -0.37311 0.96 14
1.19334 -0.44760 2.02 52
-1.00475 -0.40522 2.89 153
1.05806 -0.46425 3.17 209
0.83717 -0.34245 2.81 136
-0.71926 -0.33796 2.89 154
-1.80621 -0.51776 3.29 233
0.02426 -0.26598 3.27 230
-1.00933 -0.20743 2.32 80
1.45112 -0.18144 2.89 155
1.27324 -0.15801 3.51 289
1.36850 -0.21032 3.77 393
0.67577 -0.08481 3.86 445
-0.93463 -0.08864 3.96 499
-0.95868 -0.04300 2.62 105
1.67217 -0.02515 3.93 482
-0.12326 0.22656 2.43 86
0.22601 0.24236 3.54 303
-1.43280 0.19204 3.91 476
-0.57234 0.49508 2.56 97
-1.79868 0.48782 2.61 103
0.52301 0.54073 3.34 245
1.04330 0.60734 3.85 441
-0.86546 0.82214 3.24 222
1.56301 0.78872 3.44 272
-0.93020 0.88027 2.74 121
-1.31523 0.88811 3.53 296
0.87007 0.92910 3.26 225
-0.71289 1.23011 3.82 416
0.40267 1.27337 3.75 382
0.59102 1.28904 3.97 505
0.34252 1.39125 2.77 128
-1.36870 1.40712 3.71 365
-1.50324 1.55058 2.65 109
-0.33655 1.71427 3.20 213
0.72338 1.73875 3.73 375
