0.45056 -1.62002 3.83 422
-0.65547 -1.50323 3.76 389
-0.70573 -0.95452 2.80 132
-0.39553 -0.32116 3.24 221
0.84722 -0.79776 4.00 517
0.46770 -0.25999 3.95 490
1.04215 -0.66814 3.32 238
0.38651 -0.09791 3.78 398
0.88727 -0.40267 1.68 28
0.47347 0.01426 3.98 511
0.84504 -0.08767 3.77 392
0.99239 -0.23935 4.00 516
1.22669 -0.40579 3.01 176
-0.64066 0.12602 3.85 433
-0.52268 0.31332 3.35 246
1.35377 -0.31811 3.69 358
-0.03939 0.40029 3.76 387
1.21233 -0.12788 3.97 504
-1.29483 -0.15261 2.86 144
0.42643 0.37345 3.27 228
1.20558 0.01818 3.84 427
1.06684 0.21679 1.86 38
1.38584 -0.04566 2.25 72
1.36782 0.00073 3.44 270
-0.51635 0.74849 3.27 227
1.40197 0.32546 1.96 45
0.36928 0.91751 -0.72 2
1.11732 0.64348 3.47 279
1.44938 0.43198 3.62 332
0.06420 1.04198 3.85 434
0.62098 0.99144 2.93 160
-1.46950 0.65926 4.00 515
1.42923 0.88405 1.78 33
0.62470 1.47518 3.17 206
1.17250 1.31022 3.25 224
-0.94973 1.45936 3.86 442
0.20940 1.55464 3.96 495
1.67260 1.35277 2.25 71
1.51926 1.37799 3.73 374
