-0.37189 -1.67353 3.88 458
0.70466 -1.16924 3.48 282
-0.69326 -1.08902 3.13 197
0.39155 -1.13673 3.83 420
-0.68740 -0.94118 3.82 414
0.02379 -0.72979 3.05 185
-0.81145 -0.61686 3.97 503
-0.02884 -0.65079 3.45 274
0.47880 -0.52638 3.01 177
-0.69771 -0.33192 3.60 326
0.77611 -0.27509 3.71 364
-0.72418 -0.27439 3.14 202
-0.38860 -0.14498 3.17 207
0.73739 0.05414 2.44 87
1.39669 0.48101 2.27 75
1.39694 0.48093 3.95 491
1.13921 0.38070 1.77 32
0.30729 0.09680 2.37 81
0.83111 0.28740 3.31 237
-0.19840 0.22544 3.80 405
-0.71101 0.45653 3.36 250
0.27615 0.38329 1.79 35
-0.29371 0.45867 3.67 350
1.24429 1.10780 3.65 344
0.34294 0.82865 3.84 429
0.61841 0.98244 3.87 453
1.11190 1.76954 3.05 187
0.90594 1.67451 2.08 59
