0.59911 -1.46100 3.83 422
0.69228 -1.80211 3.89 466
-1.00394 -1.92200 3.24 221
0.01653 -0.75990 4.00 517
0.53485 -0.80837 3.87 452
-0.61443 -0.89584 3.95 490
0.66445 -0.85896 3.62 333
-0.02880 -0.53849 3.32 238
-0.80990 -0.90755 3.78 398
-0.30953 -0.56381 1.68 28
0.63792 -0.67515 2.69 115
1.24762 -1.36178 2.89 152
0.70843 -0.65249 3.05 186
-0.87603 -0.77120 3.98 511
0.44745 -0.43687 3.64 341
-0.60648 -0.46888 3.77 392
-0.41132 -0.40557 4.00 516
-0.18442 -0.28188 3.01 176
0.13191 -0.23960 2.76 125
1.34326 -1.05242 3.19 212
0.74799 -0.35394 1.33 20
0.74804 -0.35398 1.73 30
0.45398 -0.22796 3.13 199
-0.21276 -0.14749 3.69 358
-0.42190 -0.17950 3.97 504
-1.25979 -0.65707 3.27 228
0.07567 -0.09119 3.32 239
-0.01856 -0.07080 3.40 259
1.39731 -0.66504 0.61 11
0.78504 -0.20636 3.59 320
-0.54903 -0.12393 3.84 427
0.97103 -0.26340 1.25 18
-0.78207 -0.15062 1.86 38
-0.42511 -0.01202 2.25 72
0.78480 -0.10583 2.80 133
-0.47050 -0.00637 3.44 270
0.22965 0.04646 3.78 399
0.05424 0.06610 3.82 415
0.33168 0.02414 3.91 474
0.93563 -0.07818 1.63 24
-0.35205 0.12589 3.13 198
-0.44131 0.21931 2.50 93
-0.73053 0.15524 1.96 45
-0.17868 0.28170 3.54 301
0.47149 0.24157 3.89 463
1.56175 -0.24043 2.30 77
-1.14446 0.07680 3.47 279
-0.80106 0.23513 3.62 332
0.90927 0.22676 3.96 498
0.92041 0.32268 2.60 100
1.10028 0.27728 3.91 475
0.23498 0.55721 2.69 114
1.25498 0.28554 2.17 64
0.15618 0.62917 3.84 428
1.23402 0.32389 3.86 443
-1.20410 0.41753 1.78 33
-0.70317 0.60813 3.75 380
-0.93153 0.56815 3.84 426
-0.89326 0.61784 3.91 472
-0.72521 0.82199 2.21 66
-0.05441 0.98017 3.85 437
-1.49416 0.79277 2.25 71
-0.52875 1.03920 3.60 327
-1.60108 0.70309 3.73 374
-1.78229 0.81493 3.61 328
-1.20335 1.22818 3.97 502
-1.21372 1.37760 3.68 352
0.93981 1.53573 3.54 302
