0.37834 -1.02713 3.83 422
-0.63823 -0.83317 3.76 389
-0.66224 -0.33763 2.80 132
-0.32808 0.24159 3.24 221
0.84717 -0.32313 4.00 517
0.53678 0.22938 3.95 490
1.05541 -0.21725 3.32 238
0.47319 0.39942 3.78 398
0.93849 0.05253 1.68 28
0.57413 0.50677 3.98 511
0.93897 0.37085 3.77 392
1.06671 0.20530 4.00 516
1.27719 0.02047 3.01 176
-0.54794 0.71658 3.85 433
-0.41726 0.90414 3.35 246
1.41875 0.09601 3.69 358
0.08750 0.95669 3.76 387
1.30632 0.29867 3.97 504
-1.21206 0.48548 2.86 144
0.56814 0.88846 3.27 228
1.32281 0.44843 3.84 427
1.21132 0.66728 1.86 38
1.49694 0.36748 2.25 72
1.48640 0.41659 3.44 270
-1.53980 0.53570 0.46 9
-0.38387 1.37972 3.27 227
1.57872 0.75399 1.96 45
0.57371 1.49722 -0.72 2
1.33356 1.12461 3.47 279
-1.60504 1.04487 3.56 307
0.25949 1.66675 3.85 434
0.85484 1.56120 2.93 160
