0.78775 -1.70270 3.69 357
0.04762 -1.68581 3.91 471
1.33409 -1.62933 1.64 26
0.75401 -1.60772 3.19 210
1.84771 -1.51981 0.50 10
1.44232 -1.36398 3.54 300
-0.51618 -1.47388 3.60 322
-0.47736 -1.42847 3.74 376
0.00953 -1.25981 3.47 277
0.38859 -1.04739 3.40 258
0.26852 -1.06560 3.65 342
0.38701 -1.04197 3.84 425
0.48464 -1.00523 0.85 13
0.30482 -0.95121 3.76 386
0.37400 -0.85338 3.53 294
-1.72312 -0.59166 2.64 106
1.29827 -0.64560 3.00 172
-1.48004 -0.46946 2.00 49
-0.15441 -0.58338 2.87 146
-0.13378 -0.58667 3.63 339
-0.18665 -0.58212 3.70 361
-0.17439 -0.56843 3.87 448
-0.84917 -0.35272 3.63 338
1.04017 -0.24511 1.65 27
-1.56393 -0.06812 3.41 262
-0.06620 -0.16506 2.85 141
-0.17619 -0.14076 3.83 419
0.64016 -0.05354 2.69 113
-1.24999 0.17546 3.00 171
1.32418 0.33167 2.62 104
-0.57272 0.24733 3.39 257
1.19323 0.40793 3.97 501
-0.52594 0.35650 2.12 62
-0.02189 0.26658 2.89 151
0.67562 0.39757 3.17 205
0.63508 0.38114 3.75 379
-1.19072 0.60030 2.26 73
-0.14598 0.40769 3.77 391
0.60602 0.52965 2.99 168
1.18071 0.75914 1.90 41
-0.48501 0.56664 3.80 404
0.73000 0.68115 0.08 6
-0.15615 0.69439 3.01 175
-1.33934 1.06812 3.57 312
-0.31644 0.82619 1.79 34
-0.55841 1.04126 3.95 488
-0.46166 1.06491 2.93 159
-1.80457 1.77169 3.66 346
1.00434 1.29422 3.72 368
-0.55575 1.23564 3.76 385
-1.66538 1.89424 2.23 67
-1.53812 1.90361 3.44 269
-1.83827 2.31592 2.27 74
-1.36809 2.02392 2.47 91
-1.15255 1.81955 2.68 110
-0.85240 1.90704 3.38 254
