-0.55305 -1.61155 3.01 178
0.21646 -1.08820 1.16 17
-0.95010 -0.72887 3.74 377
0.37312 -0.60926 3.66 349
0.54955 -0.55957 3.97 508
1.73175 -0.57576 2.04 53
-0.69015 -0.34872 2.87 148
-0.78303 -0.38480 3.68 355
0.18817 -0.31156 3.27 231
-1.59365 -0.03900 3.77 396
1.38820 0.01547 3.56 306
0.16618 0.12789 3.74 378
-0.93347 0.22178 2.91 158
-0.24654 0.46021 3.84 432
-0.46386 0.51836 2.96 165
0.51024 0.72007 3.69 359
-1.20865 0.84995 3.92 479
-0.41161 0.88609 3.53 298
-0.79203 1.11664 2.39 83
0.02038 1.15671 3.40 260
-1.92943 1.53786 3.63 340
0.35178 1.43637 2.49 92
-1.89905 1.63252 3.77 395
1.40312 1.51322 2.83 138
