0.20405 -1.56065 2.70 117
0.54159 -1.65163 3.61 328
-0.84650 -1.55091 3.12 196
-1.10906 -1.58793 3.87 450
1.26657 -1.61726 3.97 502
-1.00170 -1.46708 2.64 107
1.32847 -1.48398 3.68 352
-0.46063 -1.34074 3.85 435
-0.12307 -1.26133 3.96 496
-0.48926 -1.13293 3.02 179
0.29626 -1.07286 2.45 89
-0.01687 -1.04513 1.50 23
0.54336 -1.07073 3.96 497
0.02117 -0.98397 3.47 278
0.10397 -0.89522 1.84 36
0.18343 -0.91904 3.85 436
0.86505 -0.82966 2.81 134
0.62235 -0.83582 3.34 242
-0.07326 -0.76873 3.87 451
0.03780 -0.74867 3.02 180
-1.55673 -0.82159 3.19 211
-0.98044 -0.73484 3.60 324
-1.21802 -0.66684 2.84 140
-0.89103 -0.63308 3.81 411
-0.29677 -0.50046 3.95 489
-0.47914 -0.43702 1.98 46
-1.16465 -0.48697 2.58 98
-0.19023 -0.35977 -1.46 1
-1.47256 -0.42891 3.31 236
-0.97087 -0.29651 3.55 304
-0.84036 -0.25032 3.71 363
-0.97578 -0.00852 2.06 57
0.54519 0.01566 3.93 481
-1.48783 0.04571 0.12 7
-1.44497 0.12842 3.60 323
-0.60411 0.19140 3.98 510
-1.17080 0.19482 2.77 126
-1.61520 0.22546 2.79 130
1.19522 0.30906 3.90 468
-1.35575 0.39369 3.36 248
-1.13302 0.38554 3.81 410
-1.17699 0.46589 1.70 29
-1.10496 0.42373 2.05 54
-1.24585 0.51840 2.23 68
0.54350 0.83178 0.38 8
1.73684 0.91671 3.11 192
-1.38585 0.92536 1.64 26
1.58740 0.93971 3.38 255
-0.91918 0.97076 0.50 10
0.37716 1.00816 2.90 156
1.10399 1.08922 3.52 290
-1.23934 1.14511 3.54 300
-0.20677 1.28548 3.36 249
-0.31772 1.51389 1.93 43
0.25775 1.52160 3.58 317
1.62148 1.76010 3.94 484
