-0.55448 -1.87312 4.00 517
-0.03445 -1.55847 3.87 452
-1.19807 -2.57155 3.95 490
0.10447 -1.52432 3.62 333
-0.72019 -1.66688 3.32 238
-1.44647 -2.78205 3.78 398
-1.01452 -1.90690 1.68 28
1.23605 -2.11705 1.92 42
-0.01458 -1.36221 2.69 115
0.82485 -1.63629 2.89 152
0.03378 -1.29764 3.05 186
-1.61375 -2.67006 3.98 511
-0.30657 -1.24767 3.64 341
-1.42280 -2.03967 3.77 392
-1.21750 -1.80677 4.00 516
-1.02226 -1.50181 3.01 176
-0.71016 -1.24746 2.76 125
0.72943 -1.29755 3.19 212
-0.08462 -0.99590 1.33 20
-0.08455 -0.99591 1.73 30
1.21650 -1.53314 2.85 142
-0.40645 -1.04263 3.13 199
1.32931 -1.66710 3.85 440
-1.12284 -1.37764 3.69 358
-1.34807 -1.56018 3.97 504
-0.84235 -1.13314 3.32 239
-0.95069 -1.17097 3.40 259
0.80604 -1.05760 -0.01 4
0.57112 -0.93104 0.61 11
0.80605 -1.05763 1.33 21
-0.12668 -0.84207 3.59 320
-1.53155 -1.59213 3.84 427
0.05343 -0.79769 1.25 18
-1.43733 -1.37789 2.25 72
-0.17613 -0.75223 2.80 133
-1.49490 -1.40357 3.44 270
-0.75602 -0.90740 3.78 399
-0.94279 -0.98928 3.82 415
-0.64611 -0.87187 3.91 474
-0.06508 -0.65354 1.63 24
-1.41990 -1.18017 3.13 198
-1.57214 -1.13919 2.50 93
-1.29855 -0.91129 3.54 301
-0.62009 -0.59732 3.89 463
0.47960 -0.50370 2.30 77
1.27962 -0.72967 3.41 264
-0.23169 -0.40459 3.96 498
-0.26734 -0.31902 2.60 100
-0.10193 -0.28035 3.91 475
-0.99548 -0.42622 2.69 114
0.01324 -0.21046 2.17 64
-1.10798 -0.39833 3.84 428
-0.02021 -0.18820 3.86 443
1.37237 -0.55441 3.87 455
1.11907 -0.35139 2.30 78
0.68568 -0.20534 2.55 95
0.92892 -0.20352 3.55 305
1.60316 -0.40137 3.37 253
0.74794 -0.08095 3.87 454
1.38848 -0.19709 2.68 112
1.16571 -0.05076 2.31 79
0.68777 0.06296 3.04 184
1.42209 -0.14532 3.13 200
0.78008 0.06365 3.83 421
-1.48895 -0.17511 3.85 437
0.69592 0.10509 3.41 263
0.52848 0.25998 3.88 459
1.33236 0.16009 4.00 518
0.95306 0.35197 2.06 58
0.43789 0.41934 2.75 123
-0.78467 0.64718 3.54 302
1.10456 0.90678 3.27 229
-0.07351 1.20344 2.65 108
0.51401 1.19911 3.00 174
-0.39685 1.24100 3.00 173
-0.34566 1.57349 2.59 99
-0.14670 1.64847 2.95 163
-1.69241 1.53942 3.11 193
