-0.13043 0.03606 3.83 422
0.13544 0.04295 3.89 466
0.69073 -0.54055 3.76 389
0.53766 -1.01800 2.80 132
-0.85845 -0.36503 4.00 517
-0.69920 0.12875 3.87 452
0.84196 -0.14005 3.96 500
-0.62575 0.23662 3.62 333
-1.09877 -0.37060 3.32 238
0.32804 0.54229 1.92 42
-0.80437 0.26091 2.69 115
-0.10361 0.60405 2.89 152
-0.81101 0.33392 3.05 186
1.29821 -0.21321 3.42 267
1.21920 -0.01516 3.56 311
-1.09008 0.13966 3.64 341
-0.33131 0.77678 3.19 212
0.70972 0.64308 3.62 336
-1.10458 0.46152 1.33 20
-1.10452 0.46156 1.73 30
0.09368 0.90161 2.85 142
-1.31795 0.20411 3.13 199
0.21647 0.87413 3.85 440
-0.40985 1.00632 -0.01 4
-0.65526 0.95532 0.61 11
-0.40982 1.00631 1.33 21
-1.25518 0.54639 3.59 320
0.74270 0.89589 3.62 335
-1.14608 0.70889 1.25 18
0.50429 1.09337 3.76 388
-1.36846 0.58066 2.80 133
-1.35943 0.74184 1.63 24
0.82441 1.15418 3.34 244
0.84780 1.20390 2.85 143
0.63001 1.25508 3.13 201
-1.02818 1.27024 2.30 77
-0.25514 1.59586 3.41 264
1.37836 1.34459 3.66 348
-1.73821 1.05376 3.91 475
