-0.49568 -1.21600 3.83 422
-0.61141 -0.94493 3.89 466
-0.27828 -0.18622 3.76 389
0.19039 -0.14651 2.80 132
0.79289 -0.46291 3.24 221
-0.70230 -0.20127 3.96 500
-0.79561 0.21133 3.42 267
-0.95374 0.08016 3.56 311
1.28718 -0.22265 3.85 433
0.97893 0.40648 2.86 144
-0.41541 0.74947 2.86 145
-1.00987 0.60884 3.65 345
-0.01874 0.91566 3.99 513
1.00253 0.69962 0.46 9
-1.26271 0.55876 1.94 44
0.85339 0.91220 3.92 477
-0.28425 1.31675 3.49 285
1.51118 0.79831 3.56 307
1.34673 0.90782 3.70 360
1.23718 1.17190 3.95 487
-1.59195 1.10774 3.11 195
-0.73124 1.52345 1.74 31
-0.38305 1.59837 2.10 61
1.07967 1.42526 3.31 235
-0.10369 1.73595 3.90 470
0.52267 1.65622 3.88 456
