355.84332 10.33139 5.06 1745
358.15457 10.94750 5.30 2310
2.50958 11.14556 5.51 2899
352.28876 12.76056 4.55 959
350.76917 12.31389 5.08 1774
1.42500 13.39611 5.51 2893
3.30917 15.18361 2.83 138
9.19708 15.23167 5.89 4468
7.01208 17.89306 5.06 1732
354.48666 18.40056 5.53 2956
2.26000 18.21194 5.53 2959
358.12207 19.12028 5.08 1790
3.65083 20.20667 4.80 1262
8.14792 20.29444 5.38 2509
9.98167 21.43833 5.36 2452
9.84083 21.25056 5.87 4379
353.36707 22.49889 5.32 2357
351.34500 23.40417 4.40 801
350.15918 23.74028 4.60 1003
11.83458 24.26722 4.06 554
359.43958 25.14139 4.66 1078
351.91833 25.16722 5.98 4945
0.54250 27.08194 5.75 3845
357.41418 28.84250 5.97 4902
355.99792 29.36167 4.93 1482
2.09708 29.09056 2.06 55
9.63875 29.31167 4.37 778
7.53042 29.75167 5.23 2129
