138.30000 -69.71722 1.68 28
121.98250 -68.61722 4.35 757
139.32167 -68.68944 5.39 2548
152.37708 -68.68333 5.81 4129
135.28542 -68.68389 5.88 4409
109.20750 -67.95722 3.98 510
104.96042 -67.91611 5.17 1994
126.43417 -66.13694 3.77 392
135.61166 -66.39611 4.00 515
155.74208 -66.90167 4.99 1589
153.37750 -66.37306 5.16 1970
132.64500 -66.79306 5.35 2432
117.42083 -66.19583 5.79 4034
142.12750 -66.70194 5.91 4587
146.77542 -65.07194 3.01 175
124.57875 -65.61333 5.07 1750
152.17751 -65.81528 5.28 2256
126.46500 -64.60083 5.97 4884
120.08333 -63.56750 4.82 1291
146.31168 -62.50778 3.69 358
137.81917 -62.31722 3.97 508
140.23666 -62.40472 4.81 1274
123.81625 -62.91583 5.16 1969
129.32832 -62.85361 5.47 2766
147.73209 -62.74528 5.57 3116
142.19583 -62.27306 5.92 4626
144.83749 -61.32806 4.52 919
122.25292 -61.30250 4.76 1200
141.36292 -61.95028 5.77 3891
141.02374 -61.64889 5.99 5005
133.76167 -60.64472 3.84 429
119.90667 -60.58694 5.17 2003
119.44542 -60.30333 5.60 3241
119.07750 -60.52639 5.74 3764
133.45293 -60.35417 5.78 3982
117.30375 -60.28361 5.78 3997
135.19041 -60.96389 5.79 4056
119.71042 -60.82444 5.81 4145
150.50000 -60.42083 5.94 4722
125.62833 -59.50972 1.86 38
139.27251 -59.27528 2.25 72
143.61125 -59.22944 4.08 569
130.15417 -59.76111 4.33 735
134.24333 -59.22944 4.92 1465
134.85042 -59.08361 5.16 1973
138.23167 -59.41444 5.54 3018
147.80042 -59.42583 5.79 4030
137.74167 -58.96694 3.44 270
128.83167 -58.00917 4.86 1375
128.81416 -58.22500 5.26 2207
142.59750 -58.36167 5.88 4422
142.80542 -57.03444 3.13 197
139.05083 -57.54139 4.34 747
145.17708 -57.98361 5.32 2350
132.90250 -57.63361 5.59 3209
118.72167 -57.30306 5.63 3319
145.25917 -57.25972 5.80 4087
125.30000 -57.97306 5.97 4906
131.67708 -56.76972 4.49 892
117.27792 -56.41056 5.59 3187
122.39000 -56.08556 5.66 3433
140.52834 -55.01083 2.50 93
138.57500 -55.56972 5.27 2216
140.45833 -55.51500 5.63 3337
145.44917 -55.21417 6.00 5050
131.17583 -54.70833 1.96 45
118.12375 -54.36722 5.70 3611
133.79958 -54.96556 5.71 3617
120.20792 -54.15139 5.87 4395
112.62875 -54.39944 5.96 4855
130.60625 -53.11389 4.86 1378
126.90208 -53.08861 5.09 1802
141.57542 -53.37917 5.11 1851
129.99001 -53.05500 5.19 2039
144.30125 -53.66861 5.45 2684
129.84917 -53.43972 5.48 2821
130.57875 -53.10000 5.52 2936
121.26667 -53.10806 5.53 2972
145.92583 -53.89167 5.56 3069
130.07249 -53.01528 5.61 3283
128.02000 -53.21222 5.69 3547
119.19458 -52.98222 3.47 279
130.07333 -52.92194 3.62 336
134.08083 -52.72361 4.69 1104
113.91542 -52.53389 4.94 1505
135.43584 -52.18833 5.23 2128
125.73000 -52.12389 5.85 4282
143.53667 -51.25528 5.01 1637
126.37917 -51.72806 5.17 1990
139.52417 -51.05111 5.26 2210
142.52167 -51.51722 5.45 2688
139.67583 -51.56056 5.87 4340
123.39208 -50.19611 5.51 2902
128.96709 -50.97000 5.80 4090
117.59958 -50.50972 5.91 4599
121.17667 -50.59056 5.95 4808
