296.56500 10.61333 2.72 120
309.78250 10.08611 5.05 1720
297.75668 10.41556 5.11 1835
308.30334 11.30333 4.03 538
291.24249 11.94444 5.16 1972
295.64166 11.82667 5.27 2226
289.45416 11.59528 5.28 2247
299.05957 11.42389 5.28 2266
309.45459 11.37778 5.43 2640
297.17542 11.81583 5.72 3705
294.21875 11.27333 5.98 4950
289.91376 12.37472 5.53 2958
308.48749 13.02722 5.38 2505
309.68292 13.31500 5.72 3704
291.60043 13.02389 5.74 3763
305.00082 13.54806 5.95 4773
309.38751 14.59528 3.63 338
308.82709 14.67417 4.68 1096
292.34207 14.59583 5.56 3087
289.11166 14.54472 5.63 3336
310.31750 14.58306 5.99 5000
309.90958 15.91194 3.77 393
310.86459 15.07444 4.43 835
303.56918 15.19750 4.95 1525
309.77084 15.83806 5.97 4888
299.00543 16.63472 5.36 2449
299.43918 16.78917 5.53 2970
294.32251 16.46278 5.66 3454
300.87500 16.03139 5.67 3493
295.26208 17.47611 4.37 779
300.01376 17.51667 5.37 2483
301.02582 17.07000 5.80 4079
305.08917 17.79306 5.80 4084
296.84708 18.53417 3.82 413
295.02417 18.01389 4.37 786
300.81833 18.50056 5.96 4827
299.68918 19.49222 3.47 276
293.64542 19.77333 5.00 1615
297.24457 19.14222 5.00 1630
301.28958 19.99111 5.10 1815
291.36917 19.79861 5.16 1958
291.61957 19.89139 5.81 4114
291.55499 20.09778 5.63 3322
289.05417 21.39028 4.77 1212
309.63043 21.20111 4.82 1311
306.41876 21.40972 5.66 3444
297.76709 22.61000 4.95 1529
301.72250 23.61444 5.07 1765
303.87582 23.50861 5.15 1941
289.43167 23.02556 5.43 2636
299.79376 23.10139 5.67 3478
309.64624 23.68056 5.91 4580
292.17624 24.66500 4.44 839
298.36542 24.07972 4.58 981
309.63293 24.11611 5.04 1708
300.50583 24.93806 5.22 2104
304.19626 24.67111 5.32 2349
298.62958 24.31944 5.52 2943
305.51416 24.44611 5.54 3007
298.00668 24.99222 5.57 3098
292.23749 24.76861 5.81 4108
300.43625 24.80028 5.88 4441
303.81625 25.59194 4.78 1234
311.21875 25.27056 4.91 1444
295.92874 25.77194 5.49 2842
296.95251 25.38389 5.95 4805
290.71207 26.26250 5.18 2019
302.95001 26.80889 5.49 2838
302.63959 26.90417 5.52 2924
309.26959 26.46194 5.59 3189
292.84082 26.61722 5.87 4356
303.00293 26.47889 5.92 4625
292.68042 27.95972 3.08 191
303.94208 27.81417 4.52 920
300.27542 27.75361 4.64 1051
292.68875 27.96528 5.11 1834
303.56042 28.69472 5.18 2016
291.03168 29.62139 4.97 1551
293.71207 29.46306 5.38 2498
300.90582 29.89667 5.71 3670
