36.20417 10.61056 5.47 2783
27.71667 11.04333 5.94 4739
24.27458 12.14167 5.57 3125
39.15792 12.44750 5.68 3504
30.64667 13.47667 5.94 4763
22.87083 15.34583 3.62 335
33.26375 15.27972 5.71 3626
27.04542 16.95556 5.84 4245
24.92000 16.40583 5.97 4909
29.33792 17.81750 5.10 1813
23.97833 17.43361 5.80 4081
23.70458 18.46056 5.89 4462
28.38250 19.29361 4.75 1192
28.38250 19.29583 4.83 1312
21.56375 19.17222 5.38 2514
21.67375 19.24028 5.50 2871
34.53125 19.90111 5.62 3301
32.65667 19.50028 5.70 3602
28.66000 20.80806 2.64 106
25.62417 20.26861 5.24 2147
40.59167 20.01167 5.69 3558
20.85375 20.46889 5.97 4881
33.20042 21.21083 5.27 2228
39.70417 21.96139 5.43 2652
29.89875 21.05833 5.87 4338
31.64125 22.64833 5.03 1680
27.53542 22.27528 5.86 4316
31.79333 23.46250 2.00 50
29.48208 23.59611 4.79 1246
28.96250 23.57722 5.74 3769
18.43708 24.58361 4.65 1055
33.15625 24.16778 5.96 4845
32.35542 25.93972 4.98 1571
33.92833 25.04306 5.58 3152
30.91375 25.93556 5.63 3318
33.94167 25.78306 5.79 4017
37.63500 25.23500 5.92 4618
40.86292 27.70722 4.66 1084
19.86667 27.26417 4.76 1204
40.17125 27.06083 5.30 2304
29.43250 27.80444 5.82 4168
34.73750 28.64250 5.03 1681
20.28083 28.73806 5.23 2131
28.27042 29.57889 3.41 264
41.97708 29.24722 4.51 909
37.04167 29.66944 5.29 2277
37.20208 29.93194 5.89 4477
