230.25833 0.71528 5.35 2425
247.14166 0.66500 5.39 2557
247.72833 1.98389 3.82 416
245.51833 1.02917 4.82 1287
229.82832 1.76528 5.06 1741
232.15916 1.84222 5.17 1977
250.42708 1.18111 5.74 3771
237.57292 2.19639 5.23 2118
236.00751 2.51500 5.88 4411
242.24542 3.45444 5.91 4588
237.70416 4.47778 3.71 365
250.16125 4.21972 5.77 3948
240.21292 4.42750 5.83 4191
243.31416 5.02111 5.48 2799
236.34792 5.44694 5.58 3169
248.14874 5.52111 5.63 3333
236.06708 6.42556 2.65 108
246.04500 6.94806 5.85 4284
242.29668 6.37889 5.97 4907
236.61082 7.35306 4.43 833
242.11667 8.53417 5.73 3742
241.90625 9.89167 5.63 3345
233.70042 10.53750 3.80 405
233.70042 10.53917 3.80 407
234.12334 10.01000 5.26 2214
248.15125 11.48806 4.84 1350
235.44749 12.84750 5.33 2380
237.05542 13.78861 6.00 5035
246.35417 14.03333 4.57 968
239.31084 14.41444 5.54 3008
236.82208 14.11528 5.71 3629
236.54707 15.42194 3.67 350
239.11333 15.66167 3.85 439
231.44749 15.42806 5.17 2000
237.67375 15.13361 5.20 2067
234.12209 16.11889 5.93 4688
242.01875 17.04694 5.00 1607
240.30959 17.81833 5.12 1865
237.18500 18.14167 4.09 573
243.86958 18.80833 5.69 3566
235.47792 18.46389 5.81 4120
245.48000 19.15306 3.75 379
235.38792 19.67028 4.52 924
