340.36917 40.22556 5.25 2179
353.65625 40.23639 5.59 3200
343.52917 40.37694 5.81 4123
341.02292 41.81917 5.08 1779
344.09833 41.60389 5.59 3185
342.59082 41.95361 5.92 4647
340.40042 41.54944 5.94 4757
3.37833 41.03528 5.72 3681
345.48041 42.32611 3.62 332
345.65125 42.75778 5.10 1819
351.78082 42.91194 5.75 3807
349.96832 42.07806 5.79 4044
359.26501 42.65833 5.97 4876
354.53418 43.26806 4.29 713
337.62207 43.12333 4.51 915
343.00833 43.31250 4.94 1509
347.61334 43.54417 5.94 4766
355.10208 44.33389 4.14 602
340.12875 44.27639 4.46 856
341.54251 44.54611 5.76 3860
354.38333 44.42917 5.80 4086
343.41708 44.74917 5.81 4106
354.39124 46.45806 3.82 417
335.25668 46.53667 4.57 974
356.50876 46.42028 4.95 1531
346.91376 46.38722 5.33 2384
2.58042 46.07222 5.03 1670
337.38251 47.70694 4.36 760
358.89001 47.35583 6.00 5040
4.28792 47.94750 5.89 4473
344.26874 48.68417 5.43 2639
349.87418 48.62528 5.44 2675
348.13751 49.40639 4.52 923
336.12918 49.47639 4.57 972
349.43625 49.01528 4.85 1353
344.10834 49.73361 4.95 1516
346.93918 49.29583 5.70 3603
337.82291 50.28250 3.77 396
346.04584 50.05222 4.65 1062
354.78458 50.47167 5.30 2311
339.34332 51.54528 4.63 1035
359.60333 51.38861 4.80 1256
335.89001 52.22917 4.43 830
6.06500 52.02000 5.57 3107
349.17624 53.21361 5.54 2999
340.07666 53.84611 5.93 4660
6.27667 53.04694 5.74 3761
7.94333 54.52222 4.73 1161
359.75208 55.75500 4.88 1401
342.44250 55.90278 5.43 2650
359.28543 55.70583 5.55 3028
345.02124 56.94528 5.00 1628
339.65793 56.79583 5.21 2069
332.95334 56.83944 5.24 2141
338.41916 56.62500 5.71 3666
333.75833 57.04361 4.19 627
358.59583 57.49944 4.54 944
356.75793 57.45139 5.51 2894
348.32083 57.16833 5.56 3065
334.11041 57.22028 5.88 4424
358.89041 57.41222 6.00 5048
332.71375 58.20111 3.35 247
337.29291 58.41528 3.75 383
356.76459 58.65194 4.87 1390
352.50833 58.54889 4.91 1452
330.51917 58.00056 5.56 3086
1.56667 58.43667 5.96 4875
346.65375 59.41972 4.85 1362
332.87793 59.41444 5.04 1697
347.43375 59.33306 5.70 3589
2.29458 59.14972 2.27 75
7.58292 59.97722 5.94 4728
