330.20917 -28.45361 5.42 2621
340.16418 -27.04361 4.17 619
318.32208 -27.61944 5.42 2606
333.57834 -27.76694 5.43 2648
337.44168 -27.10722 5.95 4786
324.04584 -26.17139 5.73 3720
331.15332 -26.82250 5.96 4832
333.43500 -25.18083 5.58 3154
335.87875 -24.76250 5.53 2955
325.50333 -23.26278 5.24 2138
338.90207 -23.99111 5.97 4908
321.66666 -22.41139 3.74 377
320.75208 -22.66889 5.60 3244
322.18082 -21.80722 4.51 907
335.39832 -21.59833 5.13 1887
333.57501 -21.07417 5.32 2368
321.81168 -21.19611 5.78 3978
338.67334 -20.70833 5.20 2049
321.04001 -20.85194 5.41 2585
323.71249 -20.08444 5.69 3562
324.26999 -19.46611 4.68 1098
340.89709 -18.83028 4.69 1117
325.66458 -18.86639 4.73 1168
332.24582 -18.51972 5.81 4117
319.48874 -17.98528 5.43 2637
326.76001 -16.12722 2.87 147
325.02292 -16.66222 3.68 354
320.56168 -16.83444 4.28 698
325.38708 -14.04750 5.18 2004
325.76834 -14.39972 5.88 4401
326.00418 -14.74944 5.99 5012
331.60916 -13.86972 4.27 677
328.32416 -13.55167 5.08 1784
336.11292 -13.52944 5.76 3857
334.75333 -13.30500 5.95 4818
334.20041 -12.83139 5.34 2398
321.04791 -12.87806 5.49 2846
332.65625 -11.56500 5.46 2749
326.63376 -11.36583 5.58 3170
337.66168 -10.67806 4.82 1290
