59.46333 40.01028 2.89 153
79.78542 40.09917 4.71 1135
63.72208 40.48361 4.71 1139
71.68500 40.31278 5.97 4899
76.62875 41.23444 3.17 209
75.61958 41.07583 3.75 381
69.17250 41.26472 4.25 662
80.45167 41.80444 5.23 2121
80.06167 41.08611 5.52 2944
80.70958 41.02944 5.54 3009
65.06000 41.80806 5.92 4635
82.70250 41.46194 6.00 5033
56.29833 42.57861 3.77 397
79.56625 42.79222 5.48 2789
73.19917 42.58667 5.71 3656
75.49208 43.82333 2.99 170
70.72625 43.36500 5.29 2292
57.51875 44.96778 5.66 3450
79.17250 45.99806 0.08 6
56.49708 45.68194 5.66 3437
65.38833 46.49889 4.85 1351
77.67875 46.96222 5.68 3516
55.73125 47.78750 3.01 177
62.16542 47.71250 4.04 544
58.99250 47.87139 5.37 2492
63.72458 48.40944 4.14 600
54.12250 48.19278 4.23 647
72.78875 48.74083 5.66 3436
70.35042 48.30083 5.67 3465
58.41125 48.65056 5.76 3885
70.84000 49.97389 5.87 4377
61.64583 50.35139 4.29 710
64.56083 50.29556 4.61 1011
59.15208 50.69528 5.28 2258
64.80542 50.04889 5.45 2691
65.04792 50.92083 5.55 3051
76.66917 51.59778 5.00 1612
74.02958 52.86944 5.75 3811
74.32167 53.75222 4.47 865
69.97792 53.07972 5.05 1729
64.17958 53.61194 5.19 2037
69.99208 53.47306 5.35 2418
68.00750 53.91083 5.77 3916
84.14667 54.42889 5.73 3738
53.41250 54.97472 5.98 4951
52.50083 55.45194 5.09 1804
73.76292 55.25917 5.52 2922
72.00125 56.75722 5.30 2315
65.46583 56.50667 5.88 4437
86.62667 56.11556 5.94 4748
80.86583 57.54444 5.28 2244
64.28417 57.86056 5.71 3631
58.43042 57.97500 5.80 4068
52.47875 58.87861 4.54 953
76.53542 58.97250 5.08 1773
52.26708 59.94028 4.21 633
61.11333 59.15556 5.06 1749
88.74083 59.88833 5.20 2065
55.67792 59.96944 5.76 3882
