-0.03395 -1.55562 2.70 117
0.30001 -1.62579 3.61 328
-1.11102 -1.60939 3.12 196
-1.38992 -1.66420 3.87 450
0.99311 -1.54965 3.97 502
-1.27704 -1.53257 2.64 107
1.04913 -1.41730 3.68 352
-0.71118 -1.37205 3.85 435
-0.36697 -1.27381 3.96 496
-0.74402 -1.16224 3.02 179
0.05019 -1.06501 2.45 89
-0.26296 -1.05139 1.50 23
0.29309 -1.05187 3.96 497
-0.22560 -0.98836 3.47 278
-0.14388 -0.89602 1.84 36
-0.06418 -0.91660 3.85 436
0.60082 -0.80169 2.81 134
0.36655 -0.81680 3.34 242
-0.32408 -0.77607 3.87 451
-0.21246 -0.75185 3.02 180
-1.26603 -0.77578 3.60 324
-1.52196 -0.71428 2.84 140
-1.17266 -0.66764 3.81 411
-0.55564 -0.51301 3.95 489
-0.74437 -0.45397 1.98 46
-1.46729 -0.52569 2.58 98
-0.44902 -0.36789 -1.46 1
-1.80284 -0.47456 3.31 236
-1.26282 -0.32318 3.55 304
-1.12509 -0.27245 3.71 363
-1.27262 -0.02608 2.06 57
0.27869 0.02167 3.93 481
-1.78166 0.10943 3.60 323
-0.88401 0.18408 3.98 510
-1.48485 0.18179 2.77 126
0.89813 0.31566 3.90 468
-1.68848 0.38744 3.36 248
-1.44723 0.37996 3.81 410
-1.49587 0.46320 1.70 29
-1.41769 0.41966 2.05 54
-1.57112 0.51768 2.23 68
1.69618 0.68148 3.88 457
0.26488 0.82843 0.38 8
1.39255 0.90026 3.11 192
-1.72993 0.94286 1.64 26
1.25485 0.92383 3.38 255
-1.22796 0.98414 0.50 10
0.09888 1.00500 2.90 156
0.80056 1.07455 3.52 290
-1.57416 1.16978 3.54 300
-0.49118 1.29290 3.36 249
-0.60825 1.52675 1.93 43
-0.02710 1.51839 3.58 317
1.27457 1.71108 3.94 484
