0.54274 -3.45655 3.83 422
-0.87549 -3.07487 3.76 389
-0.81709 -2.23617 2.80 132
-0.36221 -1.44715 3.24 221
1.04218 -2.21415 4.00 517
0.59394 -1.46207 3.95 490
1.27112 -2.05727 3.32 238
0.50787 -1.26013 3.78 398
1.07297 -1.68580 1.68 28
0.60474 -1.13877 3.98 511
1.01289 -1.29321 3.77 392
1.18551 -1.49168 4.00 516
1.46906 -1.72795 3.01 176
-0.55691 -0.91415 3.85 433
-0.41120 -0.72630 3.35 246
1.60890 -1.62942 3.69 358
0.08550 -0.67569 3.76 387
1.42744 -1.37830 3.97 504
-1.28141 -1.16248 2.86 144
0.56132 -0.74156 3.27 228
1.40757 -1.20416 3.84 427
1.24139 -0.96550 1.86 38
1.61575 -1.29714 2.25 72
1.59051 -1.24042 3.44 270
-1.61382 -1.10683 0.46 9
-0.35122 -0.29747 3.27 227
1.59461 -0.87575 1.96 45
0.51580 -0.20082 -0.72 2
1.26885 -0.51956 3.47 279
-1.54646 -0.59266 3.56 307
0.22759 -0.06714 3.85 434
0.76134 -0.14959 2.93 160
-1.26903 -0.31450 4.00 515
1.56907 -0.30641 1.78 33
0.76338 0.27256 3.17 206
1.28420 0.10018 3.25 224
-0.65745 0.34659 3.86 442
0.38471 0.36066 3.96 495
-1.50194 0.20450 3.24 220
1.61240 0.13796 3.73 374
1.30452 0.48548 2.70 117
1.61351 0.31505 3.61 328
0.34441 0.75698 3.12 196
0.12515 0.78603 3.87 450
0.22468 0.86183 2.64 107
-0.64429 0.82473 3.96 494
-0.71878 0.82653 3.56 308
0.72334 0.84747 3.85 435
1.07319 0.83794 3.96 496
0.74321 1.05025 3.02 179
-0.54097 1.04443 3.82 413
1.59750 0.91656 2.45 89
1.25774 1.02599 1.50 23
-1.66060 0.92069 3.87 447
1.32297 1.08138 3.47 278
1.45399 1.15858 1.84 36
1.53637 1.11197 3.85 436
1.30049 1.34737 3.87 451
1.44007 1.34544 3.02 180
-0.20142 1.58848 3.19 211
0.33892 1.57821 3.60 324
-1.77033 1.43248 3.69 356
0.11723 1.70097 2.84 140
0.44583 1.68104 3.81 411
