-0.70499 -1.61925 2.77 127
0.90265 -1.57896 3.84 431
-0.06608 -1.42765 3.14 203
-1.07181 -1.26751 2.00 50
-1.40205 -1.14782 2.23 69
-1.29802 -1.19946 3.84 430
1.73213 -0.97386 3.08 190
0.33637 -1.23575 3.42 266
0.59660 -1.14937 3.83 423
-1.43812 -0.97352 3.68 354
0.46909 -1.13165 3.70 362
-0.23752 -1.04557 3.92 478
-0.46252 -0.98947 2.81 135
1.18285 -0.80074 3.24 223
1.06025 -0.78726 3.45 275
-1.49123 -0.67307 3.47 280
-0.05403 -0.71215 3.16 204
0.39340 -0.66850 3.86 444
0.81924 -0.51419 0.03 5
-0.39107 -0.57489 3.53 297
-1.45799 -0.21704 3.50 287
1.39547 0.06587 2.87 147
1.63073 0.30038 3.79 403
0.17985 -0.20673 3.80 409
-0.55539 -0.14266 3.89 465
1.61346 0.35971 3.98 512
0.30271 0.09798 2.23 70
1.07697 0.33777 3.79 402
0.08470 0.12370 2.79 131
0.93439 0.37513 3.77 394
0.24486 0.38155 3.75 383
-0.79657 0.65685 3.29 234
-0.36138 0.65908 2.74 122
1.29495 1.19766 3.43 268
1.45592 1.43781 2.44 88
-1.13432 1.25926 3.65 344
-0.06354 0.85682 3.17 208
0.58974 1.11141 3.07 188
-1.47206 2.45517 3.84 429
-1.26354 2.00310 3.87 453
1.08806 1.80088 3.23 219
0.69140 1.35501 3.83 424
-0.52264 1.36043 3.05 187
0.25947 1.30970 3.57 315
-0.57415 1.56785 2.08 59
0.88072 2.64815 3.21 216
