-0.57477 -2.27432 3.83 422
-0.69049 -1.91935 3.89 466
-0.29290 -1.01749 3.76 389
0.19968 -0.97364 2.80 132
0.85578 -1.33181 3.24 221
-0.74021 -1.03418 3.96 500
-0.80861 -0.59221 3.42 267
-0.98045 -0.72925 3.56 311
1.35926 -1.05798 3.85 433
0.97841 -0.39397 2.86 144
-0.40341 -0.06106 2.86 145
-0.99225 -0.19525 3.65 345
-0.01795 0.09355 3.99 513
0.97761 -0.10827 0.46 9
-1.24589 -0.24380 1.94 44
0.81774 0.09037 3.92 477
-0.26367 0.44996 3.49 285
1.46164 -0.01519 3.56 307
1.29095 0.08635 3.70 360
1.16091 0.32388 3.95 487
-1.50150 0.26710 3.11 195
-0.66742 0.62497 1.74 31
-0.34759 0.68702 2.10 61
0.99301 0.54254 3.31 235
-0.09310 0.79912 3.90 470
0.47218 0.73444 3.88 456
-0.50968 0.86008 3.97 507
1.30223 0.64275 3.41 261
0.66294 0.82072 3.94 483
0.68407 0.89945 2.39 82
-0.98989 1.14393 3.01 178
