-0.87605 -1.66377 2.83 139
1.48835 -1.65173 3.80 407
1.48831 -1.65160 3.80 408
1.57510 -1.28176 3.67 351
1.74116 -1.24110 3.85 439
-0.07196 -1.20347 2.68 111
0.21013 -1.15333 -0.04 3
1.55050 -0.57603 2.00 50
1.19070 -0.60254 2.23 69
1.30723 -0.60543 3.84 430
0.54903 -0.67245 2.70 118
1.06398 -0.48285 3.68 354
0.37068 -0.50252 3.58 318
0.85721 -0.27753 3.47 280
-0.67309 -0.03060 2.90 157
0.33491 -0.07522 3.03 181
0.63164 0.07638 3.50 287
-1.72046 0.71058 3.01 177
1.33813 0.64268 3.89 465
-1.24499 0.69527 3.71 364
-0.10921 0.50083 1.86 39
-1.04096 0.98463 2.44 87
-0.28501 0.82936 2.27 75
-0.28491 0.82914 3.95 491
-0.51187 0.93333 1.77 32
-1.40944 1.39470 2.37 81
-0.79792 1.09387 3.31 237
0.61768 1.14964 3.29 234
-1.21045 1.67751 1.79 35
0.99027 1.50232 2.74 122
-1.79217 2.44621 3.67 350
0.02764 1.37772 3.65 344
1.14668 1.97081 3.17 208
1.72794 3.05834 3.07 188
-0.79320 1.99420 3.84 429
-0.45586 1.83436 3.87 453
