-0.19975 -1.64481 3.05 185
-1.11044 -1.44629 3.97 503
-0.24984 -1.54512 3.45 274
0.31078 -1.43446 3.01 177
-0.93629 -1.12163 3.60 326
0.63369 -1.16831 3.71 364
-0.95545 -1.05444 3.14 202
1.67260 -0.56005 1.86 39
-0.57899 -0.93613 3.17 207
0.60026 -0.80737 2.44 87
1.24877 -0.42329 2.27 75
1.24902 -0.42338 3.95 491
1.00118 -0.50279 1.77 32
0.16494 -0.72970 2.37 81
0.69796 -0.57308 3.31 237
-0.33946 -0.55697 3.80 405
-0.82998 -0.28349 3.36 250
0.15039 -0.43380 1.79 35
-0.41120 -0.31435 3.67 350
1.08823 0.17193 3.65 344
0.23939 -0.01027 3.84 429
0.50626 0.10886 3.87 453
0.95980 0.73838 3.05 187
0.77878 0.67828 2.08 59
-0.03531 1.12999 2.02 51
