-0.49554 -2.39141 3.83 422
-0.66825 -2.06124 3.89 466
-0.40340 -1.08071 3.76 389
0.07880 -0.94871 2.80 132
0.76120 -1.18018 3.24 221
-0.85683 -1.18051 3.96 500
-0.99674 -0.74617 3.42 267
-1.15473 -0.91607 3.56 311
1.18939 -0.83053 3.85 433
1.44536 -0.92689 3.35 246
0.74034 -0.25595 2.86 144
-0.66210 -0.14320 2.86 145
-1.25145 -0.37411 3.65 345
-0.29703 0.07010 3.99 513
0.69810 0.01951 0.46 9
-1.51303 -0.46650 1.94 44
0.51776 0.18867 3.92 477
-0.59864 0.38998 3.49 285
1.13468 0.17803 3.56 307
0.96274 0.25124 3.70 360
0.80748 0.46155 3.95 487
1.50362 0.07635 4.00 515
-1.04040 0.50982 1.74 31
-0.72053 0.61630 2.10 61
0.61793 0.65048 3.31 235
-0.47973 0.76225 3.90 470
0.08989 0.77084 3.88 456
-0.91370 0.76919 3.97 507
0.89325 0.78610 3.41 261
0.26200 0.87932 3.94 483
0.27074 0.95885 2.39 82
-1.46130 0.99646 3.01 178
