-0.25061 -1.76771 3.83 422
-0.49811 -1.57772 3.89 466
-0.56359 -0.68073 3.76 389
-0.15889 -0.40554 2.80 132
0.50550 -0.38764 3.24 221
-0.96011 -0.92359 3.96 500
1.01991 -1.21012 3.95 490
1.13711 -1.04701 3.78 398
-1.25667 -0.58670 3.42 267
0.78669 0.04370 3.85 433
1.02238 0.03579 3.35 246
1.38873 -0.36661 3.76 387
0.24691 0.43194 2.86 144
-1.14779 0.09911 2.86 145
-0.85512 0.42965 3.99 513
0.13033 0.68428 0.46 9
1.44936 0.25815 3.27 227
-0.09081 0.79865 3.92 477
-1.29241 0.66272 3.49 285
0.49024 0.96631 3.56 307
0.31173 0.99051 3.70 360
0.10467 1.16044 3.95 487
0.84712 0.96974 4.00 515
-1.51936 0.86664 2.10 61
-0.13776 1.30474 3.31 235
-1.31765 1.10222 3.90 470
-0.71415 1.28249 3.88 456
0.09034 1.52648 3.41 261
-0.57484 1.45156 3.94 483
-0.59434 1.54243 2.39 82
1.14052 1.54875 3.24 220
