-0.19905 -1.65805 3.65 345
0.95393 -1.87363 3.99 513
-0.44527 -1.58095 1.94 44
0.80301 -1.31792 3.49 285
-0.40178 -0.97506 3.11 195
0.45941 -0.96424 1.74 31
0.79812 -1.03375 2.10 61
-1.81479 -1.40799 3.51 288
1.10699 -1.02867 3.90 470
1.77593 -1.36924 3.88 456
0.69545 -0.80456 3.97 507
-1.24376 -0.78306 3.97 506
0.36210 -0.40937 3.01 178
1.17110 -0.10518 1.16 17
-1.71124 -0.25712 2.60 101
-1.69064 -0.11107 3.32 240
0.08249 0.40455 3.74 377
-1.77428 0.29201 2.89 155
1.45119 0.34300 3.66 349
1.67581 0.36982 3.97 508
-1.64171 0.51875 3.93 482
0.35621 0.74477 2.87 148
0.26292 0.71734 3.68 355
1.30506 0.69119 3.27 231
-0.79824 0.79970 3.08 191
-0.85818 0.92933 3.57 316
-0.45410 1.13121 3.77 396
1.38540 1.21376 3.74 378
0.16773 1.38040 2.91 158
0.95399 1.65478 3.84 432
0.70839 1.73214 2.96 165
-1.07554 1.69484 3.23 218
