-0.92993 -1.69455 3.56 306
0.05994 -1.62898 3.60 321
1.54400 -1.73629 3.89 462
0.87406 -1.29542 3.04 183
-1.87599 -0.88228 3.69 359
1.20401 -0.90271 3.47 276
1.50451 -0.84124 2.53 94
-0.87933 -0.22225 2.83 138
0.14748 -0.24650 3.62 331
0.43225 0.05450 2.64 106
0.58160 0.20790 2.00 49
1.11368 0.48957 3.63 338
-1.77148 0.68969 2.42 85
-0.86171 0.55325 2.06 55
0.38903 0.52711 3.41 262
-0.47521 0.60534 3.27 226
0.56349 0.85013 3.00 171
-0.11502 0.85152 2.06 56
1.20469 1.22375 3.39 257
-0.25505 1.02564 3.87 446
1.21901 1.36999 2.12 62
1.90820 1.57539 2.89 151
-1.58668 1.60726 3.62 337
0.46899 1.28144 2.26 73
1.67939 1.66749 3.77 391
1.18982 1.63361 3.80 404
-1.08837 1.71319 3.82 418
1.55751 2.02226 3.01 175
0.17993 1.66545 3.57 312
1.29660 2.06318 1.79 34
