0.40851 -1.66219 3.83 422
-0.68098 -1.43873 3.76 389
-0.68589 -0.89112 2.80 132
-0.32853 -0.29037 3.24 221
0.87667 -0.87557 4.00 517
0.53790 -0.30263 3.95 490
1.08536 -0.76289 3.32 238
0.46961 -0.13352 3.78 398
0.95007 -0.48204 1.68 28
0.56634 -0.02843 3.98 511
0.93338 -0.16171 3.77 392
1.07042 -0.32684 4.00 516
1.29536 -0.51495 3.01 176
-0.53419 0.17334 3.85 433
-0.40258 0.34976 3.35 246
1.43266 -0.43758 3.69 358
0.08418 0.39854 3.76 387
1.30388 -0.23332 3.97 504
-1.19705 -0.04916 2.86 144
0.54864 0.33516 3.27 228
1.30917 -0.08538 3.84 427
1.18417 0.12636 1.86 38
1.48831 -0.16504 2.25 72
1.47372 -0.11663 3.44 270
-1.51643 -0.00032 0.46 9
-0.36091 0.78117 3.27 227
1.53591 0.20882 1.96 45
0.53601 0.88438 -0.72 2
1.27121 0.55254 3.47 279
-1.53667 0.47976 3.56 307
0.24027 1.03104 3.85 434
0.79595 0.94005 2.93 160
-1.30147 0.76323 4.00 515
1.61068 0.77175 1.78 33
0.83978 1.42555 3.17 206
1.38321 1.22130 3.25 224
-0.72994 1.51597 3.86 442
0.42788 1.53333 3.96 495
-1.63845 1.34388 3.24 220
1.74469 1.26533 3.73 374
