-0.30868 -1.67533 3.56 306
0.66462 -1.63924 3.60 321
-1.73143 -1.64940 3.74 378
1.52921 -1.30799 3.04 183
-1.19631 -0.90001 3.69 359
1.88525 -0.88512 3.47 276
-1.70387 -0.40487 3.40 260
-1.28821 -0.18351 2.49 92
-0.34518 -0.25085 2.83 138
0.67050 -0.22740 3.62 331
0.95333 0.09852 2.64 106
-1.47982 0.33924 3.95 493
1.10544 0.26882 2.00 49
-1.41768 0.38956 3.48 284
1.68581 0.61416 3.63 338
-1.19089 0.55237 2.42 85
-0.37285 0.49910 2.06 55
0.87721 0.58364 3.41 262
-1.45753 0.74268 2.94 161
-0.00779 0.58326 3.27 226
1.04467 0.93654 3.00 171
0.33417 0.86309 2.06 56
1.74238 1.41572 3.39 257
0.18361 1.02154 3.87 446
1.74925 1.57556 2.12 62
-1.08158 1.41949 3.62 337
0.91525 1.37198 2.26 73
1.69751 1.85468 3.80 404
-0.64665 1.58467 3.82 418
0.58629 1.72317 3.57 312
1.79334 2.33767 1.79 34
