1.20673 -1.75006 2.61 103
0.63852 -1.46691 3.88 460
1.71953 -1.34477 3.53 296
-1.16238 -1.19984 3.65 343
-1.16238 -1.19984 3.68 353
-0.36005 -1.14263 3.37 252
-1.51725 -1.15090 3.89 464
0.65381 -0.99175 3.72 369
-0.91318 -0.89842 3.38 256
1.64578 -0.81145 3.71 365
1.51349 -0.69368 2.65 109
-0.77741 -0.46473 2.83 139
1.32236 -0.45523 3.80 407
1.32235 -0.45514 3.80 408
1.45318 -0.15197 3.67 351
1.61320 -0.11721 3.85 439
-0.06693 -0.08479 2.68 111
0.19648 -0.04117 -0.04 3
1.54356 0.49621 2.00 50
1.18185 0.47002 2.23 69
1.29710 0.46718 3.84 430
0.54073 0.40168 2.70 118
1.07039 0.58954 3.68 354
0.37208 0.56968 3.58 318
0.88289 0.80228 3.47 280
-0.71367 1.07194 2.90 157
0.35322 1.02204 3.03 181
0.67838 1.19376 3.50 287
-2.00112 1.98601 3.01 177
1.54271 1.89497 3.89 465
-1.44519 1.96534 3.71 364
-0.12364 1.70982 1.86 39
