0.30743 -0.03577 3.83 422
0.50656 -0.21913 3.89 466
0.49917 -1.04947 3.76 389
-0.47287 0.17850 4.00 517
-0.03094 0.41956 3.87 452
-0.91853 -0.27816 3.95 490
0.09440 0.44728 3.62 333
-0.63528 0.33365 3.32 238
-1.07620 -0.39823 3.78 398
-0.86054 0.15406 1.68 28
1.01433 0.00779 1.92 42
-0.01355 0.58338 2.69 115
0.73133 0.35757 2.89 152
0.03175 0.63977 3.05 186
-1.21983 -0.33525 3.98 511
-0.29071 0.68431 3.64 341
-1.18174 0.06053 3.77 392
-1.04953 0.22727 4.00 516
-0.92722 0.46572 3.01 176
-0.67344 0.68450 2.76 125
0.68558 0.63985 3.19 212
-0.08402 0.92138 1.33 20
-0.08396 0.92137 1.73 30
1.09751 0.44009 2.85 142
-0.40010 0.87570 3.13 199
1.17255 0.33348 3.85 440
-1.04056 0.57010 3.69 358
-1.21063 0.41818 3.97 504
-0.81549 0.78945 3.32 239
-0.91405 0.75423 3.40 259
0.79124 0.86123 -0.01 4
0.57410 0.98612 0.61 11
0.79126 0.86121 1.33 21
-0.12953 1.07756 3.59 320
-1.36801 0.39255 3.84 427
0.05510 1.12436 1.25 18
-1.33194 0.56988 2.25 72
-0.18326 1.17313 2.80 133
-1.37910 0.54792 3.44 270
-0.76338 1.01012 3.78 399
-0.93734 0.92791 3.82 415
-0.65685 1.04659 3.91 474
-0.06906 1.28210 1.63 24
-1.36290 0.74574 3.13 198
-1.52031 0.78379 2.50 93
-1.31022 1.00615 3.54 301
-0.66543 1.34611 3.89 463
0.52462 1.45600 2.30 77
1.33736 1.19767 3.41 264
-0.25873 1.57707 3.96 498
-0.30402 1.68574 2.60 100
-0.11688 1.73617 3.91 475
