0.81361 -1.61919 2.59 99
1.02762 -1.56687 2.95 163
-0.43396 -1.50440 3.11 193
-0.78277 -1.56806 3.81 412
-0.00930 -1.40330 3.56 309
-1.00526 -1.28564 3.61 329
-1.70024 -1.09415 1.98 48
1.15442 -0.62107 3.65 343
1.15442 -0.62107 3.68 353
-1.44741 -0.60531 3.91 473
0.82754 -0.57389 3.89 464
0.41366 -0.43912 3.61 330
1.35249 -0.33480 3.38 256
-1.37412 0.04600 3.52 291
-0.62624 -0.02632 3.85 438
1.42150 0.11216 2.83 139
0.05119 0.02816 3.94 485
-0.95976 0.13579 1.35 22
0.37614 0.24912 2.14 63
-0.07400 0.28919 3.34 243
-0.95931 0.40504 3.52 292
-0.77640 0.56261 2.61 102
-0.77633 0.56254 3.80 406
-0.07446 0.56507 2.56 96
-1.23958 0.85243 2.98 167
-0.81075 0.77124 3.44 271
-1.13049 0.97145 3.88 458
-0.01838 1.29634 3.48 282
-1.54813 1.63344 3.13 197
-0.32221 1.37877 3.83 420
-1.56407 1.81990 3.82 414
1.19287 1.81676 2.90 157
