-1.04888 -1.52849 2.12 62
-0.49413 -1.72060 2.89 151
0.30164 -1.65574 3.17 205
0.25675 -1.67038 3.75 379
-1.70656 -1.13421 2.26 73
-0.60220 -1.52208 3.77 391
0.23420 -1.48566 2.99 168
0.82078 -1.30879 1.90 41
-0.93508 -1.28105 3.80 404
0.36974 -1.33027 0.08 6
-0.54797 -1.18650 3.01 175
-1.65946 -0.62884 3.57 312
-0.68548 -1.02182 1.79 34
-0.87735 -0.77145 3.95 488
-0.77492 -0.76320 2.93 159
0.63479 -0.76154 3.72 368
-0.82499 -0.59263 3.76 385
-1.34652 0.13349 2.47 91
-1.21870 -0.03909 2.68 110
1.38007 0.17323 3.36 250
-0.93276 -0.01939 3.38 254
-0.59385 0.32999 3.98 509
-0.67198 0.91704 3.21 216
-0.02196 1.06914 2.02 51
