1.14808 -1.77618 3.95 489
0.92089 -1.65763 1.98 46
0.18197 -1.60607 2.58 98
1.27520 -1.60720 -1.46 1
-0.10038 -1.49671 3.31 236
0.38273 -1.41244 3.55 304
0.51785 -1.37523 3.71 363
-0.59690 -1.38767 3.87 449
-1.20833 -1.37801 2.95 162
0.38742 -1.09086 2.06 57
-1.43423 -1.14765 3.54 299
-1.61008 -1.14080 3.73 373
-0.07550 -0.99973 0.12 7
-0.03293 -0.92042 3.60 323
0.76863 -0.89803 3.98 510
0.21207 -0.86731 2.77 126
-0.16642 -0.81989 2.79 130
-0.60192 -0.72503 3.93 480
0.06075 -0.66824 3.36 248
0.25512 -0.68001 3.81 410
0.21956 -0.60221 1.70 29
0.28206 -0.64344 2.05 54
0.16202 -0.55244 2.23 68
-0.34566 -0.40260 3.72 367
-0.38319 -0.23129 3.69 357
-1.05496 -0.19448 3.91 471
0.06780 -0.19385 1.64 26
-0.39991 -0.15818 3.19 210
0.46666 -0.13305 0.50 10
0.19807 -0.00236 3.54 300
-1.64423 0.01472 3.60 322
-1.60076 0.05381 3.74 376
1.15488 0.20235 3.36 249
-1.06880 0.17266 3.47 277
-0.66889 0.33327 3.40 258
-0.78978 0.32779 3.65 342
-0.66986 0.33836 3.84 425
-0.57076 0.36260 0.85 13
1.03197 0.39113 1.93 43
1.64891 0.47303 3.58 317
-0.74222 0.43076 3.76 386
-0.66226 0.51611 3.53 294
1.40400 0.68327 3.79 400
0.22289 0.60192 3.00 172
1.64888 0.81443 3.53 295
0.80861 0.71855 2.88 149
0.70089 0.70738 3.28 232
-1.21433 0.86851 2.87 146
-1.19033 0.86140 3.63 339
-1.25227 0.87543 3.70 361
-1.23721 0.88853 3.87 448
1.08755 0.91063 2.98 166
1.70125 1.21039 3.79 401
0.07733 1.02405 1.65 27
1.81555 1.53391 1.98 47
-1.08593 1.33823 2.85 141
1.81555 1.53393 2.88 150
-1.22048 1.39533 3.83 419
-0.27865 1.30915 2.69 113
1.17150 1.49801 3.60 325
0.47576 1.59129 2.62 104
-1.75897 2.05552 3.39 257
0.37281 1.71397 3.97 501
