152.09293 11.96722 1.35 22
151.83333 16.76278 3.52 292
109.52333 16.54028 3.58 317
131.17125 18.15417 3.94 484
154.99292 19.84167 2.61 102
154.99417 19.84056 3.80 406
106.02708 20.57028 3.79 400
110.03083 21.98222 3.53 295
146.46292 23.77417 2.98 167
154.17250 23.41722 3.44 271
116.11167 24.39806 3.57 313
148.19083 26.00694 3.88 458
111.43167 27.79806 3.79 401
116.32875 28.02611 1.14 16
113.65000 31.88833 1.98 47
113.65000 31.88861 2.88 150
169.61958 33.09417 3.48 282
103.19708 33.96111 3.60 325
140.26375 34.39250 3.13 197
163.32793 34.21500 3.83 420
139.71124 36.80250 3.82 414
155.58208 41.49944 3.05 185
135.16000 41.78278 3.97 503
154.27417 42.91444 3.45 274
167.41583 44.49861 3.01 177
135.90625 47.15667 3.60 326
176.51250 47.77944 3.71 364
134.80167 48.04167 3.14 202
143.21417 51.67722 3.17 207
178.45750 53.69472 2.44 87
89.88167 54.28472 3.72 368
165.46042 56.38250 2.37 81
183.85667 57.03250 3.31 237
147.74750 59.03861 3.80 405
127.56625 60.71806 3.36 250
165.93208 61.75083 1.79 35
142.88208 63.06194 3.67 350
172.85083 69.33111 3.84 429
188.37083 69.78833 3.87 453
