221.96500 -79.04472 3.83 422
248.36250 -78.89722 3.89 466
325.36874 -77.39000 3.76 389
6.43792 -77.25417 2.80 132
56.80958 -74.23889 3.24 221
300.14792 -72.91056 3.96 500
252.16624 -69.02778 1.92 42
311.23959 -66.20306 3.42 267
302.18167 -66.18194 3.56 311
266.43332 -64.72389 3.62 336
334.62543 -60.25972 2.86 145
262.77457 -60.68389 3.62 335
313.70251 -58.45417 3.65 345
349.35751 -58.23583 3.99 513
306.41208 -56.73500 1.94 44
261.34833 -56.37750 3.34 244
261.32501 -55.53000 2.85 143
342.13876 -51.31694 3.49 285
271.65793 -50.09167 3.66 348
