221.96500 -79.04472 3.83 422
248.36250 -78.89722 3.89 466
325.36874 -77.39000 3.76 389
6.43792 -77.25417 2.80 132
156.09875 -74.03167 4.00 517
188.11667 -72.13306 3.87 452
300.14792 -72.91056 3.96 500
195.56750 -71.54889 3.62 333
252.16624 -69.02778 1.92 42
189.29584 -69.13556 2.69 115
229.72749 -68.67944 2.89 152
191.57042 -68.10806 3.05 186
311.23959 -66.20306 3.42 267
302.18167 -66.18194 3.56 311
220.62666 -64.97528 3.19 212
266.43332 -64.72389 3.62 336
238.78542 -63.43056 2.85 142
243.85957 -63.68556 3.85 440
219.89958 -60.83528 -0.01 4
210.95583 -60.37306 0.61 11
219.90042 -60.83556 1.33 21
262.77457 -60.68389 3.62 335
252.44624 -59.04139 3.76 388
313.70251 -58.45417 3.65 345
306.41208 -56.73500 1.94 44
261.34833 -56.37750 3.34 244
261.32501 -55.53000 2.85 143
254.65500 -55.99028 3.13 201
228.07124 -52.09917 3.41 264
271.65793 -50.09167 3.66 348
262.96042 -49.87611 2.95 164
227.98375 -48.73778 3.87 455
220.48250 -47.38833 2.30 78
309.39166 -47.29139 3.11 195
276.74332 -45.96833 3.51 288
230.67043 -44.68944 3.37 253
224.63292 -43.13389 2.68 112
258.03833 -43.23917 3.33 241
264.32999 -42.99778 1.87 40
224.79042 -42.10417 3.13 200
253.64583 -42.36139 3.62 334
233.78542 -41.16694 2.78 129
266.89624 -40.12694 3.03 182
230.34293 -40.64750 3.22 217
290.97168 -40.61611 3.97 506
265.62207 -39.03000 2.41 84
252.96750 -38.04750 3.08 189
240.03043 -38.39694 3.41 265
253.08376 -38.01750 3.57 314
263.40207 -37.10389 1.63 25
262.69083 -37.29583 2.69 116
267.46457 -37.04333 3.21 215
274.40668 -36.76167 3.11 194
230.45168 -36.26139 3.56 310
276.04291 -34.38472 1.85 37
252.54083 -34.29333 2.29 76
237.73958 -33.62722 3.95 492
271.45209 -30.42417 2.99 169
285.65292 -29.88028 2.60 101
275.24875 -29.82806 2.70 119
234.66417 -29.77778 3.66 347
239.22125 -29.21417 3.88 461
248.97083 -28.21611 2.82 137
234.25626 -28.13500 3.58 319
286.73499 -27.67056 3.32 240
247.35167 -26.43194 0.96 14
283.81625 -26.29667 2.02 52
239.71292 -26.11417 2.89 153
281.41418 -26.99083 3.17 209
276.99249 -25.42167 2.81 136
245.29707 -25.59278 2.89 154
