173.25043 -31.85778 3.54 302
211.59293 -26.68250 3.27 229
188.59666 -23.39667 2.65 108
199.73042 -23.17167 3.00 174
182.53125 -22.61972 3.00 173
183.95168 -17.54194 2.59 99
187.46625 -16.51556 2.95 163
162.40625 -16.19361 3.11 193
156.52251 -16.83639 3.81 412
169.83542 -14.77861 3.56 309
152.64708 -12.35417 3.61 329
201.29832 -11.16139 0.98 15
190.41499 -1.44944 3.65 343
190.41499 -1.44944 3.68 353
203.67332 -0.59583 3.37 252
184.97667 -0.66694 3.89 464
177.67375 1.76472 3.61 330
193.90083 3.39750 3.38 256
158.20293 9.30667 3.85 438
195.54417 10.95917 2.83 139
170.98125 10.52917 3.94 485
152.09293 11.96722 1.35 22
177.26500 14.57194 2.14 63
168.56000 15.42944 3.34 243
151.83333 16.76278 3.52 292
208.67125 18.39778 2.68 111
154.99292 19.84167 2.61 102
154.99417 19.84056 3.80 406
168.52708 20.52361 2.56 96
154.17250 23.41722 3.44 271
