47.04208 40.95556 2.12 62
59.46333 40.01028 2.89 151
76.62875 41.23444 3.17 205
75.61958 41.07583 3.75 379
56.29833 42.57861 3.77 391
75.49208 43.82333 2.99 168
89.88208 44.94750 1.90 41
47.37417 44.85722 3.80 404
79.17250 45.99806 0.08 6
55.73125 47.78750 3.01 175
51.08083 49.86111 1.79 34
43.56458 52.76250 3.95 488
46.19917 53.50639 2.93 159
89.88167 54.28472 3.72 368
42.67417 55.89556 3.76 385
14.17708 60.71667 2.47 91
21.45417 60.23528 2.68 110
127.56625 60.71806 3.36 250
28.59875 63.67000 3.38 254
142.88208 63.06194 3.67 350
30.85875 72.42139 3.98 509
354.83667 77.63250 3.21 216
37.95292 89.26417 2.02 51
