344.41293 -29.62222 1.16 17
321.66666 -22.41139 3.74 377
347.36166 -21.17250 3.66 349
350.74249 -20.10056 3.97 508
10.89750 -17.98667 2.04 53
326.76001 -16.12722 2.87 148
325.02292 -16.66222 3.68 355
343.66251 -15.82083 3.27 231
4.85708 -8.82389 3.56 306
343.15375 -7.57972 3.74 378
322.88959 -5.57111 2.91 158
335.41418 -1.38722 3.84 432
331.44583 -0.31972 2.96 165
349.29126 3.28222 3.69 359
318.95584 5.24778 3.92 479
332.54999 6.19778 3.53 298
326.04666 9.87500 2.39 83
340.36542 10.83139 3.40 260
346.19043 15.20528 2.49 92
3.30917 15.18361 2.83 138
341.63293 23.56556 3.95 493
342.50082 24.60167 3.48 284
