125.62833 -59.50972 1.86 38
139.27251 -59.27528 2.25 72
137.74167 -58.96694 3.44 270
163.37334 -58.85333 3.78 399
156.96957 -58.73944 3.82 415
167.14751 -58.97500 3.91 474
142.80542 -57.03444 3.13 198
140.52834 -55.01083 2.50 93
68.49917 -55.04500 3.27 227
131.17583 -54.70833 1.96 45
149.21584 -54.56778 3.54 301
95.98792 -52.69583 -0.72 2
119.19458 -52.98222 3.47 279
130.07333 -52.92194 3.62 332
86.82125 -51.06639 3.85 434
102.48417 -50.61472 2.93 160
122.38333 -47.33667 1.78 33
136.03876 -47.09778 3.75 380
130.15668 -46.64889 3.84 426
131.50708 -46.04167 3.91 472
136.99918 -43.43250 2.21 66
99.44042 -43.19611 3.17 206
112.30750 -43.30139 3.25 224
89.78667 -42.81528 3.96 495
120.89625 -40.00333 2.25 71
142.67500 -40.46667 3.60 327
118.05417 -40.57583 3.73 374
109.28583 -37.09750 2.70 117
116.31375 -37.96861 3.61 328
87.74000 -35.76833 3.12 196
82.80292 -35.47056 3.87 450
130.02583 -35.30833 3.97 502
84.91208 -34.07417 2.64 107
130.89792 -33.18639 3.68 352
95.52833 -33.43639 3.85 435
102.46042 -32.50861 3.96 496
95.07833 -30.06333 3.02 179
111.02375 -29.30306 2.45 89
104.65625 -28.97222 1.50 23
115.95208 -28.95472 3.96 497
105.42958 -27.93472 3.47 278
107.09792 -26.39333 1.84 36
108.70292 -26.77278 3.85 436
121.88583 -24.30417 2.81 134
117.32375 -24.85972 3.34 242
103.53292 -24.18389 3.87 451
105.75625 -23.83333 3.02 180
86.11583 -22.44833 3.60 324
82.06125 -20.75944 2.84 140
87.83042 -20.87917 3.81 411
99.17083 -19.25583 3.95 489
95.67500 -17.95583 1.98 46
83.18250 -17.82222 2.58 98
101.28708 -16.71611 -1.46 1
78.23292 -16.20556 3.31 236
86.73875 -14.82194 3.55 304
89.10125 -14.16778 3.71 363
86.93917 -9.66972 2.06 57
115.31167 -9.55111 3.93 481
79.40167 -6.84444 3.60 323
93.71375 -6.27472 3.98 510
83.85833 -5.91000 2.77 126
126.41500 -3.90639 3.90 468
81.11917 -2.39694 3.36 248
84.68667 -2.60000 3.81 410
84.05333 -1.20194 1.70 29
85.18958 -1.94278 2.05 54
83.00167 -0.29917 2.23 68
