121.88583 -24.30417 2.81 134
117.32375 -24.85972 3.34 242
103.53292 -24.18389 3.87 451
105.75625 -23.83333 3.02 180
86.11583 -22.44833 3.60 324
82.06125 -20.75944 2.84 140
87.83042 -20.87917 3.81 411
99.17083 -19.25583 3.95 489
95.67500 -17.95583 1.98 46
83.18250 -17.82222 2.58 98
101.28708 -16.71611 -1.46 1
86.73875 -14.82194 3.55 304
89.10125 -14.16778 3.71 363
86.93917 -9.66972 2.06 57
115.31167 -9.55111 3.93 481
141.89667 -8.65861 1.98 48
93.71375 -6.27472 3.98 510
126.41500 -3.90639 3.90 468
84.68667 -2.60000 3.81 410
84.05333 -1.20194 1.70 29
85.18958 -1.94278 2.05 54
144.96417 -1.14278 3.91 473
138.59125 2.31417 3.88 457
114.82542 5.22500 0.38 8
133.84833 5.94556 3.11 192
131.69417 6.41889 3.38 255
88.79292 7.40694 0.50 10
111.78750 8.28944 2.90 156
124.12875 9.18556 3.52 290
145.28751 9.89222 3.52 291
101.32250 12.89556 3.36 249
99.42792 16.39917 1.93 43
109.52333 16.54028 3.58 317
131.17125 18.15417 3.94 484
106.02708 20.57028 3.79 400
84.41125 21.14250 3.00 172
110.03083 21.98222 3.53 295
95.74000 22.51361 2.88 149
93.71917 22.50667 3.28 232
146.46292 23.77417 2.98 167
116.11167 24.39806 3.57 313
100.98292 25.13111 2.98 166
148.19083 26.00694 3.88 458
111.43167 27.79806 3.79 401
116.32875 28.02611 1.14 16
81.57292 28.60750 1.65 27
113.65000 31.88833 1.98 47
113.65000 31.88861 2.88 150
103.19708 33.96111 3.60 325
140.26375 34.39250 3.13 197
