10.89750 -17.98667 2.04 53
326.76001 -16.12722 2.87 148
325.02292 -16.66222 3.68 355
343.66251 -15.82083 3.27 231
17.14750 -10.18222 3.45 273
4.85708 -8.82389 3.56 306
343.15375 -7.57972 3.74 378
322.88959 -5.57111 2.91 158
335.41418 -1.38722 3.84 432
331.44583 -0.31972 2.96 165
349.29126 3.28222 3.69 359
332.54999 6.19778 3.53 298
326.04666 9.87500 2.39 83
340.36542 10.83139 3.40 260
346.19043 15.20528 2.49 92
3.30917 15.18361 2.83 138
341.63293 23.56556 3.95 493
342.50082 24.60167 3.48 284
331.75293 25.34500 3.76 390
345.94376 28.08278 2.42 85
2.09708 29.09056 2.06 55
340.75043 30.22139 2.94 161
318.23416 30.22694 3.20 214
9.83208 30.86083 3.27 226
17.43292 35.62056 2.06 56
318.69791 38.04556 3.72 371
14.18833 38.49944 3.87 446
