76.36542 -22.37111 3.19 211
49.87917 -21.75778 3.69 356
30.00125 -21.07778 4.00 514
26.01708 -15.93750 3.50 286
69.54500 -14.30389 3.87 449
59.50750 -13.50861 2.95 162
17.14750 -10.18222 3.45 273
27.86500 -10.33500 3.73 372
55.81208 -9.76333 3.54 299
53.23250 -9.45833 3.73 373
21.00583 -8.18333 3.60 321
44.10708 -8.89806 3.89 462
69.07958 -3.35250 3.93 480
34.83625 -2.97750 3.04 183
73.56292 2.44056 3.72 367
40.82500 3.23583 3.47 276
45.57000 4.08972 2.53 94
72.80167 5.60500 3.69 357
60.78917 5.98917 3.91 471
72.46000 6.96139 3.19 210
51.20333 9.02889 3.60 322
51.79250 9.73278 3.74 376
60.17000 12.49028 3.47 277
67.16542 15.87083 3.40 258
22.87083 15.34583 3.62 331
64.94833 15.62750 3.65 342
67.14375 15.96222 3.84 425
68.98000 16.50917 0.85 13
65.73375 17.54250 3.76 386
67.15417 19.18028 3.53 294
28.66000 20.80806 2.64 106
31.79333 23.46250 2.00 49
56.87125 24.10500 2.87 146
57.29042 24.05333 3.63 339
56.21875 24.11333 3.70 361
56.45667 24.36778 3.87 448
42.49583 27.26056 3.63 338
28.27042 29.57889 3.41 262
58.53292 31.88361 2.85 141
56.07958 32.28833 3.83 419
74.24833 33.16611 2.69 113
32.38583 34.98722 3.00 171
