17.14750 -10.18222 3.45 273
27.86500 -10.33500 3.73 372
55.81208 -9.76333 3.54 299
53.23250 -9.45833 3.73 373
4.85708 -8.82389 3.56 306
21.00583 -8.18333 3.60 321
44.10708 -8.89806 3.89 462
34.83625 -2.97750 3.04 183
40.82500 3.23583 3.47 276
45.57000 4.08972 2.53 94
51.20333 9.02889 3.60 322
51.79250 9.73278 3.74 376
3.30917 15.18361 2.83 138
22.87083 15.34583 3.62 331
28.66000 20.80806 2.64 106
31.79333 23.46250 2.00 49
56.87125 24.10500 2.87 146
57.29042 24.05333 3.63 339
56.21875 24.11333 3.70 361
56.45667 24.36778 3.87 448
42.49583 27.26056 3.63 338
2.09708 29.09056 2.06 55
28.27042 29.57889 3.41 262
9.83208 30.86083 3.27 226
58.53292 31.88361 2.85 141
56.07958 32.28833 3.83 419
32.38583 34.98722 3.00 171
17.43292 35.62056 2.06 56
46.29417 38.84028 3.39 257
14.18833 38.49944 3.87 446
47.04208 40.95556 2.12 62
59.46333 40.01028 2.89 151
345.48041 42.32611 3.62 337
30.97500 42.32972 2.26 73
56.29833 42.57861 3.77 391
47.37417 44.85722 3.80 404
