-10.55955 -12.34164 5.85 4260
4.07018 -10.55110 5.42 2606
-13.87234 -10.30088 5.73 3733
-2.51559 -9.54181 4.11 585
-0.99176 -8.66016 5.70 3587
11.25443 -8.87880 5.73 3720
-4.32720 -7.29452 4.14 601
2.22062 -6.88706 4.50 896
-3.31929 -7.97783 5.86 4322
13.35475 -4.95843 5.24 2138
8.47797 -3.49250 3.74 377
7.29587 -3.79880 5.60 3244
9.17308 -2.68953 4.51 907
2.73392 -1.65321 5.30 2316
8.73221 -1.82611 5.78 3978
-13.47076 -2.93926 5.87 4350
-4.41173 -2.12283 5.93 4693
5.01428 -0.95276 5.24 2152
7.75372 -1.31235 5.41 2585
11.27694 -0.41063 5.69 3562
12.05645 0.40537 4.68 1098
1.41855 0.19393 4.84 1339
-13.25193 0.82149 5.28 2268
13.95676 1.13124 4.73 1168
-6.50764 2.46158 5.10 1830
-10.69358 2.21091 5.25 2195
-9.81816 1.73452 5.94 4719
1.94706 3.78485 4.07 562
-10.20998 2.78278 4.78 1233
5.86017 2.68911 5.43 2637
-1.69572 2.83945 5.78 3993
13.28707 4.24124 3.68 354
7.32042 4.23615 4.28 698
-6.42736 5.23962 5.80 4074
-0.76632 5.44180 5.87 4386
5.22912 6.58072 5.28 2261
-13.06920 6.88063 3.08 190
14.00788 7.87000 5.18 2004
-6.89835 6.84598 5.22 2084
14.50043 7.35196 5.88 4401
-14.27821 9.98015 3.57 316
-14.42277 10.02591 4.24 656
-13.35622 9.71280 4.76 1197
8.16322 9.70636 5.49 2846
-3.13697 10.25282 5.88 4426
3.25889 11.89204 4.51 912
