-7.61233 -12.60957 5.41 2599
-2.74630 -12.34740 5.09 1805
10.45382 -11.41318 5.18 2024
-10.06535 -10.59303 5.97 4894
-13.27180 -9.59387 3.60 326
-14.04414 -8.17209 3.14 202
-12.47450 -7.77153 5.95 4802
4.45066 -8.94015 6.00 5055
-0.94998 -7.10600 5.27 2222
-5.77277 -4.28632 3.17 206
-10.89655 -3.69664 4.48 877
-5.30769 -3.81094 4.50 899
7.93234 -1.27738 5.52 2925
0.92923 -1.51038 5.74 3755
-1.58610 -1.25914 4.59 998
-8.81323 -0.65559 4.83 1330
10.62846 0.44879 5.10 1825
-11.19151 0.13497 5.75 3828
4.10803 -0.92307 6.00 5053
5.86625 1.66831 4.84 1349
11.71772 3.21850 2.37 81
-8.29346 3.05601 5.27 2225
-7.19609 2.83117 5.47 2772
-0.02593 2.48208 5.48 2814
9.64997 3.07077 5.67 3461
6.54414 3.27591 5.16 1957
-2.50485 2.97737 5.20 2045
8.11105 3.66577 5.80 4057
-0.51173 3.31620 5.93 4692
-1.59078 5.56647 3.80 408
8.99407 6.80043 5.58 3137
10.37375 10.57520 1.79 35
-7.51516 9.49677 5.13 1900
-10.77201 10.98327 5.73 3728
-4.45736 11.36296 3.67 351
-7.56426 12.48084 4.67 1088
-11.93136 14.80371 4.60 1006
-9.40654 14.47524 5.58 3143
