-0.97448 -12.91402 4.49 886
-11.03622 -9.98090 4.81 1284
-3.09963 -10.05226 4.94 1494
-14.09949 -10.05275 5.14 1905
0.45900 -10.68498 5.52 2931
11.42827 -8.52177 5.51 2915
-0.84048 -7.09556 5.53 2985
0.62388 -7.05836 5.71 3654
6.35405 -7.50355 5.89 4490
7.24061 -5.87423 5.35 2425
5.44156 -6.34981 5.63 3339
-4.98304 -5.87374 5.69 3536
-10.41097 -5.71202 5.94 4708
-4.71785 -4.25447 3.72 369
6.63489 -4.42566 5.06 1741
9.86466 -4.30873 5.17 1977
0.99349 -3.98620 4.40 800
5.18845 -0.06812 5.33 2371
-0.20988 -0.59186 5.93 4658
-12.29698 1.22060 5.10 1831
-6.24213 4.36950 4.86 1371
-12.52855 4.87313 5.12 1862
-12.31104 4.58559 5.95 4789
11.85730 7.77240 3.80 405
11.85727 7.77474 3.80 407
12.45340 7.05153 5.26 2214
-6.18167 9.21236 5.56 3085
14.23380 11.10605 5.33 2380
-6.35678 12.10858 4.43 831
-6.35678 12.10858 4.83 1326
-13.86113 11.31327 5.41 2595
-6.50838 11.83863 5.91 4566
-1.27050 13.05689 5.77 3934
