-10.31337 -13.42986 1.85 37
-7.56910 -11.28695 5.28 2242
-8.41493 -11.30401 5.34 2412
1.30327 -8.31799 5.50 2879
13.59324 -10.23576 5.52 2930
-10.39607 -8.31825 5.60 3230
0.77809 -6.70141 2.60 100
-11.70283 -7.12547 2.70 118
8.06121 -6.74647 5.67 3463
-9.63407 -6.94907 5.92 4629
7.52538 -6.11431 5.93 4676
2.10689 -3.67451 3.32 240
-12.90111 -3.33677 4.65 1060
-1.45378 -1.78260 2.02 51
-4.38225 -2.78961 3.17 207
9.15493 -2.99135 5.52 2921
-9.95110 -0.87644 2.81 136
4.81694 -0.42119 4.85 1352
4.07734 -1.29312 5.80 4075
-4.71246 -0.08119 5.83 4197
11.47185 -0.22801 4.60 999
7.89709 0.49209 5.03 1671
-8.19074 1.13477 5.49 2839
11.27244 0.01329 5.65 3420
0.76476 0.20787 5.65 3423
8.00171 1.24030 5.43 2651
-6.76315 1.92111 5.81 4124
-1.25649 2.49757 5.93 4668
12.70400 1.70898 5.97 4892
-1.84238 3.08049 4.83 1323
-1.54355 3.18418 4.99 1595
-4.33117 3.52430 5.37 2471
6.55131 3.44682 5.58 3130
3.12893 5.43000 2.89 151
-0.72669 5.33839 3.51 288
1.49185 4.46107 3.77 395
8.40906 4.23903 5.59 3179
-1.91664 4.98251 5.69 3568
-6.77541 5.30255 5.86 4306
-7.07298 4.81461 5.94 4735
-11.20823 5.81875 4.81 1269
-0.85404 5.95774 5.08 1793
-3.32963 6.39035 5.24 2135
2.68921 7.82905 5.54 2989
5.75092 8.23917 4.96 1539
-9.37859 8.88831 5.14 1929
12.21879 9.00071 5.64 3369
-9.76422 8.41667 5.66 3455
-12.67754 8.09230 5.75 3833
7.16713 9.09723 5.87 4361
7.13523 9.74183 3.93 482
-14.24522 10.10323 5.75 3836
14.28791 11.87939 5.06 1737
-1.48956 11.89448 5.79 4035
7.25949 12.39417 4.61 1015
-1.76549 12.97912 5.10 1811
-13.40763 12.34029 5.39 2536
14.72009 12.79245 5.49 2845
8.82085 13.62669 5.72 3680
1.90004 12.89773 5.97 4877
