-13.68794 -12.74715 5.84 4230
-5.27325 -11.88263 5.51 2896
11.13765 -9.52284 5.80 4064
-13.22070 -7.19390 5.35 2437
-4.17646 -5.85800 5.24 2136
5.32192 -4.64806 4.41 806
-6.19807 -3.99201 4.71 1138
5.32144 -4.64808 4.87 1394
12.19541 -3.87612 5.73 3739
-8.16740 -3.32189 5.90 4516
5.30878 -2.49379 3.48 283
-9.73671 -1.24526 4.74 1171
-1.21652 -2.03879 5.03 1677
-10.25668 -1.30859 5.50 2859
-10.53206 -1.02143 5.90 4524
-1.89389 -1.05949 3.83 424
11.68877 -0.50323 5.33 2389
-7.44512 0.23135 5.58 3153
14.05985 0.78270 5.70 3588
-1.42735 -1.31320 5.72 3703
-8.84678 2.70982 4.21 634
2.57203 1.82441 5.74 3782
-0.12543 1.49708 6.00 5032
-13.37617 4.15992 5.85 4262
-5.65258 4.14681 5.85 4277
5.16168 4.50023 4.78 1228
-8.00113 5.71274 5.77 3919
1.21737 4.45090 6.00 5043
0.22343 5.77883 5.08 1776
7.73812 6.26270 5.31 2330
-7.02155 7.71937 4.75 1184
-0.13961 7.45860 5.05 1724
-9.75918 9.47472 3.05 185
-9.83508 9.10359 5.76 3867
-10.91252 11.61162 3.45 274
-1.51864 11.30608 4.71 1142
5.74049 11.90088 4.99 1597
9.64665 12.46621 5.59 3210
2.43136 11.35213 5.89 4476
7.71616 11.62462 5.94 4758
2.39299 13.16360 3.01 176
