13.86565 -14.06066 5.53 2955
0.63987 -11.39515 5.24 2138
-4.25950 -10.25369 3.74 377
-5.42454 -10.64307 5.60 3244
-3.61222 -9.39907 4.51 907
13.45454 -9.52947 5.13 1887
-10.14903 -8.76817 5.30 2316
11.09025 -8.64984 5.32 2368
-4.09822 -8.55957 5.78 3978
-7.87005 -7.91294 5.24 2152
-5.10112 -8.10464 5.41 2585
-1.66266 -6.98733 5.69 3562
-0.94544 -6.13026 4.68 1098
-11.58363 -6.97156 4.84 1339
0.86317 -5.30425 4.73 1168
9.47056 -5.01675 5.81 4117
-11.21631 -3.30659 4.07 562
-7.20759 -4.19897 5.43 2637
2.31638 -1.55368 2.87 147
0.03008 -2.27686 3.68 354
-5.83065 -2.57838 4.28 698
-14.07113 -1.77280 5.87 4386
-8.04014 -0.34613 5.28 2261
0.51429 1.30404 5.18 2004
1.01921 0.82035 5.88 4401
1.32993 0.34015 5.99 5012
8.82384 1.42583 4.27 677
4.43126 1.95361 5.08 1784
13.11887 2.06408 5.95 4818
12.39056 2.74951 5.34 2398
-5.28709 2.86640 5.49 2846
-10.28096 4.84030 4.51 912
10.34684 4.57043 5.46 2749
2.19834 4.97707 5.58 3170
1.70128 8.12932 5.09 1799
-14.76984 7.04633 5.51 2910
-5.01491 7.18387 5.70 3599
12.63811 8.03013 5.79 4045
-5.80238 7.76930 5.99 4998
2.13014 7.86006 6.00 5039
12.69706 9.79541 4.16 615
-0.76846 9.83593 4.69 1116
13.87647 9.71509 5.37 2487
15.09810 10.57362 5.93 4685
8.02980 11.64756 5.54 3004
-2.91697 13.02433 2.91 158
12.93695 13.18857 5.75 3810
-12.49117 12.57453 5.89 4471
