11.70894 -13.44547 4.38 788
-15.05831 -13.56747 5.26 2214
4.27979 -11.71893 4.84 1350
-12.96008 -9.60305 5.33 2380
9.97287 -9.12169 5.91 4583
14.77407 -8.45930 5.93 4684
-10.68821 -8.36132 6.00 5035
1.80913 -8.19512 4.57 968
14.54804 -7.78314 4.98 1569
-7.60320 -7.57861 5.54 3008
-10.98343 -7.89441 5.71 3629
-11.26489 -6.06042 3.67 350
-7.80781 -5.84354 3.85 439
-9.76568 -6.51622 5.20 2067
8.41379 -5.71021 5.56 3061
-14.49297 -4.93889 5.93 4688
-3.91130 -4.01758 5.00 1607
-6.13086 -2.91210 5.12 1865
-10.22847 -2.32801 4.09 573
11.56887 -1.86296 5.35 2446
-1.46580 -1.62743 5.69 3566
-12.46893 -1.77501 5.81 4120
0.62100 -1.15902 3.75 379
-12.49187 -0.09798 4.52 924
-9.22614 1.54646 4.76 1206
3.38878 0.68350 5.25 2189
11.23646 1.61966 5.41 2583
-8.19017 0.58350 5.44 2664
3.25840 2.06709 2.77 128
-5.60308 3.92746 4.83 1327
13.07092 4.05830 5.65 3405
3.56247 3.04064 5.76 3876
-2.63267 4.81076 5.70 3597
9.96288 6.67982 5.04 1694
-6.35807 8.26115 2.00 49
13.25156 8.09320 5.75 3798
-14.09349 9.87007 2.23 69
-11.58304 9.07645 3.84 428
-6.91021 9.61781 4.15 609
-9.44574 8.61839 4.63 1032
6.66063 9.66156 5.92 4638
-9.62820 11.56088 5.85 4263
-5.60147 13.73911 4.99 1585
9.28086 13.87532 5.72 3677
-0.98527 12.64134 5.78 3995
