-1.88081 -13.31689 5.57 3105
-2.73971 -14.07835 5.91 4544
6.59438 -23.96782 5.77 3918
-4.82509 -13.41036 4.32 724
-3.88701 -11.90171 5.65 3395
-3.89326 -12.19460 5.65 3421
10.06742 -18.75581 5.29 2296
-6.69682 -13.07262 5.95 4821
-7.20491 -10.54384 4.91 1445
10.51356 -14.63169 5.91 4550
-7.70598 -9.37435 5.06 1743
10.75131 -14.15506 5.77 3936
2.79243 -8.36398 5.88 4421
6.16719 -8.66961 5.95 4779
-7.06660 -7.28437 3.83 423
-0.43276 -5.35112 3.89 463
-1.32023 -5.12371 4.68 1097
-1.31677 -5.08393 5.27 2224
-12.55274 -10.65959 5.85 4278
0.22787 -3.45114 4.24 657
-7.40008 -4.55708 5.93 4657
-7.84945 -4.00867 5.34 2414
-11.34961 -6.33987 5.50 2848
-4.74270 -2.06843 5.95 4792
8.90446 -2.03873 5.47 2763
7.45386 -2.67957 5.86 4313
-6.62748 1.24964 5.49 2837
-10.27992 0.14359 5.60 3220
-5.76875 1.40370 5.65 3408
8.72322 0.10475 5.85 4287
10.34080 -1.08289 5.89 4446
-3.52029 3.31158 5.70 3615
12.95545 1.51320 4.01 524
-1.34931 6.71582 4.91 1457
4.89757 6.26846 5.41 2592
-0.63478 5.49543 5.50 2869
-9.85939 4.99508 5.81 4113
1.06734 8.18907 1.92 42
2.38065 7.77959 5.79 4003
-10.00328 7.01438 2.89 152
-5.56843 8.28828 5.09 1806
-9.28079 7.79489 5.89 4484
0.17697 9.22183 5.91 4561
5.46033 9.48471 4.78 1227
0.89614 10.86154 5.13 1891
-2.96432 9.57669 5.75 3803
-11.95970 8.68440 5.76 3887
4.44760 10.45123 5.89 4472
-8.72603 10.85917 4.11 579
-0.61232 13.13110 5.52 2948
-5.99742 13.28578 5.75 3819
