1.33494 -13.02652 3.79 403
-10.16411 -13.29350 4.15 606
7.15529 -13.08766 5.10 1821
8.80833 -13.28965 5.93 4661
6.46327 -10.94433 3.53 297
8.97036 -11.60198 5.22 2098
-2.71558 -11.34187 5.27 2237
-11.88846 -9.93867 2.88 150
-2.52612 -8.78062 5.65 3413
13.10574 -9.14504 5.89 4485
14.04536 -7.12869 3.57 312
0.75737 -7.94689 5.18 2014
4.58727 -6.96091 5.82 4153
3.90986 -8.02523 5.85 4280
-5.00382 -6.60869 2.98 167
7.32533 -6.63502 5.03 1667
13.75039 -5.20453 5.31 2342
-1.45557 -6.34002 5.73 3740
11.04333 -3.86208 4.06 555
3.48435 -4.26959 5.78 3980
7.81814 -2.81178 3.79 402
9.05743 -2.57854 5.01 1634
4.83467 -2.80162 5.71 3627
7.47261 -3.05019 5.76 3864
13.81920 -2.05967 1.14 16
13.08508 -0.92983 4.28 690
8.89520 -2.30917 5.05 1730
-7.51781 -2.51803 5.27 2238
-4.57002 -1.33584 5.44 2678
-6.48679 -1.24284 5.79 4000
-13.40343 -0.04282 4.35 758
1.04666 -0.90372 5.93 4669
3.29625 0.37625 4.41 812
10.36887 1.72612 5.33 2386
-9.30877 0.99964 5.55 3060
10.10938 2.99090 1.98 46
10.10935 2.99129 2.88 149
8.50349 2.72937 4.18 622
-2.97805 3.60815 5.71 3655
-13.86707 4.47351 5.78 3972
-7.98791 3.62168 5.87 4341
-2.05304 5.45103 3.60 324
13.71441 5.46973 5.14 1925
-0.85406 5.05090 5.89 4469
11.13634 6.83409 4.90 1425
1.75350 6.15241 5.55 3052
2.09753 5.51836 5.91 4579
10.90389 7.46133 5.56 3091
6.09843 9.47790 5.13 1895
12.87455 11.16161 5.18 2009
-6.36870 11.85433 5.29 2279
10.98085 12.11430 5.73 3727
-0.25956 11.10010 6.00 5071
3.12945 12.92834 4.90 1428
-5.65479 13.86726 5.20 2052
-5.73180 13.14785 5.69 3541
