-7.41494 -13.23323 4.61 1013
-3.50546 -11.68084 4.53 930
-14.07994 -10.30594 4.93 1480
-12.65065 -10.53527 4.97 1552
-11.50927 -10.39146 5.58 3171
-8.55580 -11.44494 5.88 4427
7.16655 -11.24797 5.94 4767
0.34056 -12.38966 5.97 4897
7.55205 -10.58905 5.31 2337
-11.50927 -10.39146 5.58 3171
-9.96599 -9.87749 5.90 4517
4.01936 -9.48980 3.72 370
-11.51208 -8.92779 4.81 1280
9.39686 -8.44413 4.90 1436
1.85626 -8.58093 5.21 2080
-8.77250 -8.63320 5.62 3292
11.79876 -8.53982 5.65 3424
5.24926 -9.16537 5.83 4215
4.63282 -7.58806 4.23 653
-9.93040 -5.97850 2.20 65
9.68827 -5.78494 5.01 1649
-11.31512 -5.66795 5.24 2146
-10.93281 -5.19957 5.84 4248
-0.73012 -5.25343 3.94 484
11.17603 -4.57791 5.49 2832
-4.62505 -4.37918 5.67 3482
11.00093 -4.70836 5.69 3545
-9.66817 -4.93248 5.93 4656
1.21622 -1.45937 3.72 371
4.55190 -1.31646 5.00 1620
10.04905 -1.75868 5.11 1836
-4.96234 -1.96257 5.95 4812
-1.65241 -0.82213 4.78 1236
-2.44080 -1.25137 5.04 1709
-0.40923 -0.72246 5.55 3034
-0.82939 -0.09833 5.96 4838
-4.47537 0.51271 1.25 18
8.15562 1.24337 4.02 535
-1.61445 0.26586 5.45 2714
8.68490 1.00017 5.53 2965
-9.06957 1.62773 5.58 3172
-10.57269 1.52048 5.91 4568
-10.91722 3.19278 3.79 400
-10.98091 3.30641 4.83 1321
-2.62615 1.57161 4.84 1346
6.94617 2.43464 5.24 2144
0.28028 1.58351 5.37 2472
5.95297 2.58822 5.60 3227
-6.13383 2.57467 5.78 3957
-10.29594 4.46302 3.98 509
1.52427 3.64541 4.55 955
-0.04011 3.45461 4.74 1182
-2.80281 3.93645 5.57 3127
-0.96686 3.31932 5.67 3483
-6.75506 5.75400 4.95 1534
6.07184 5.52822 5.31 2328
10.50215 6.73052 4.23 652
-6.43844 6.09602 5.44 2669
4.92132 6.20190 5.69 3546
-7.37737 6.41879 5.69 3552
7.28946 7.23712 5.75 3805
4.34565 6.33008 5.76 3861
-0.80045 5.76073 5.90 4504
-12.97903 8.29490 5.05 1725
-3.90540 7.45102 5.39 2549
-0.32802 7.50346 5.61 3250
-0.77861 7.87564 5.81 4138
9.10225 9.16628 4.67 1090
-13.60212 11.78152 4.92 1468
12.94393 12.27687 5.78 3967
2.10989 11.85303 5.73 3723
-11.17777 12.32362 5.85 4297
0.78455 11.43191 5.90 4498
