3.45975 -12.86800 4.97 1557
5.96101 -12.32006 5.12 1881
-12.27871 -11.49845 5.47 2761
-11.69697 -11.88742 5.64 3355
2.63590 -13.58617 5.82 4166
-6.96849 -10.47184 5.14 1913
13.67307 -8.49707 5.30 2314
-7.49284 -9.26841 4.76 1210
-6.62623 -10.16901 4.80 1264
-11.81310 -8.41851 5.88 4428
-2.73843 -10.53268 5.94 4712
5.95164 -9.90611 6.00 5069
-13.19876 -6.03145 5.32 2365
5.27214 -8.56660 5.75 3852
2.62598 -8.48305 5.96 4859
10.88570 -5.71984 3.84 431
-3.01996 -6.93999 4.56 962
5.27137 -7.67462 5.00 1625
11.41990 -5.51649 5.20 2064
-2.16392 -7.83899 5.69 3530
6.29294 -6.37035 5.93 4689
-1.77970 -3.70213 5.17 1989
-2.62583 -3.69245 5.72 3688
-0.16338 -2.90464 5.83 4190
-4.41169 -2.40625 5.96 4858
-10.04207 -1.44335 5.98 4968
-10.95803 1.33522 5.41 2594
2.95554 1.19622 4.84 1343
11.57827 3.71740 5.38 2499
-8.24392 2.81669 5.54 3005
-12.72253 7.84429 4.55 957
9.32281 5.15713 5.80 4060
9.26933 6.27422 5.14 1930
12.39585 10.90147 5.77 3943
-6.96418 7.91066 5.42 2608
-10.83921 11.07475 5.45 2693
-1.18846 8.75778 4.29 712
6.19908 11.04576 6.00 5051
-6.36658 12.34971 4.96 1540
1.38613 10.50526 5.26 2199
10.08096 17.74967 5.64 3378
8.36194 15.09494 5.98 4936
6.17243 14.00223 5.28 2249
-9.36439 19.74689 5.46 2750
-8.71517 19.90680 5.57 3122
6.16403 14.00461 5.85 4302
1.02876 12.84842 5.50 2868
-7.20157 21.92767 5.61 3273
