3.54569 -13.26388 3.58 318
-9.32108 -11.82520 5.62 3294
-8.01983 -7.35118 4.74 1170
-8.17738 -7.03326 5.87 4343
-10.53657 -6.38536 5.98 4933
-0.55999 -6.16050 4.81 1277
12.16252 -5.91681 5.51 2917
-11.82059 -4.42803 4.82 1305
-12.41139 -3.11832 4.98 1570
8.33715 -3.40182 5.48 2804
3.24728 -2.26414 3.03 181
-8.86441 -1.59741 5.50 2857
-9.05320 -1.63415 5.94 4725
10.54189 -0.42804 5.64 3380
10.98377 1.18801 3.50 286
6.19230 0.83710 5.73 3716
-8.73955 1.91499 5.87 4382
-2.98735 5.34083 5.27 2236
4.52332 5.11827 5.70 3581
4.62406 6.17672 5.39 2556
-0.86361 8.37373 4.18 621
7.00742 8.73254 5.74 3762
-12.91226 9.38559 5.88 4399
10.22395 11.27531 4.76 1201
10.52008 12.02513 5.57 3115
6.79387 12.36991 5.69 3543
-7.35405 13.26792 1.86 39
-10.39001 13.24116 4.70 1121
-13.96369 14.85007 5.15 1942
-2.64267 13.12270 5.25 2171
1.93391 13.64372 5.59 3213
8.20090 13.81490 5.63 3326
3.31355 13.02596 5.74 3768
