-5.92378 -12.55907 4.04 543
-6.69869 -13.51938 5.49 2843
-13.45562 -12.36332 5.90 4513
9.07379 -11.05095 4.78 1230
-9.90637 -11.32026 5.59 3199
8.21148 -10.01632 4.88 1405
10.72446 -9.21637 4.94 1500
-10.67003 -9.66022 5.57 3095
-3.09472 -9.53072 5.51 2911
5.91545 -9.06837 5.99 5020
-12.29215 -6.19880 5.81 4105
10.75033 -7.09599 5.95 4801
-5.83497 -6.66809 2.89 153
-1.33522 -6.18782 4.71 1139
7.01375 -6.16706 5.97 4899
12.05083 -4.35334 3.17 209
11.02644 -4.70719 3.75 381
4.30628 -5.01861 4.25 662
0.06134 -4.37550 5.92 4635
-8.80121 -2.86432 3.77 397
8.28982 -2.90431 5.71 3656
10.39904 -0.95025 2.99 170
5.70816 -2.04345 5.29 2292
-7.25851 0.29125 5.66 3450
13.54971 2.57867 0.08 6
-8.14982 1.36738 5.66 3437
0.36618 2.05393 4.85 1351
-11.33956 2.29793 5.31 2333
11.89983 3.65493 5.68 3516
-8.55389 4.33435 3.01 177
-2.61515 3.76515 4.04 544
-11.37570 5.02173 4.36 762
-5.52961 4.15080 5.37 2492
-1.16145 4.68404 4.14 600
-9.97010 5.08534 4.23 647
-11.00666 5.00297 5.47 2784
7.05749 5.49186 5.66 3436
4.88496 4.69582 5.67 3465
-5.97818 5.26465 5.76 3885
-11.34306 5.16873 5.82 4148
-12.37703 7.83194 1.79 34
-11.32531 7.14544 4.67 1094
-11.72169 6.58327 4.98 1579
-12.78338 6.98850 5.29 2297
-11.36183 7.63131 5.58 3156
5.16604 7.03088 5.87 4377
-13.12418 6.85126 5.93 4697
-2.94422 7.41616 4.29 710
-0.38583 7.27352 4.61 1011
-13.89905 9.68035 5.03 1683
-13.48010 8.38238 5.03 1688
-13.55710 8.58034 5.15 1931
-5.10093 8.02742 5.28 2258
-0.17177 6.93205 5.45 2691
0.04159 8.13690 5.55 3051
10.01494 9.88240 5.00 1612
7.54400 11.32401 5.75 3811
7.64563 12.58787 4.47 865
4.13736 11.28340 5.05 1729
-0.67411 11.88661 5.19 2037
4.11518 11.83396 5.35 2418
2.45587 12.35444 5.77 3916
-9.26175 14.58030 5.98 4951
