1.33617 -13.26407 5.47 2756
1.83673 -11.03758 5.28 2257
3.43204 -14.57635 5.49 2841
-5.47037 -16.52333 5.42 2631
-5.60544 -10.03224 5.46 2747
-4.09618 -9.64153 5.58 3131
5.61060 -13.62629 5.77 3911
-1.86037 -6.35811 5.57 3105
-2.70767 -7.10249 5.91 4544
6.44726 -16.65825 5.77 3918
-4.77216 -6.44956 4.32 724
-3.85075 -4.97137 5.65 3395
-3.85570 -5.25874 5.65 3421
9.89885 -11.64785 5.29 2296
-6.62582 -6.11907 5.95 4821
-7.14838 -3.63672 4.91 1445
10.38429 -7.64264 5.91 4550
-7.65539 -2.48402 5.06 1743
10.62468 -7.17741 5.77 3936
2.77720 -1.48576 5.88 4421
6.13147 -1.78797 5.95 4779
-7.03644 -0.41662 3.83 423
-0.43184 1.50426 3.89 463
-1.31774 1.73077 4.68 1097
-1.31435 1.77040 5.27 2224
-12.45268 -3.75065 5.85 4278
0.22787 3.40013 4.24 657
-7.39079 2.29561 5.93 4657
-7.84437 2.84298 5.34 2414
-11.31298 0.52081 5.50 2848
-4.74986 4.78490 5.95 4792
8.91820 4.81468 5.47 2763
7.46004 4.17232 5.86 4313
-6.66208 8.12532 5.49 2837
-10.32084 7.00907 5.60 3220
-5.79987 8.28103 5.65 3408
8.75756 6.96992 5.85 4287
10.36778 5.77450 5.89 4446
-3.54683 10.21365 5.70 3615
13.02692 8.39172 4.01 524
-1.36469 13.68264 4.91 1457
4.95088 13.22526 5.41 2592
-0.64114 12.43600 5.50 2869
-9.95249 11.92586 5.81 4113
