2.06065 -12.41403 4.84 1349
12.78765 -11.08366 5.75 3825
8.00818 -11.27305 2.37 81
-12.12595 -9.94438 5.27 2225
-11.03426 -10.25582 5.47 2772
-3.81125 -11.14790 5.48 2814
5.93836 -11.26942 5.67 3461
2.84719 -10.83141 5.16 1957
-6.27180 -10.45905 5.20 2045
4.43798 -10.55381 5.80 4057
-4.23321 -10.26432 5.93 4692
-5.13240 -7.91259 3.80 408
5.50508 -7.47729 5.58 3137
7.07968 -3.85641 1.79 35
-10.71435 -3.54450 5.13 1900
11.92676 -3.70747 5.48 2807
-13.82323 -1.82690 5.73 3728
11.13217 -2.92450 5.83 4223
-7.49793 -1.94505 3.67 351
-10.48109 -0.61078 4.67 1088
-12.11719 1.47094 5.58 3143
0.58509 0.78043 4.97 1557
3.08740 1.11590 5.12 1881
-0.28339 0.14945 5.82 4166
-9.55436 3.95089 5.14 1913
11.03161 4.23475 5.30 2314
-10.00243 5.18336 4.76 1210
-9.19401 4.22209 4.80 1264
-5.35135 3.55116 5.94 4712
3.29579 3.47080 6.00 5069
2.74550 4.84271 5.75 3852
0.13141 5.13938 5.96 4859
8.57532 7.20596 3.84 431
-5.37228 7.13445 4.56 962
2.82490 5.72444 5.00 1625
9.12526 7.36446 5.20 2064
-4.58287 6.16810 5.69 3530
3.95761 6.93590 5.93 4689
13.08311 10.31238 5.71 3659
-3.88681 10.28712 5.17 1989
-4.73798 10.36847 5.72 3688
-2.19762 10.95861 5.83 4190
-6.44730 11.82796 5.96 4858
-12.10288 13.29926 5.98 4968
-12.87878 16.25549 5.41 2594
