-13.26784 -16.25709 5.34 2416
-10.65388 -15.30900 5.53 2980
11.37848 -15.44061 5.45 2685
7.29177 -14.22850 5.51 2920
-1.89317 -12.23368 5.52 2942
-6.76719 -11.02402 5.55 3045
5.66617 -8.11414 4.50 897
11.68003 -9.45230 5.39 2559
-7.63363 -7.61922 4.48 881
5.58751 -6.31209 5.00 1622
-13.08232 -8.82863 5.62 3307
3.58741 -6.21476 5.72 3696
8.72722 -7.73681 4.23 644
1.39802 -4.28868 5.68 3525
11.24629 -5.76078 5.09 1807
-0.48860 -2.74427 5.66 3439
5.81039 -4.47502 5.97 4896
11.09230 -5.61113 4.37 781
11.09170 -5.62216 4.54 942
-7.54685 -3.40144 4.81 1278
-13.59545 -4.82970 5.90 4528
-10.41174 -1.57593 2.86 145
13.96338 -2.57099 5.98 4959
-12.77726 -1.30095 5.62 3295
-0.46337 2.41438 3.99 513
1.29814 2.06977 5.63 3321
-10.03312 1.99245 5.32 2366
-7.22367 3.01018 5.97 4895
0.99808 4.30934 5.59 3202
-7.04111 8.51106 4.85 1354
-12.59599 7.37922 5.37 2482
-3.10635 8.21037 5.37 2489
-3.99317 9.84183 4.12 594
8.12961 9.43182 5.13 1894
1.38173 10.00481 5.52 2929
-6.80519 11.61309 3.49 285
0.90024 11.17196 5.75 3838
6.05943 13.23334 5.18 2023
-4.12203 12.36348 5.68 3518
-2.80344 12.80628 5.83 4221
9.16018 12.71217 5.53 2976
