-8.45751 -12.79053 5.91 4582
10.67617 -11.33330 3.61 330
1.39792 -11.85476 5.39 2544
-4.53041 -11.08444 5.52 2952
-0.37469 -11.51520 5.91 4585
2.73604 -9.83137 4.95 1518
-0.93633 -11.01189 5.18 2006
-6.69918 -8.75838 4.84 1348
13.87086 -8.64631 5.37 2491
4.95402 -9.54193 5.77 3920
-12.66303 -7.12818 5.79 4033
8.84828 -4.70142 4.03 537
0.38791 -5.44585 4.05 552
14.06897 -4.49677 4.66 1081
-6.58422 -5.31747 4.99 1602
-8.20720 -5.18516 5.81 4141
-5.10003 -3.62920 4.63 1037
8.60404 -2.31748 4.85 1364
9.50753 -2.31970 5.32 2359
6.27254 -2.52016 5.36 2462
11.96397 -1.99678 5.58 3163
-2.02520 -2.65315 5.79 4014
1.32126 0.72673 3.94 486
-10.40710 0.87467 5.34 2407
1.67241 1.96261 5.80 4059
-1.38003 4.53715 5.32 2355
9.70796 6.42962 2.14 63
-11.24982 5.95747 5.48 2815
9.57666 6.02591 5.88 4404
-1.90979 7.46374 3.34 245
11.90750 8.00928 5.53 2964
3.21690 7.45325 5.74 3774
1.85289 8.88536 5.57 3123
4.86079 9.39695 5.95 4819
-11.08558 12.54115 5.49 2844
3.44447 11.62472 5.52 2935
