-9.48569 -13.99757 5.14 1906
8.05897 -13.42192 5.93 4698
10.12733 -11.73422 4.27 685
-7.76179 -12.11347 5.85 4295
-0.05064 -10.87561 4.75 1188
-11.68190 -11.12027 5.11 1853
-10.38430 -10.29448 5.57 3112
12.76790 -11.47039 5.78 3994
-6.61313 -8.72082 5.91 4598
4.79271 -7.40914 3.24 223
4.79536 -7.40889 4.35 754
0.17584 -6.66526 4.11 587
3.64833 -4.77945 5.92 4646
2.96950 -0.96623 5.47 2768
13.32088 -1.74223 5.71 3665
2.84483 -1.19256 5.92 4615
-0.85224 0.57425 5.79 4016
-1.93887 0.46273 5.90 4509
-3.40766 1.57873 5.14 1926
2.63076 3.52686 4.46 858
-8.01608 5.62352 5.28 2259
-11.59667 6.36873 5.35 2435
-1.14379 6.79784 5.75 3792
-0.50134 6.59558 5.83 4213
-10.70404 7.42696 4.69 1108
9.69413 7.93349 3.87 450
-1.86976 9.29869 4.90 1432
6.59146 9.35864 5.89 4492
11.54351 8.06238 5.91 4547
3.01912 9.68396 5.39 2543
14.35160 9.90911 5.93 4666
6.16612 13.33353 5.71 3624
