-0.79092 -13.51784 4.48 875
-10.27236 -12.01170 4.92 1461
4.76081 -13.51389 5.05 1725
-8.77245 -12.48516 5.38 2519
13.78279 -11.88521 5.39 2549
-1.92499 -13.37356 5.53 2984
0.40048 -13.09288 5.96 4835
-2.20585 -11.36520 3.79 401
-1.22969 -12.08283 5.73 3732
3.29034 -10.32485 4.92 1468
2.20678 -9.60910 5.03 1676
-13.92085 -8.91958 5.36 2467
-10.04965 -8.81133 5.51 2918
-2.65372 -10.52142 5.75 3820
-6.64692 -10.06656 5.81 4112
-11.05416 -8.61180 5.88 4412
-12.72291 -9.41459 6.00 5044
-4.70774 -8.93155 3.77 394
-7.20591 -8.63620 5.38 2520
5.42077 -9.15292 5.85 4297
-0.25906 -6.89978 5.82 4162
-11.12912 -4.96259 5.04 1706
-7.60153 -5.41613 5.48 2796
7.48706 -5.79722 5.76 3863
6.30690 -4.32078 4.30 717
-5.30686 -4.02996 5.12 1868
12.16121 -3.37923 5.78 3983
9.46057 -4.54065 5.91 4591
11.97308 -1.86413 4.51 906
-12.53920 -2.48830 4.77 1220
-4.77203 -2.91447 4.99 1582
2.44504 -3.33337 5.14 1914
-7.88302 -2.36171 5.66 3446
-3.61721 -3.09460 5.91 4597
2.82023 -1.49644 4.96 1546
-13.44074 0.28396 4.98 1567
-8.49211 -0.05656 4.66 1086
13.75875 1.30497 5.51 2904
5.61153 1.23491 5.79 4051
10.51228 3.84882 3.43 268
4.10648 2.93620 5.39 2529
-9.20657 2.41926 5.99 5021
7.69889 4.84982 4.22 641
6.30798 3.57704 5.72 3691
-9.83349 4.65931 5.74 3759
5.06132 3.15649 5.75 3830
6.18948 5.96171 5.69 3569
2.82362 4.94794 5.96 4828
-12.66860 8.21146 5.03 1673
3.13728 6.75117 5.27 2233
-2.73427 7.95741 4.59 995
-10.46210 9.20166 4.82 1303
-6.25568 7.76460 5.63 3347
8.58457 10.25878 5.58 3164
5.07634 9.81635 5.93 4651
-3.59957 10.75615 3.07 188
2.96821 10.98869 4.51 910
4.99488 12.67247 5.55 3022
-10.52255 13.93952 5.95 4784
-0.92208 13.37123 4.68 1099
0.52744 12.90497 5.92 4614
