0.06089 -13.47447 4.70 1123
-14.52291 -13.41126 5.61 3281
3.71535 -12.35692 4.28 699
-11.82316 -12.65069 5.71 3658
-0.98565 -11.82805 5.74 3786
0.50479 -10.33010 5.22 2106
13.73275 -11.56056 5.55 3020
-8.81237 -10.45786 5.81 4115
-1.59966 -10.80200 5.98 4946
-2.05001 -9.45269 3.54 302
-2.09333 -8.38409 5.04 1700
3.45722 -8.06355 5.85 4290
-2.31517 -5.86502 5.64 3349
-2.31613 -5.86809 5.81 4137
-9.49956 -4.52850 5.44 2679
4.72883 -4.84437 5.93 4687
-10.61316 -3.51160 4.94 1492
-10.41927 -3.49020 5.71 3628
2.67766 -2.41981 5.11 1838
4.54157 -1.04090 5.30 2303
8.86870 0.14098 4.02 532
13.59004 -0.32335 5.68 3527
-3.22904 0.70471 5.76 3881
9.79302 1.64787 5.46 2728
9.56980 3.01894 3.00 171
-8.98384 2.76278 4.48 874
12.97368 3.37987 5.21 2081
12.85330 3.44402 5.97 4920
11.29331 5.39274 5.83 4222
6.76694 7.23120 5.26 2212
-13.27363 8.84927 4.08 570
1.55844 9.14124 4.73 1158
-5.43125 8.48733 5.09 1794
11.86603 9.98869 2.59 99
-4.97744 10.02308 4.08 567
5.29541 10.76119 5.18 2020
-13.56788 11.58836 5.89 4478
