2.25527 -12.49422 5.39 2530
4.16885 -11.21057 3.16 204
-14.28652 -10.77842 4.76 1199
-13.49984 -10.97535 5.63 3334
6.53225 -10.61734 4.52 918
4.86028 -10.50520 4.65 1069
6.53078 -10.61626 5.47 2757
-9.51872 -10.03629 5.54 3010
-4.58395 -8.24606 3.53 296
4.93755 -8.38276 5.94 4715
-10.63609 -6.66835 5.46 2719
5.72743 -6.72441 5.51 2888
2.48426 -5.75919 5.08 1791
14.11046 -5.78953 5.16 1959
-8.01919 -3.90705 5.04 1710
8.56222 -4.74185 5.74 3790
-6.55749 -3.26165 4.20 629
-12.25625 -2.72504 5.87 4376
-3.21595 -3.72411 5.87 4389
-12.46773 0.89933 4.26 674
-2.56126 1.38996 4.82 1289
-6.76631 1.11730 5.65 3404
14.46256 2.04330 5.67 3473
9.40770 1.96254 3.80 409
-9.54539 2.40677 3.89 464
-13.66369 2.65371 4.76 1203
4.82289 1.85424 5.59 3195
-5.60687 2.42182 5.79 4055
-1.55509 3.32846 6.00 5058
-4.79397 5.55592 4.90 1431
8.32523 5.41737 5.37 2480
6.10938 4.73566 5.85 4261
-9.20159 6.16072 5.91 4560
10.70482 8.83938 5.02 1653
12.18527 10.11515 2.23 70
8.83121 10.01348 5.99 5015
6.42904 10.39390 2.79 130
-4.95612 11.12857 5.08 1781
-4.96626 11.09552 5.53 2986
-12.10652 12.14781 5.93 4695
4.48898 11.78783 5.67 3487
9.01449 12.85720 5.75 3795
-12.50896 14.89695 4.95 1521
1.07473 13.09818 5.80 4094
1.07505 13.09818 5.83 4214
14.33847 14.65914 5.95 4790
