0.10979 -13.08162 5.57 3105
-0.90868 -13.59267 5.91 4544
-2.74839 -12.40527 4.32 724
-1.47074 -11.19388 5.65 3395
-1.54976 -11.47482 5.65 3421
-4.45932 -11.59490 5.95 4821
-4.31789 -9.03049 4.91 1445
-4.50722 -7.77687 5.06 1743
5.88423 -9.50025 5.88 4421
9.10563 -10.67468 5.95 4779
-3.37575 -5.92758 3.83 423
-11.44563 -11.22542 4.26 671
3.50469 -5.74884 3.89 463
2.70127 -5.30230 4.68 1097
2.71459 -5.26467 5.27 2224
-9.44351 -7.77630 5.85 4278
4.62287 -4.07533 4.24 657
-3.01770 -3.21598 5.93 4657
-3.31225 -2.57473 5.34 2414
-7.23346 -3.93740 5.50 2848
0.15730 -1.48241 5.95 4792
13.47743 -4.91590 5.47 2763
11.88511 -5.16941 5.86 4313
-11.48601 -3.20695 5.05 1723
-0.83073 2.19131 5.49 2837
-4.60807 2.02750 5.60 3220
0.03447 2.12760 5.65 3408
2.68241 3.41676 5.70 3615
5.64193 6.18277 4.91 1457
11.63676 4.20647 5.41 2592
6.03062 4.82233 5.50 2869
-3.00206 6.59587 5.81 4113
8.36823 7.02220 1.92 42
-12.74209 4.80808 5.75 3846
9.54952 6.30125 5.79 4003
-2.63851 8.57670 2.89 152
1.94614 8.73480 5.09 1806
-9.47013 7.90247 5.61 3262
-1.75161 9.15501 5.89 4484
7.75888 8.24436 5.91 4561
13.00498 7.20720 4.78 1227
8.87433 9.66468 5.13 1891
-13.46375 7.18417 5.71 3623
4.79047 9.35234 5.75 3803
-4.09664 10.65544 5.76 3887
-8.89886 8.77293 5.83 4224
12.25308 8.39930 5.89 4472
-0.45627 11.97930 4.11 579
-11.28797 9.67752 5.75 3829
-7.00637 10.86460 5.91 4557
-13.52237 9.29847 5.97 4924
7.97254 12.23734 5.52 2948
2.78032 13.67531 5.75 3819
-10.23332 11.16085 5.85 4291
