-11.78705 -12.73092 5.59 3201
11.76395 -12.09657 3.27 230
6.07610 -12.37602 5.90 4499
-7.72168 -11.73963 4.98 1566
-11.24413 -10.79008 5.32 2352
5.50561 -11.58343 5.87 4384
-10.29197 -10.06234 5.57 3108
6.01975 -9.60750 5.79 4032
-7.30162 -8.71859 5.63 3323
10.60786 -8.15740 4.36 772
9.04597 -8.48036 5.87 4380
10.49789 -5.81526 5.48 2806
-2.84821 -4.86339 5.90 4520
5.03771 -4.28594 4.52 927
5.71065 -2.62081 5.18 2013
-10.57177 -1.93081 5.77 3890
4.57226 -1.69899 4.61 1016
-7.62904 -0.74307 5.22 2101
10.91474 -0.11741 5.33 2392
-6.64186 0.56146 5.59 3200
12.93197 2.40489 4.53 938
3.49165 1.48546 5.72 3681
-8.27346 4.39627 5.75 3807
-10.23996 3.44959 5.79 4044
-0.74099 3.64612 5.97 4876
-5.46459 4.65917 4.29 713
-12.38307 5.78705 5.94 4766
-4.81504 6.09044 4.14 602
-5.51470 6.26729 5.80 4086
9.03448 6.66987 5.13 1897
6.93693 6.32964 5.17 1984
-5.32986 9.07167 3.82 417
-3.31776 8.90253 4.95 1531
-12.50294 9.82775 5.33 2384
2.46577 8.38670 5.03 1670
-1.03830 10.13613 6.00 5040
10.25660 10.38723 4.94 1489
10.33983 11.59003 5.67 3494
3.97321 11.06505 5.89 4473
-14.48476 13.50428 5.43 2639
-9.29608 12.52646 5.44 2675
10.33198 12.18721 4.54 945
-10.75373 13.85787 4.52 923
-9.63494 13.12910 4.85 1353
-14.36453 15.01101 4.95 1516
-11.87256 13.88647 5.70 3603
8.87372 13.50935 5.43 2660
