6.01698 -13.07211 1.92 42
7.27559 -13.70479 5.79 4003
-5.16136 -12.41444 2.89 152
-0.56926 -11.87552 5.09 1806
-12.03707 -13.67124 5.61 3262
-4.30947 -11.75746 5.89 4484
5.28262 -11.88972 5.91 4561
10.61857 -12.50030 4.78 1227
6.24446 -10.37850 5.13 1891
2.21787 -11.02243 5.75 3803
-6.76109 -10.44492 5.76 3887
-11.49731 -12.73671 5.83 4224
9.73192 -11.36550 5.89 4472
-3.21867 -8.83630 4.11 579
-13.95715 -12.01875 5.75 3829
-9.69207 -10.47298 5.91 4557
5.09150 -7.91203 5.52 2948
-0.14963 -6.91680 5.75 3819
-12.95169 -10.43981 5.85 4291
-11.18574 -8.56689 3.19 210
-8.26717 -6.43165 5.17 1986
4.19358 -5.79721 5.27 2218
-4.78618 -6.52556 5.71 3635
-0.74525 -4.71046 2.85 143
2.34719 -5.12496 3.85 433
-6.44491 -5.48683 4.86 1380
-10.15875 -6.57856 5.87 4371
-9.87861 -5.03274 5.11 1848
-11.60976 -5.64287 5.36 2460
13.04104 -6.07956 5.70 3600
5.01115 -2.53473 5.20 2041
-13.33958 -3.20858 -0.01 4
-13.33891 -3.20878 1.33 21
-7.14502 -1.89987 5.09 1797
-10.95243 -1.49986 5.20 2043
-6.93416 -1.22350 5.46 2740
-6.17147 -1.33283 5.67 3477
-7.21305 -1.83642 5.73 3741
-0.65783 -0.66600 5.76 3862
-0.75960 -0.24987 5.77 3929
8.75294 0.49424 3.76 390
-6.39095 0.48998 4.51 916
13.61565 -1.63335 5.91 4572
-3.44188 -0.00487 5.95 4771
-7.52651 1.04339 4.07 557
8.49410 1.52245 5.58 3140
5.03817 1.65242 5.69 3540
8.28113 1.33284 5.74 3766
0.64520 3.04382 4.63 1039
1.69308 2.80061 5.57 3111
2.87999 2.77589 5.63 3320
11.75719 1.72742 5.73 3729
9.81063 1.87950 5.94 4706
11.23260 4.29956 3.13 200
-9.50753 5.54960 5.54 3001
-1.74902 6.75943 5.73 3736
4.00938 6.52403 5.77 3912
2.59880 6.05594 5.81 4144
2.68252 7.30981 4.94 1510
11.95563 6.12996 5.65 3394
12.30477 8.11393 4.06 556
13.01289 7.84903 5.29 2275
3.39889 8.40741 5.44 2683
-2.04096 9.30718 5.77 3932
2.70968 8.63768 5.83 4200
9.22970 8.69461 5.96 4836
-10.12552 10.04564 3.41 261
-13.27348 8.40725 5.38 2527
-4.46480 10.34181 5.44 2667
11.92712 9.45153 5.94 4709
4.41667 13.46601 4.02 531
3.79573 13.62842 4.99 1594
12.82285 11.64616 5.55 3050
