0.66419 -13.82192 4.81 1272
2.70437 -13.65948 5.81 4119
10.76982 -11.05452 2.23 69
13.36709 -11.45203 3.84 428
1.37012 -11.09407 4.54 952
-5.13899 -11.60308 4.81 1268
2.60770 -11.98310 5.67 3476
-4.62467 -10.85365 2.70 119
-4.62463 -10.85249 5.12 1875
-3.03324 -8.74677 5.80 4077
8.39204 -7.85053 3.68 355
-7.57549 -7.00766 4.46 861
4.35666 -7.95178 5.26 2213
6.03005 -7.26278 5.51 2890
-8.37143 -6.09087 3.58 318
6.89637 -6.29060 5.58 3139
9.68291 -4.62905 4.14 603
4.11281 -4.33622 5.99 4981
6.28085 -2.66782 5.37 2486
12.79511 -2.74122 5.56 3062
4.44078 -2.22590 3.47 281
7.44926 -0.66827 5.46 2725
-11.77184 1.32599 4.81 1277
14.37125 1.84075 4.82 1295
0.86765 0.28525 5.51 2917
10.87430 2.79976 5.07 1761
10.87187 2.80068 6.00 5027
6.68033 3.47427 4.31 720
-2.59263 3.14539 5.48 2804
-7.53061 4.82061 3.03 181
9.43410 5.95892 5.11 1847
5.99713 6.47645 5.50 2865
-0.10233 5.85168 5.64 3380
0.50984 7.40502 3.50 286
8.29130 8.48631 5.02 1652
8.07467 8.37408 5.02 1663
9.95171 7.88749 5.24 2154
-4.25785 7.59691 5.73 3716
13.51784 11.32428 4.62 1023
14.23428 11.60366 5.75 3818
-13.09900 13.27050 5.27 2236
13.89344 12.36969 5.37 2478
-5.46735 12.10630 5.70 3581
-5.25243 13.16734 5.39 2556
