14.49330 -13.40760 5.61 3281
-0.98457 -11.61608 5.84 4236
-6.68354 -10.06092 5.63 3331
12.51236 -11.26817 5.64 3360
8.03203 -8.58753 4.25 666
-8.36357 -9.73229 5.93 4653
8.79367 -7.99388 5.56 3072
8.83327 -6.68294 5.58 3150
-11.12608 -5.69055 4.69 1109
5.44904 -5.58012 5.34 2399
-4.79655 -3.87253 4.79 1251
11.39500 -3.73301 4.89 1421
-9.25387 -2.44992 5.48 2800
-11.93487 -1.76243 4.72 1150
-1.78465 -1.28693 4.88 1398
-7.13546 -0.55936 5.70 3579
1.35764 0.97309 5.70 3583
-5.88359 1.83270 4.77 1216
-5.56734 1.39769 4.94 1496
10.72036 1.39746 5.08 1788
-10.41690 3.35660 4.69 1111
-8.41358 2.73672 5.91 4581
-8.60612 5.14524 5.01 1647
-9.93073 5.59516 5.66 3459
-1.66980 8.22729 4.94 1490
-9.00897 7.51102 5.74 3750
1.32705 9.48871 5.86 4335
2.36459 10.81808 5.60 3225
8.66701 11.11089 3.81 410
12.86723 10.88073 4.91 1447
-13.61039 12.32655 5.78 3964
-9.94843 12.84576 5.85 4298
