-9.45727 -13.89829 5.37 2485
6.46882 -12.91521 5.40 2568
12.64264 -13.78979 5.48 2812
14.25322 -12.10144 3.08 189
0.03301 -11.58169 3.41 265
-9.40320 -12.50419 4.60 1007
0.92092 -11.87378 4.89 1410
-13.57920 -13.07615 5.98 4960
-4.76503 -10.33566 5.24 2139
6.72836 -10.64283 5.42 2605
7.78651 -10.17582 5.79 4029
1.25835 -10.84351 5.90 4496
10.79806 -10.49890 5.91 4584
-10.66099 -9.13835 3.56 310
1.81999 -9.37466 4.23 649
-10.21295 -9.93424 4.54 951
-9.06346 -9.70141 5.45 2715
2.00929 -9.31329 5.73 3714
-0.73514 -8.50522 5.80 4085
10.26051 -7.69012 4.16 616
14.36032 -6.78178 2.29 76
8.89380 -6.80510 4.23 654
-5.74014 -6.19733 4.67 1089
-4.89513 -6.57086 4.75 1193
-3.74875 -6.48841 5.61 3268
-2.58335 -5.00199 3.95 489
-0.88470 -5.44357 5.12 1861
2.82452 -4.89552 5.54 3012
-0.88140 -5.44049 5.62 3305
12.06644 -4.91660 5.87 4349
4.13472 -4.19830 5.92 4623
-13.35408 -2.77448 4.91 1453
-12.57193 -0.78643 4.34 742
5.75034 -1.36772 5.49 2825
-6.35358 0.15727 3.66 348
-0.93089 1.07308 3.88 457
3.29201 0.76029 5.13 1886
7.35131 0.20817 5.84 4232
10.88749 2.03962 2.82 137
-6.95475 2.39020 3.58 319
5.50839 1.79309 4.78 1225
-7.69267 2.47494 5.15 1944
3.69661 2.12050 5.67 3464
3.72628 2.79393 4.59 985
9.06552 4.63262 0.96 14
-0.35381 5.32898 2.89 154
2.49942 5.01741 5.38 2508
-1.38403 5.11475 5.62 3308
-14.32584 4.58039 5.84 4251
6.57410 5.91536 2.89 155
-1.98374 6.40119 4.59 990
-2.79045 5.80474 4.64 1044
9.43482 6.44046 4.79 1248
1.03265 5.66858 5.00 1616
-1.65999 6.52006 5.87 4374
6.49121 7.89160 4.55 954
-1.90981 7.49854 5.39 2558
-0.44299 7.09650 5.43 2638
-6.22237 8.38966 4.96 1547
8.11265 8.83104 5.02 1659
-1.90955 8.26652 5.42 2618
-7.05391 9.30148 5.78 3996
2.75403 8.66088 5.88 4403
8.11221 8.83261 5.92 4616
1.92743 8.78149 5.92 4621
0.10621 10.15997 2.32 80
-14.04872 9.95409 5.50 2878
10.40263 11.50265 4.45 844
-7.04540 12.28288 5.84 4256
2.20998 12.87993 3.96 499
2.39980 12.59736 4.32 731
7.89240 13.63716 4.50 895
-2.17422 13.58756 5.03 1690
-0.75303 12.44924 5.85 4301
