-8.78466 -13.76897 1.92 42
14.33258 -16.25107 5.75 3844
-7.38112 -13.73141 5.79 4003
8.83141 -12.89613 5.33 2395
7.92324 -13.12526 5.88 4440
-9.97019 -13.06207 5.91 4561
11.46228 -13.80584 5.96 4837
7.57256 -10.83761 4.44 841
-4.95874 -11.09167 4.78 1227
-9.77099 -11.25004 5.13 1891
-13.16198 -13.75764 5.75 3803
-6.22864 -10.49897 5.89 4472
10.46046 -10.80755 5.53 2957
-11.91571 -9.57334 5.52 2948
7.02362 -7.65269 5.73 3737
-2.09207 -6.54262 3.62 337
6.61539 -7.28490 4.79 1247
-13.68991 -8.07851 5.27 2218
6.42336 -6.80075 5.78 3984
1.30547 -5.05218 4.35 755
2.43549 -4.26262 5.60 3243
8.32495 -3.84006 4.22 639
4.99547 -3.42494 4.64 1045
1.67787 -2.77668 5.49 2828
-5.61807 -4.31920 5.70 3600
3.79435 -2.21534 4.36 769
-4.84150 -1.20310 3.62 333
9.94309 -1.38392 5.14 1907
-5.97805 -1.32912 5.77 3905
-1.43204 -0.24797 5.78 3966
-12.32230 -0.31887 3.76 390
-7.03813 -0.12378 5.91 4572
-13.01646 0.49962 5.58 3140
-13.12670 0.23498 5.74 3766
-6.72359 2.26314 5.88 4430
-10.15364 2.08757 5.73 3729
5.50677 3.08979 5.76 3883
-11.97598 1.39214 5.94 4706
-6.56908 4.55261 3.34 243
3.28381 5.35232 5.33 2378
-6.97255 4.29418 5.80 4091
-5.35233 3.94024 5.95 4770
-6.74010 5.71085 2.85 141
-11.75942 4.18341 3.13 200
-6.15000 6.28313 5.94 4720
-4.37437 7.38333 5.25 2172
-11.91465 6.13886 5.65 3394
-12.47576 8.07739 4.06 556
-11.71885 8.12582 5.29 2275
-1.94755 8.75095 5.92 4609
12.14204 8.46698 4.87 1382
13.98353 8.92348 5.16 1955
11.17126 9.84971 5.17 1996
-6.76756 10.23378 5.75 3816
-13.41168 9.13740 5.94 4709
-3.38830 11.16537 5.15 1934
13.93602 10.86038 5.93 4683
1.47862 13.68856 3.66 347
-7.48160 12.50605 5.23 2126
-13.56994 11.49105 5.55 3050
-7.21672 12.54114 5.92 4617
-5.03066 13.55714 5.93 4652
