-1.28076 -13.22673 5.38 2506
-4.50182 -11.14169 5.33 2370
4.60273 -9.92744 4.60 1002
12.53309 -11.44690 5.89 4459
-14.01470 -10.83792 5.97 4880
12.09215 -9.15323 5.00 1617
12.75314 -9.08553 5.22 2090
-11.53654 -8.70747 5.23 2111
6.96533 -8.19896 5.43 2656
2.83018 -5.60086 5.61 3281
5.49431 -5.25334 5.71 3658
-12.51375 -5.34277 5.84 4236
0.78435 -3.72432 5.64 3360
8.67974 -3.54756 5.81 4115
-3.77071 -1.51694 4.25 666
2.40108 -2.33532 5.88 4438
-3.06877 -0.86704 5.56 3072
-3.12994 0.42511 5.58 3150
-6.56357 1.22862 5.34 2399
8.71276 2.37188 5.44 2679
-0.84322 3.54335 4.89 1421
7.73599 3.51239 4.94 1492
7.92941 3.51051 5.71 3628
-14.26246 4.95254 4.88 1398
-11.24285 7.48916 5.70 3583
-1.88702 8.58933 5.08 1788
10.11370 9.60231 4.48 874
4.40522 13.59327 5.24 2162
