0.77642 -13.74065 5.07 1766
9.81396 -14.10453 5.01 1650
-13.72813 -13.99954 5.29 2293
-3.86376 -9.13645 5.59 3214
1.80163 -6.26750 5.45 2685
-2.31237 -6.43906 5.51 2920
-11.60774 -7.52345 5.52 2942
12.47526 -7.64597 4.09 576
4.41335 -5.63864 4.86 1374
9.67613 -5.10542 4.69 1105
12.00327 -6.21588 5.55 3044
12.20437 -6.15388 5.69 3537
-5.66024 -1.24233 4.50 897
0.35157 -0.64269 5.39 2559
-6.28138 0.43564 5.00 1622
-8.21616 -0.09101 5.72 3696
-2.89510 0.05752 4.23 644
6.65792 0.27109 5.93 4674
-10.92084 1.06657 5.68 3525
-1.12930 2.68126 5.09 1807
-13.24424 1.96545 5.66 3439
-6.62943 2.24809 5.97 4896
-1.31669 2.77574 4.37 781
-1.31400 2.76517 4.54 942
2.12893 2.85983 5.70 3608
12.76025 2.75191 2.86 144
4.42475 4.18761 5.37 2470
10.30500 4.55287 5.71 3639
0.45950 6.49993 5.98 4959
0.07691 7.61775 5.89 4467
-13.03272 7.18275 5.63 3321
10.75624 9.54098 0.46 9
0.62282 10.37705 4.36 773
-14.04688 9.28466 5.59 3202
0.33878 11.72248 5.70 3592
11.48762 10.88634 5.76 3853
11.48523 10.88203 5.87 4346
5.61694 13.19742 3.92 479
