-9.93522 -14.68948 4.81 1273
10.63489 -13.95057 5.70 3611
12.39107 -13.99757 5.87 4395
6.16869 -13.32714 5.96 4855
-2.08365 -11.93465 4.40 805
13.55909 -12.74321 5.53 2972
-7.55646 -11.08038 -0.72 2
11.85235 -12.19182 3.47 279
-5.21184 -11.22231 4.39 799
7.50021 -10.84480 4.94 1505
-13.71490 -12.09211 5.29 2287
4.37824 -9.91027 5.39 2537
-2.97098 -10.27718 5.80 4092
6.29063 -10.87068 5.87 4352
3.22740 -10.41558 5.97 4893
-7.70540 -10.37337 5.98 4934
5.71375 -8.52903 5.10 1812
0.18446 -8.80444 5.14 1920
-2.82783 -8.67824 5.40 2577
-6.11996 -9.69579 5.60 3235
-12.81345 -9.85068 5.67 3468
1.53462 -9.60808 5.96 4862
-2.19684 -7.75089 2.93 159
-6.64324 -7.53267 5.27 2220
11.05500 -8.51450 5.91 4599
13.10683 -7.09554 4.41 811
11.84861 -7.38359 4.63 1034
0.86730 -6.29617 4.93 1478
12.25016 -5.32019 4.24 655
3.34158 -4.56484 4.76 1207
-4.88579 -4.58473 4.93 1470
-0.84498 -5.10799 4.95 1528
2.43319 -5.43649 5.14 1927
8.70519 -5.48584 5.68 3522
8.31074 -5.75649 5.72 3706
-7.84837 -4.79412 5.76 3866
11.31438 -3.72411 4.71 1137
11.67534 -2.79259 4.11 578
2.94774 -2.46899 4.49 891
-2.37404 -2.24976 5.14 1908
11.21838 -3.05201 5.23 2112
3.81526 -2.52937 5.66 3429
3.45989 -2.61524 5.72 3687
11.56745 -3.45512 5.84 4228
3.19169 -0.31601 4.89 1420
10.39666 -0.93038 5.06 1747
13.93790 -2.05465 5.17 1993
-13.44067 -1.26246 5.93 4702
14.31413 -1.61164 5.99 4982
14.16545 -0.02007 5.09 1801
3.29929 0.42487 5.10 1828
-5.55767 2.28623 3.17 205
7.29647 2.00704 3.25 224
0.98070 1.90064 5.54 3011
4.45410 1.26575 5.85 4271
1.02519 3.64290 5.20 2051
-13.30980 2.87930 5.50 2883
3.84713 4.81755 5.94 4724
13.69145 5.04848 3.73 375
11.37210 4.86315 5.17 1992
3.20329 6.12062 5.31 2338
-13.10685 5.44740 5.58 3133
1.84707 5.61444 5.79 4015
2.34359 7.31051 4.83 1315
4.95201 7.82798 5.25 2191
-11.60829 7.17919 6.00 5065
10.70792 8.62864 4.84 1341
12.84550 8.08824 5.08 1785
11.16143 8.26110 5.42 2615
7.82073 8.19316 5.43 2655
10.81169 8.85552 5.73 3749
10.80901 8.68466 5.76 3855
4.47286 9.08997 5.80 4099
4.72914 10.78296 2.70 117
12.36144 8.91829 3.61 328
-7.56256 9.77407 5.24 2142
-3.44144 9.67257 5.26 2211
-11.77809 9.31535 5.53 2974
-11.83034 9.99619 5.87 4370
12.62159 8.93531 5.88 4398
12.17765 8.97687 5.88 4414
10.97376 9.62884 6.00 5075
5.07928 11.27562 4.66 1075
4.67791 11.49255 5.03 1689
5.17029 11.25911 5.11 1839
-7.32524 11.85063 5.42 2624
9.46764 11.53251 5.54 3006
-6.82424 11.11245 5.59 3178
12.15766 11.67162 5.60 3240
-10.00980 10.95955 5.62 3298
-6.29502 10.84985 5.71 3650
12.42785 11.62302 5.80 4073
10.81508 11.17931 5.80 4089
3.45707 11.60728 5.96 4860
-2.31816 12.07870 5.96 4864
-12.40234 12.94736 4.37 783
-8.18016 13.16770 5.84 4234
14.05295 12.60387 5.93 4681
