-8.59361 -14.41617 5.34 2416
-5.92706 -13.91944 5.53 2980
11.98136 -15.84825 5.51 2920
-13.63380 -15.28066 5.41 2593
3.11017 -12.33408 5.52 2942
-1.50306 -10.34912 5.55 3045
-10.47436 -8.91777 4.22 640
11.27795 -9.47892 4.50 897
-1.84151 -6.86428 4.48 881
11.47406 -7.66907 5.00 1622
-7.31550 -7.19466 5.62 3307
9.47923 -7.25214 5.72 3696
7.58185 -4.99108 5.68 3525
-13.66528 -7.87651 5.76 3854
5.93632 -3.16525 5.66 3439
11.97939 -5.87181 5.97 4896
-1.12606 -2.73069 4.81 1278
-7.21888 -3.20889 5.90 4528
-3.64966 -0.50440 2.86 145
-5.90486 0.11799 5.62 3295
6.74248 1.94720 3.99 513
8.44758 1.34209 5.63 3321
-2.74922 2.94142 5.32 2366
0.15038 3.53213 5.97 4895
-6.87654 3.94408 4.69 1119
8.48787 3.61301 5.59 3202
-8.29003 6.24717 4.40 802
1.15422 8.92753 4.85 1354
-4.44042 8.59142 5.37 2482
4.99300 8.07629 5.37 2489
4.36066 9.81606 4.12 594
9.73756 9.22376 5.52 2929
1.85173 11.95503 3.49 285
9.43292 10.45304 5.75 3838
4.61334 12.32972 5.68 3518
5.98781 12.58808 5.83 4221
