-5.06022 -13.57307 2.98 167
7.40812 -13.60000 5.03 1667
13.88349 -12.13934 5.31 2342
-1.47153 -13.29840 5.73 3740
11.13346 -10.77284 4.06 555
3.51439 -11.18721 5.78 3980
7.87269 -9.70658 3.79 402
9.11825 -9.47013 5.01 1634
4.86835 -9.69627 5.71 3627
7.52676 -9.94839 5.76 3864
13.90392 -8.94457 1.14 16
13.14870 -7.80228 4.28 690
8.95223 -9.19721 5.05 1730
-7.56778 -9.40881 5.27 2238
-4.59432 -8.21243 5.44 2678
-6.52060 -8.11845 5.79 4000
-13.45527 -6.90751 4.35 758
1.05172 -7.77591 5.93 4669
3.30745 -6.48539 4.41 812
10.38848 -5.12837 5.33 2386
-9.33393 -5.85819 5.55 3060
10.11427 -3.86058 1.98 46
10.11423 -3.86020 2.88 149
8.51007 -4.12245 4.18 622
-2.97745 -3.24317 5.71 3655
-13.85095 -2.37899 5.78 3972
-7.98617 -3.22964 5.87 4341
-2.04843 -1.40479 3.60 324
13.68334 -1.38617 5.14 1925
-0.85252 -1.80330 5.89 4469
11.09434 -0.03004 4.90 1425
1.74820 -0.70710 5.55 3052
2.09267 -1.33776 5.91 4579
10.85523 0.59205 5.56 3091
6.05771 2.58621 5.13 1895
12.76486 4.24442 5.18 2009
-6.30963 4.92487 5.29 2279
10.87588 5.17997 5.73 3727
-0.25736 4.18395 6.00 5071
3.09676 5.97780 4.90 1428
-5.58996 6.89626 5.20 2052
-5.67056 6.19270 5.69 3541
6.30949 8.01078 5.19 2029
4.69734 8.20667 5.78 3975
-2.37471 9.36205 5.02 1660
-5.26850 10.47593 4.79 1240
-14.00487 12.16250 5.87 4375
-3.32772 11.90158 5.25 2181
-4.18963 13.27410 5.02 1662
