9.91030 -12.79309 5.31 2346
-0.29962 -11.54568 4.52 926
-11.56693 -10.41419 5.51 2914
12.52116 -9.01455 5.46 2718
11.68695 -9.67478 5.80 4082
13.26372 -8.66545 5.87 4351
-2.40373 -7.24874 4.19 623
-4.50638 -5.93900 5.46 2748
14.04556 -5.01162 4.92 1467
-13.13804 -5.24521 5.01 1639
-1.35712 -1.37153 4.08 566
2.95816 -2.61030 5.42 2607
7.88284 -0.94068 3.88 456
12.80524 0.81618 4.49 886
2.81017 3.79686 4.81 1284
10.68668 3.67213 4.94 1494
-0.15696 3.74734 5.14 1905
14.29803 3.01366 5.52 2931
-8.70924 4.78197 5.15 1948
13.01932 6.63015 5.53 2985
14.52833 6.66718 5.71 3654
-2.16964 5.69858 5.91 4549
8.81037 7.86134 5.69 3536
3.38851 8.01071 5.94 4708
9.08642 9.50200 3.72 369
-6.33570 9.00792 4.26 670
-8.12955 8.32419 5.91 4571
14.96608 9.81240 4.40 800
-2.66958 10.20523 5.01 1645
-12.87562 11.84410 5.36 2461
13.76731 13.32091 5.93 4658
