-2.47225 -12.88014 4.82 1295
2.49722 -11.70937 4.76 1199
-5.73155 -11.38020 5.07 1761
-0.28827 -11.52416 5.62 3300
3.28827 -11.78010 5.63 3334
0.92286 -11.53762 5.83 4193
-5.73378 -11.37890 6.00 5027
-9.77397 -10.03586 4.31 720
-1.14437 -9.70093 5.45 2707
6.98072 -10.24004 5.54 3010
11.53439 -7.67016 3.53 296
-6.62850 -8.00589 5.11 1847
5.27255 -7.11952 5.46 2719
-9.93455 -6.92273 5.50 2865
-7.33151 -5.32822 5.02 1652
-7.56219 -5.40138 5.02 1663
-5.80952 -6.19436 5.24 2154
7.32227 -3.96811 5.04 1710
8.64323 -3.07699 4.20 629
-1.85230 -3.47195 4.62 1023
-1.13316 -3.32742 5.75 3818
2.98654 -3.54607 5.87 4376
12.05911 -2.94294 5.87 4389
-1.34185 -2.53911 5.37 2478
2.12567 -0.06028 4.26 674
11.75733 2.25857 4.82 1289
7.62666 1.19789 5.65 3404
4.67171 1.94439 3.89 464
0.66515 1.42268 4.76 1203
-5.09865 2.63908 5.75 3817
8.52942 2.70043 5.79 4055
-13.03248 4.82600 4.76 1201
12.40531 4.37944 6.00 5058
8.75244 5.94829 4.90 1431
-12.53225 5.43782 5.57 3115
-14.22235 7.87071 5.63 3326
4.31874 5.67577 5.91 4560
-4.69725 7.61903 5.84 4252
-8.49637 10.16463 5.66 3431
7.55840 11.40357 5.08 1781
-3.61738 10.24379 5.51 2907
7.55452 11.36893 5.53 2986
0.43594 10.91092 5.93 4695
-5.04896 12.54035 5.97 4921
-0.44307 13.48327 4.95 1521
-10.83979 14.26351 5.25 2175
-4.83586 13.52360 5.74 3757
13.22094 14.65314 5.80 4094
13.22126 14.65322 5.83 4214
-4.52945 13.32564 5.87 4359
