7.26728 -12.57756 5.18 2004
-13.81705 -14.09319 5.22 2084
7.78049 -13.08738 5.88 4401
8.09628 -13.59079 5.99 5012
11.28325 -11.99283 5.08 1784
1.41238 -10.85951 5.49 2846
-9.93054 -10.53144 5.88 4426
-3.51626 -8.77726 4.51 912
9.00049 -8.85676 5.58 3170
-11.01942 -6.29800 3.77 391
8.50763 -5.67352 5.09 1799
-7.84746 -6.51404 5.51 2910
1.76703 -6.52102 5.70 3599
0.99554 -5.92725 5.99 4998
8.93956 -5.94906 6.00 5039
-9.31293 -5.55059 4.73 1166
6.03957 -3.94371 4.69 1116
14.89861 -2.24569 5.54 3004
3.94177 -0.79175 2.91 158
-11.07515 -0.10647 4.42 826
-9.53884 -0.74991 5.55 3049
-5.43177 -1.14632 5.89 4471
-9.78495 -0.91768 5.99 4989
11.75386 0.92587 5.71 3645
-0.61945 0.65789 5.82 4180
0.36572 0.60247 5.87 4393
1.80613 1.97560 5.49 2833
5.23149 1.38060 5.77 3945
15.01483 3.84514 4.69 1106
-14.99087 3.29383 4.89 1417
-14.45221 5.31613 4.32 726
-14.10547 7.54671 5.16 1974
14.28507 7.71360 5.58 3160
7.65718 8.65003 5.67 3490
6.75978 9.98387 5.10 1818
9.44216 10.61540 5.64 3366
-7.25946 12.86449 5.23 2114
