-11.56273 -13.36631 5.03 1667
-4.96571 -12.65413 5.31 2342
3.27611 -13.08691 5.73 3719
0.29224 -13.28043 5.83 4201
-7.44225 -10.99354 4.06 555
-2.00887 -11.34106 4.97 1556
-10.50853 -9.54446 3.79 402
1.07405 -9.91604 4.94 1513
-9.23424 -9.46297 5.01 1634
6.17488 -10.59802 5.14 1923
8.08992 -9.56117 5.57 3097
-13.52957 -9.16125 5.71 3627
-10.89066 -9.74250 5.76 3864
-4.47452 -9.52950 1.14 16
14.21295 -7.87565 4.02 533
-5.03630 -8.31854 4.28 690
-9.35778 -9.17203 5.05 1730
3.93118 -7.28231 5.64 3384
-7.33079 -5.33476 5.33 2386
-7.41069 -4.04779 1.98 46
-7.41067 -4.04740 2.88 149
-9.03278 -4.08636 4.18 622
11.08927 -2.50774 5.94 4743
-3.57375 -2.11658 5.14 1925
-5.88082 -0.41760 4.90 1425
-6.02156 0.22853 5.56 3091
-10.46168 2.93154 5.13 1895
9.60648 2.37725 5.78 3959
-3.62913 3.51408 5.18 2009
-5.31987 4.72762 5.73 3727
8.91917 4.53013 5.90 4507
-12.92744 6.79743 4.90 1428
-9.39001 8.27502 5.19 2029
-10.97211 8.74778 5.78 3975
13.46900 10.67511 5.99 4985
5.76625 11.48836 4.25 663
13.09135 13.08544 5.15 1949
