12.69892 -11.36583 5.45 2712
9.68263 -12.08981 5.73 3730
-2.33098 -12.28086 5.77 3930
-6.36806 -11.95961 5.95 4815
6.58060 -10.62928 5.39 2532
2.48805 -8.60903 4.64 1043
8.79335 -9.51995 5.65 3407
-12.35759 -8.29965 5.77 3910
2.49327 -7.45987 3.73 373
12.48937 -7.91822 5.39 2531
-8.64169 -7.35492 5.81 4131
-14.09204 -5.43194 5.03 1684
-8.41388 -3.24308 2.08 59
7.59604 -3.99406 5.89 4445
-5.94386 1.36796 5.52 2926
0.01858 2.39831 4.67 1091
-8.69167 1.94502 5.69 3544
-11.74320 2.03771 5.71 3644
10.23837 2.84453 5.77 3928
-11.24656 2.87079 5.98 4954
7.46696 3.98797 5.25 2173
-4.20496 3.73220 5.72 3684
-13.84754 3.55437 6.00 5064
-13.05023 4.54209 5.00 1611
11.54861 4.66928 5.78 3991
5.91766 4.36533 5.99 4980
-8.66115 6.00631 5.64 3371
2.81837 8.00889 4.36 763
2.86878 6.94598 5.10 1823
0.76711 8.01761 5.28 2263
-10.77645 7.24529 5.54 2993
-3.73420 7.67878 5.69 3556
7.61055 9.46082 3.84 427
6.50720 9.68865 4.95 1532
0.48281 9.07256 4.96 1544
0.48011 9.07216 5.18 2010
1.92726 9.94775 5.06 1742
-1.32533 10.28417 5.58 3158
-11.50324 11.32688 5.74 3791
-2.93682 10.09632 5.98 4947
7.05576 11.56177 5.41 2588
11.34188 12.23028 5.61 3258
10.45654 12.19312 5.84 4242
9.42154 12.48841 5.90 4537
-14.33299 14.20907 3.14 203
-12.45011 13.57649 5.12 1860
6.07107 13.16048 5.27 2232
-5.54313 13.30945 5.52 2927
-5.26812 12.96726 5.71 3637
-7.12688 13.00832 5.77 3923
