14.38653 -12.81050 5.35 2425
12.53926 -13.30318 5.63 3339
1.90924 -12.82382 5.69 3536
-3.52463 -12.66601 5.94 4708
2.16002 -11.17562 3.72 369
-13.39396 -11.63311 4.26 670
13.72632 -11.31806 5.06 1741
-15.26837 -12.32888 5.91 4571
7.93593 -10.88462 4.40 800
-9.61751 -10.43093 5.01 1645
12.14282 -6.86719 5.33 2371
6.66071 -7.43862 5.93 4658
-5.40790 -5.71523 5.10 1831
0.55832 -2.51796 4.86 1371
-5.64024 -2.09756 5.12 1862
-5.42688 -2.37877 5.95 4789
-13.19874 -1.34118 5.99 4992
-8.51034 0.21969 5.29 2271
0.57860 2.27502 5.56 3085
-8.69182 4.16668 5.54 3003
0.38271 5.11297 4.43 831
0.38271 5.11297 4.83 1326
-6.94161 4.18842 5.41 2595
0.23566 4.84587 5.91 4566
5.40194 6.14893 5.77 3934
-13.87690 6.69928 6.00 5041
2.02445 7.05352 5.63 3314
-7.49388 7.32531 5.80 4061
1.72942 9.59006 4.60 1005
-6.70924 8.75546 4.86 1366
0.24014 8.82622 4.94 1498
5.69266 8.84518 5.71 3652
0.24179 8.82546 5.88 4435
10.57484 12.63690 5.89 4481
-0.58032 11.44445 5.91 4553
-7.87099 12.43820 5.98 4937
-7.99915 12.82466 -0.04 3
3.73387 12.59957 4.55 960
-4.44000 12.78939 5.39 2553
