-0.65297 -13.21019 5.24 2156
-10.44908 -9.72658 5.30 2314
-0.01123 -11.58985 5.32 2354
-1.69337 -11.27721 5.43 2644
-10.56397 -5.84420 3.84 431
-3.14420 -6.98494 3.87 453
-3.64453 -7.74452 4.95 1515
-10.03317 -6.05251 5.20 2064
8.60427 -6.36497 5.24 2134
-2.96213 -6.67989 4.94 1495
-5.19579 -6.10682 5.71 3659
4.08875 -4.83780 5.50 2850
2.70497 -3.42735 5.79 4027
10.03202 1.22110 2.08 60
7.25835 2.31297 4.25 665
-11.58678 4.64974 4.84 1343
-3.59405 0.53275 5.38 2499
-4.21532 3.10379 5.80 4060
11.04740 7.87316 4.32 729
5.02382 4.23398 4.82 1288
10.68073 6.79562 4.96 1537
-3.49196 3.94270 5.14 1930
11.99528 11.12029 5.56 3068
1.81650 5.10165 5.77 3943
3.00971 4.47562 5.91 4596
-9.35083 13.10773 4.29 712
-2.41891 9.48945 6.00 5051
9.28171 14.66124 4.23 645
-10.67086 19.51622 4.96 1540
-6.24492 12.51520 5.26 2199
4.79430 11.52308 5.64 3378
1.83797 10.85206 5.98 4936
-0.42755 11.61394 5.28 2249
-0.43184 11.62154 5.85 4302
-4.88163 14.45533 5.50 2868
