-13.64420 -15.17809 1.86 38
-4.06024 -12.99047 2.25 72
-0.98569 -12.75952 4.08 569
-10.38657 -14.68381 4.33 735
10.43766 -13.85424 4.66 1074
-7.63467 -13.37481 4.92 1465
9.90682 -14.29089 5.08 1780
-7.23174 -13.10220 5.16 1973
11.12512 -14.06230 5.38 2501
-4.78034 -13.25596 5.54 3018
1.97730 -13.06749 5.79 4030
12.28292 -14.51495 5.91 4565
11.85713 -15.27927 6.00 5036
-5.18759 -12.66586 3.44 270
13.17190 -14.06618 3.78 398
8.60638 -12.84167 3.82 415
-11.84990 -12.48124 4.86 1375
-11.79656 -12.78203 5.26 2207
10.32830 -13.17809 5.45 2703
5.81272 -11.45733 5.72 3671
-1.74431 -11.56381 5.88 4422
10.58245 -13.35564 5.92 4604
8.12171 -12.52305 5.95 4781
9.50811 -12.91015 6.00 5073
-1.64767 -9.70823 3.13 197
-4.41075 -10.58220 4.34 747
10.30255 -11.47889 4.45 849
8.76719 -11.29856 4.66 1070
13.55230 -11.80106 5.25 2186
0.12982 -11.00412 5.32 2350
-8.95034 -11.32388 5.59 3209
0.19349 -9.99527 5.80 4087
10.84001 -11.16037 5.91 4555
-10.07381 -10.30479 4.49 892
7.87078 -8.89364 4.50 900
12.66516 -10.86575 5.23 2108
7.41851 -8.92196 5.81 4126
-3.52517 -6.99249 2.50 93
11.53683 -8.94225 4.28 691
7.80711 -7.46140 4.57 971
-4.99918 -7.88374 5.27 2216
-3.53804 -7.69175 5.63 3337
0.35237 -7.16112 6.00 5050
-10.98640 -7.55284 1.96 45
3.35793 -6.36936 3.54 300
9.26181 -7.47462 5.58 3159
-8.84427 -7.52960 5.71 3617
-11.86802 -5.46873 4.86 1378
10.44052 -6.04421 4.89 1418
-2.80253 -4.70012 5.11 1851
-12.39439 -5.49429 5.19 2039
-0.56806 -5.03341 5.45 2684
-12.40240 -6.04322 5.48 2821
-11.89450 -5.45442 5.52 2936
0.74887 -5.34231 5.56 3069
-12.33709 -5.42576 5.61 3283
-13.97821 -6.07705 5.69 3547
-12.36235 -5.29847 3.62 336
-9.07567 -4.42350 4.69 1104
-8.04204 -3.53003 5.23 2128
6.13121 -2.78573 4.86 1367
-1.25445 -1.73173 5.01 1637
-4.71609 -1.61496 5.26 2210
7.16226 -2.09666 5.28 2252
-2.11276 -2.11393 5.45 2688
7.10035 -2.81362 5.78 3953
-4.53560 -2.30278 5.87 4340
2.97257 -1.64073 5.93 4694
3.25288 -0.41506 5.72 3692
-0.70768 0.87919 4.35 752
-1.40573 1.34819 5.12 1859
-12.47163 -0.93426 5.16 1964
13.11395 1.20067 3.84 426
-13.24740 1.35471 5.51 2889
-9.54733 1.29497 5.87 4372
-13.29347 0.18038 5.90 4502
-10.79851 1.41046 5.91 4551
-8.37520 3.49630 3.75 382
-13.70399 2.37637 4.77 1223
12.41346 3.05243 5.02 1657
6.08243 3.34779 5.08 1786
-9.58748 3.15568 5.18 2026
-10.70270 2.59878 5.33 2383
9.30220 2.54579 5.65 3418
-6.14130 3.38616 5.92 4607
-14.02828 3.26315 3.84 425
-12.89691 4.32827 3.91 475
2.75543 4.68207 4.58 983
-11.69618 3.83789 5.10 1824
2.69128 5.17159 5.62 3287
2.50517 4.15915 5.73 3731
-4.19330 5.30485 5.75 3834
-12.55957 4.22430 5.75 3847
-6.71082 4.38007 5.79 4011
-12.16360 5.48535 4.93 1485
2.38492 5.81711 5.08 1775
-14.05040 5.01963 5.23 2130
-12.81329 4.52481 5.46 2729
-14.44343 5.25995 5.71 3632
3.45538 6.39594 5.71 3642
12.64966 5.74911 5.74 3752
-7.05376 6.73073 5.00 1614
-5.82250 7.66799 5.12 1879
1.58855 7.18661 5.55 3058
-6.39214 7.79184 5.85 4258
12.90736 6.34177 5.91 4594
-8.01946 8.64491 2.21 66
-6.43418 9.06957 5.25 2194
-0.49645 9.36666 5.50 2852
-6.86292 8.49580 5.57 3129
8.95785 8.99844 5.60 3226
8.91971 10.39803 3.85 440
-14.17598 8.94126 4.07 561
-4.64904 10.62978 5.58 3174
-12.77937 9.96073 6.00 5049
-10.41723 11.46403 4.45 846
10.97196 10.83352 4.83 1322
-9.97633 10.64769 5.55 3059
9.96438 10.92713 5.96 4853
7.92117 11.06861 5.98 4948
-2.45645 13.14382 3.60 322
-2.02143 12.89706 5.35 2436
-13.38408 12.41355 5.48 2795
8.95241 12.91297 5.90 4500
