-8.49976 -13.41304 5.60 3232
10.84777 -11.51118 5.23 2113
-15.08244 -11.65963 5.56 3071
-1.07688 -11.69487 5.87 4357
-7.82253 -12.30184 5.94 4751
-3.52231 -10.10127 4.91 1451
5.55958 -10.60415 5.04 1696
5.31532 -10.21822 5.33 2377
-0.37461 -9.89962 5.70 3576
13.49512 -9.39136 5.97 4885
7.64033 -10.14918 6.00 5062
14.92468 -8.98615 4.49 888
-4.10927 -8.35873 5.29 2286
5.06855 -8.41234 5.91 4577
2.51779 -7.17350 4.42 825
3.98604 -7.93175 4.48 882
-3.17477 -7.80729 5.52 2946
11.28316 -7.82785 5.53 2961
-2.54603 -7.99844 5.59 3197
-8.73240 -7.70008 5.64 3354
6.69143 -7.27157 5.69 3567
-4.25957 -7.54111 5.72 3676
-10.70468 -5.45281 5.50 2862
-9.83920 -6.19859 5.94 4734
-4.37729 -5.69619 6.00 5072
12.50639 -4.64569 1.93 43
-6.16175 -4.68051 4.86 1373
3.97671 -5.27769 4.95 1536
5.08837 -5.24191 5.30 2306
-11.71519 -3.31323 4.99 1603
13.98088 -2.83282 5.21 2072
-10.76078 -2.55343 5.42 2628
-9.13653 -3.86945 5.46 2745
-4.10342 -3.07699 5.49 2836
-7.53899 -3.94581 5.54 2992
-10.52434 -3.56578 5.77 3947
4.72441 -2.82231 5.88 4408
-9.05596 -1.74982 4.38 789
-8.62760 -1.84068 5.69 3529
1.11373 -0.42092 5.14 1921
4.80791 -1.10418 5.20 2044
3.87546 -0.25238 5.75 3835
-1.62900 -0.33666 5.92 4644
9.34592 0.49492 4.15 606
-1.80454 0.38577 4.41 815
1.26006 0.19314 4.63 1030
-1.34280 0.24386 5.40 2578
-7.15792 1.69077 3.00 174
-10.33929 2.92678 4.88 1404
7.28782 3.58434 2.88 150
4.71490 3.49344 3.28 232
-13.03709 3.30919 4.94 1491
3.02771 3.02424 5.93 4696
1.29801 4.47821 4.16 612
3.07070 4.29319 5.75 3840
-3.43267 6.30226 4.86 1370
-7.71757 5.70969 5.38 2521
3.60985 6.10279 5.80 4069
13.80332 7.61116 2.98 167
-0.62054 8.18384 4.82 1285
-6.28636 8.22592 5.18 2015
-9.60496 7.34731 5.47 2780
-7.04485 9.68864 5.83 4198
-2.04282 10.49974 4.58 980
-2.75856 11.00759 5.56 3090
-10.30245 12.24402 1.65 27
10.80789 11.45245 5.27 2238
13.70213 13.04409 5.44 2678
11.71951 12.88721 5.79 4000
4.65114 13.20490 4.35 758
-11.79635 13.72903 5.76 3856
-6.27669 12.86943 5.96 4846
