-1.27522 -6.20669 5.47 2756
-3.27438 -7.22750 5.28 2257
-1.61955 -3.80480 5.49 2841
-3.70530 -2.74712 5.77 3911
5.46420 -9.32614 5.42 2631
0.54459 0.29467 5.69 3538
-1.96442 -0.27871 5.77 3918
-4.08535 3.29947 5.11 1841
-7.90485 -0.72565 5.29 2296
-3.77068 3.19836 5.73 3718
-3.19619 3.31680 5.28 2251
8.44094 -0.86769 5.85 4285
0.75031 2.74500 5.87 4342
-7.35244 2.41880 4.15 607
-11.31908 -2.82345 5.91 4550
8.20351 1.30142 5.79 4046
-9.28206 2.45519 5.10 1826
-8.22936 3.93852 5.35 2447
9.41948 2.75885 5.69 3570
4.58868 7.38080 5.28 2248
-6.20733 7.24301 5.75 3812
6.82568 6.65092 5.57 3120
8.59166 6.67596 5.70 3577
-12.28351 5.23599 5.51 2892
-7.77513 8.67491 5.81 4139
-4.09885 10.19237 2.80 132
-5.95524 9.92262 4.78 1235
8.39672 8.34785 5.52 2939
-4.35478 9.88081 5.97 4905
-7.73739 9.49311 6.00 5028
7.90814 12.18873 4.75 1187
