2.05496 -13.82869 4.81 1273
10.26068 -12.80949 4.40 805
-14.29461 -13.43520 5.61 3254
5.01732 -10.81302 -0.72 2
7.28891 -11.44197 4.39 799
-1.93114 -9.81561 5.17 1995
-1.08238 -10.52775 5.29 2287
9.68485 -10.98157 5.80 4092
5.00192 -10.09100 5.98 4934
-2.75135 -8.39813 3.85 441
13.13028 -10.18333 5.14 1920
10.12612 -9.43028 5.40 2577
6.67768 -9.75371 5.60 3235
0.17688 -8.54644 5.67 3468
14.34900 -11.27082 5.96 4862
10.93050 -8.64192 2.93 159
6.56310 -7.52456 5.27 2220
-8.88687 -8.31484 5.45 2696
14.29762 -7.82276 4.93 1478
-12.30043 -7.41547 5.03 1692
-12.89176 -6.92112 5.38 2513
8.84187 -4.97229 4.93 1470
12.78662 -6.29086 4.95 1528
5.88725 -4.60218 5.76 3866
-6.97063 -3.17954 5.46 2737
11.78405 -3.14835 5.14 1908
-3.18794 -2.25626 5.31 2334
-6.77175 -1.56902 5.86 4305
1.12897 -0.11618 5.93 4702
-0.33805 1.32164 5.81 4143
9.45249 1.93653 3.17 205
-0.21445 2.99290 3.96 498
2.00304 3.87748 5.50 2883
2.66298 6.33829 5.58 3133
-5.54116 5.72079 5.82 4160
-8.54993 5.16005 5.87 4348
-1.35016 6.91250 5.57 3110
-9.71164 6.80974 5.71 3636
4.42280 7.77864 6.00 5065
-7.32980 8.64891 5.48 2801
-1.24061 10.85073 4.97 1555
2.07015 10.65290 5.02 1655
8.85654 9.66955 5.24 2142
12.94906 8.89975 5.26 2211
4.64814 9.89223 5.53 2974
-8.75292 10.33430 5.57 3117
-2.03604 10.12649 5.63 3324
4.72177 10.56564 5.87 4370
9.47627 11.68210 5.42 2624
9.83593 10.87373 5.59 3178
6.66997 11.22390 5.62 3298
10.31288 10.52993 5.71 3650
14.53777 11.11891 5.96 4864
-2.54453 12.72254 3.12 196
-8.15496 12.86938 3.87 449
-0.69843 13.43271 4.36 776
4.70624 13.53691 4.37 783
-12.83142 11.69835 5.76 3859
-7.65039 13.37505 5.78 3958
1.54035 13.09975 5.80 4071
8.87484 13.11440 5.84 4234
