-4.52735 -12.78088 4.41 817
-7.11302 -12.03577 5.79 4028
-1.83408 -13.33976 5.95 4783
-7.07069 -10.76281 5.68 3506
9.95404 -9.51812 5.22 2094
-1.52505 -10.07720 3.21 216
-11.75648 -6.67615 5.95 4769
9.07679 -8.13266 5.38 2525
-5.86840 -7.33660 5.50 2861
-6.08528 -7.30388 5.83 4206
-11.27539 -5.00960 5.91 4546
10.55945 -3.18304 5.49 2831
4.38456 -6.62572 5.64 3363
-9.66273 -1.83532 5.39 2551
-8.14272 -3.30440 5.97 4886
11.36790 0.92696 5.10 1809
-9.40481 -0.26547 5.46 2731
-9.73114 -0.59452 5.96 4833
7.84009 -1.89207 5.78 3960
8.69178 -1.01144 5.95 4809
-7.77621 0.16284 5.75 3808
-2.91320 -2.06721 4.74 1169
8.46259 3.34572 5.46 2750
7.84006 3.53252 5.57 3122
2.04097 -1.52647 5.62 3284
-2.18292 -0.58248 4.71 1130
5.58145 2.65519 5.61 3273
-1.87631 0.79515 5.90 4533
-4.66643 7.43505 4.36 764
-2.39528 2.08490 5.27 2215
-4.14027 7.39677 5.79 4049
1.51421 1.94989 4.25 658
4.10899 4.71776 5.86 4323
-0.52911 3.19970 5.58 3165
3.71925 8.61539 5.07 1759
0.62156 6.06441 2.02 52
