12.56805 -13.10492 5.20 2047
12.65821 -12.73190 5.67 3486
-7.70049 -12.61475 5.78 3956
-6.15145 -11.71740 5.99 4978
-7.14350 -11.60359 5.99 4997
-13.44002 -9.72147 5.05 1728
-6.34826 -10.51627 5.55 3043
-2.56268 -10.11034 5.63 3343
8.11296 -9.28220 3.94 483
-11.13328 -8.66213 4.88 1402
3.80337 -9.47232 5.35 2444
1.10049 -9.16965 5.95 4787
-7.88892 -6.88145 5.35 2440
-9.14407 -7.61003 5.99 4996
4.09290 -6.21632 5.33 2381
0.11236 -5.83361 5.83 4188
7.45225 -4.70303 4.66 1080
-3.90528 -4.64815 5.30 2312
-4.33435 -3.18978 5.99 4988
-12.39390 -2.30050 5.89 4485
-11.15134 -0.46629 3.57 312
13.43465 -0.22932 5.45 2687
3.59965 -1.22153 5.75 3793
0.16732 -1.33901 5.98 4955
-11.12898 1.45370 5.31 2342
-2.95107 0.72107 5.73 3719
-5.90737 0.64332 5.83 4201
-13.58484 3.19019 4.06 555
-8.13091 2.63093 4.97 1556
-5.00348 3.91336 4.94 1513
0.01980 3.03851 5.14 1923
10.86263 4.40951 5.22 2096
1.95798 3.97877 5.57 3097
-10.55308 4.52423 1.14 16
8.05467 5.38275 4.02 533
-11.08873 5.75694 4.28 690
9.88596 4.90110 5.95 4817
-2.04555 6.40603 5.64 3384
-13.35443 8.87077 5.33 2386
10.19257 8.05461 5.39 2540
-13.40929 10.18753 1.98 46
-13.40925 10.18792 2.88 149
11.60000 10.75846 5.20 2062
10.78077 11.37924 5.45 2700
9.53146 10.66092 5.66 3453
12.17086 10.57785 5.82 4178
5.32743 10.86686 5.94 4743
-9.42764 11.98044 5.14 1925
14.19111 13.11822 5.93 4667
-11.75144 13.85248 4.90 1425
