0.67005 -12.47128 2.41 84
14.11675 -14.46650 5.16 1971
-14.40416 -14.03684 5.48 2812
-7.44527 -13.43036 5.67 3495
-13.20856 -11.95965 3.08 189
-13.08340 -11.90056 3.57 314
-0.93412 -11.91983 4.29 703
11.51036 -12.61897 5.10 1817
13.15463 -13.30982 5.64 3356
-9.87589 -11.72660 5.91 4593
-6.61657 -12.07983 5.96 4825
-1.75892 -9.79303 1.63 24
-2.53682 -10.07639 2.69 116
2.71521 -9.72936 3.21 215
-4.69957 -10.04726 5.93 4690
-9.28558 -10.36667 5.98 4952
10.44345 -9.82039 3.11 195
11.93281 -9.84775 5.34 2415
0.78555 -9.56134 5.54 3014
12.15886 -9.26456 5.55 3054
5.22822 -9.56731 5.74 3775
7.36730 -8.52493 5.95 4772
-11.03681 -8.71626 5.97 4918
6.94024 -8.33192 6.00 5080
12.60624 -6.70635 1.85 37
-14.26508 -6.77006 2.29 76
-10.04082 -6.08968 4.87 1387
3.77554 -6.78322 5.60 3223
3.49406 -6.11342 5.84 4235
3.45113 -6.64006 5.90 4538
-5.93487 -7.00715 5.91 4552
4.09501 -6.20195 5.96 4834
3.93027 -6.59124 5.96 4840
-12.36117 -5.10436 5.48 2792
-7.07070 -5.07624 5.53 2983
-11.11980 -3.43033 5.03 1678
-6.63135 -3.82844 5.55 3037
-1.52819 -3.54721 5.70 3582
2.67438 -2.36135 4.83 1331
7.63901 -0.79891 2.99 169
5.65253 -0.46520 5.16 1963
8.88860 -1.29646 5.53 2981
13.35339 -1.70925 5.60 3230
-9.25055 -0.87196 5.97 4913
12.25739 -0.31129 2.70 118
-3.75641 0.13059 4.29 702
7.46855 0.37369 4.69 1110
14.33622 -0.49503 5.92 4629
-3.68138 0.32806 6.00 5067
8.48295 1.86512 4.57 970
-5.03150 2.45752 5.35 2426
5.05308 2.56369 5.80 4070
2.29096 2.95419 4.54 946
11.68947 3.61073 4.65 1060
-7.57925 4.47644 5.07 1763
-7.57814 4.47457 5.11 1843
15.02866 5.60306 2.81 136
-12.54668 6.26983 5.86 4308
-5.61099 6.77166 3.27 231
-4.28253 7.95144 4.17 617
-6.91028 7.71228 5.20 2060
7.18317 7.70781 5.34 2408
-12.49624 6.41752 5.75 3804
7.50019 7.58554 5.97 4922
6.24624 8.39154 4.76 1195
-2.70106 8.27735 4.81 1275
10.04949 8.37880 4.98 1575
-13.81151 8.90828 5.58 3147
6.98498 9.80846 5.77 3893
10.97727 12.04954 3.86 442
-6.15086 12.17559 4.39 790
1.10283 11.46631 4.87 1383
11.07264 11.11778 5.44 2677
-4.93560 11.74667 5.85 4281
11.49080 12.49127 5.38 2503
11.52816 12.97378 5.95 4777
