-14.78099 -12.84922 5.03 1669
-8.62810 -13.85864 5.72 3672
-6.40800 -13.44900 5.94 4760
13.49226 -11.87606 4.86 1368
-1.53019 -11.72178 5.55 3055
11.44967 -11.28996 5.93 4665
14.60317 -11.13651 5.10 1820
9.69132 -10.72298 5.49 2822
4.87822 -8.59260 5.87 4385
-7.06833 -5.53234 5.43 2641
12.04171 -6.71199 5.61 3269
7.57917 -4.40272 4.50 898
2.37884 -5.13410 4.94 1504
10.16277 -5.36942 5.77 3927
-3.88014 -3.93291 5.40 2567
11.00690 -2.79615 5.55 3030
5.62343 -3.96418 5.68 3521
-0.96943 -2.35266 3.69 356
-5.51768 -1.60316 4.53 934
9.06130 -2.04104 5.04 1711
-6.61252 -2.70925 5.83 4208
6.81430 0.88690 4.13 599
0.11701 0.52229 5.05 1713
13.49940 2.69129 4.01 525
2.71289 1.89384 4.28 692
7.48095 3.12874 5.89 4447
-8.43114 5.30314 4.90 1435
-3.55476 5.05474 5.12 1858
-2.80331 5.10896 5.16 1967
14.57965 4.97937 5.63 3325
-4.40658 6.07066 4.52 928
-9.38695 6.73452 5.16 1968
-3.37888 6.63132 5.39 2547
10.68762 6.03663 5.79 4002
6.76105 6.46877 5.97 4923
-13.14689 8.22240 3.40 258
7.93310 7.39480 5.06 1745
11.09601 8.32482 5.30 2310
-7.04045 9.32249 5.75 3796
-2.21648 8.34260 5.82 4158
-11.31148 10.04892 4.19 625
3.08663 10.70641 4.55 959
1.03756 10.07179 5.08 1774
-13.27068 13.48855 5.71 3620
-12.89889 13.42549 5.90 4511
