0.56425 -15.19712 5.47 2756
-0.73486 -17.34057 5.49 2841
2.78282 -15.71883 5.28 2257
-2.60113 -8.37790 5.42 2631
3.72925 -8.16605 5.46 2747
4.12968 -9.67494 5.58 3131
7.45369 -11.92226 5.57 3105
6.68790 -11.06110 5.91 4544
7.31334 -8.96187 4.32 724
8.82385 -9.88178 5.65 3395
8.53227 -9.87925 5.65 3421
-1.81429 -3.18882 5.52 2928
7.61472 -7.09207 5.95 4821
10.10772 -6.52915 4.91 1445
0.32520 -0.74392 4.45 851
11.26599 -6.00004 5.06 1743
-3.51878 -1.79402 5.11 1852
-4.08846 -1.75173 5.36 2458
0.29823 -0.64662 5.47 2787
-11.00003 -7.38285 5.64 3358
-6.94686 -3.34404 5.69 3532
6.07227 -0.35846 4.26 671
-12.09230 -5.50767 5.45 2713
-11.26008 -3.75142 5.53 2979
-6.85059 -1.03341 5.79 4012
0.11264 0.29626 5.97 4911
-0.30651 1.90389 4.11 583
5.46693 1.49606 4.91 1438
-7.46852 -0.52204 5.47 2771
9.87564 -1.26002 5.85 4278
-9.78875 0.44576 4.35 750
-10.36833 0.99747 4.07 560
6.64292 3.56167 5.04 1701
-4.17492 3.94071 5.45 2705
7.45962 4.95353 5.18 2007
4.74549 5.04922 5.65 3406
-1.47674 8.15402 4.00 516
-7.25859 5.72864 5.29 2294
-7.33275 5.93725 5.86 4329
-0.89218 9.30886 4.93 1472
-12.88789 5.21972 5.29 2274
-6.77803 8.53934 5.47 2782
10.92970 7.00170 5.88 4433
11.52536 8.06811 3.87 454
-9.55575 8.25584 4.48 880
4.62811 10.23848 5.59 3205
13.72144 6.72034 5.93 4659
-1.03266 11.01561 4.74 1172
-7.84965 10.37531 5.47 2765
13.25460 7.34320 5.55 3023
-3.11094 13.61059 3.32 239
-10.65773 10.94759 4.71 1132
8.11553 12.32420 4.97 1561
-13.55679 9.79073 5.20 2058
3.04184 12.42749 5.57 3114
1.56836 12.77496 5.99 4984
