-7.51503 -13.43729 2.69 113
-1.69093 -12.58985 5.36 2457
3.39206 -12.70352 5.50 2885
-9.87068 -12.03724 3.84 426
11.07294 -12.88489 5.34 2403
-11.11275 -10.48187 5.02 1657
3.70826 -10.62299 5.25 2178
4.08285 -10.79099 5.44 2680
-13.97430 -11.97371 5.65 3418
-3.60189 -10.66995 5.67 3462
3.55961 -10.23961 5.71 3663
7.56190 -7.47046 4.46 863
6.19199 -8.06775 5.29 2295
13.05517 -8.97716 5.31 2327
-11.71582 -7.83228 5.74 3752
12.06878 -6.84100 5.75 3849
-1.65802 -6.01604 5.80 4058
-11.65127 -7.19158 5.91 4594
5.34524 -4.41383 5.55 3027
-4.95882 -5.37152 5.81 4132
-5.03908 -3.19638 4.39 792
2.16356 -3.69213 5.08 1768
11.08837 -4.05078 5.15 1935
-3.20883 -3.67624 5.15 1951
12.66516 -2.58081 5.48 2802
6.91505 -0.94560 4.91 1449
3.54318 -0.87230 5.39 2542
3.33712 -0.65807 5.64 3372
-11.87861 -0.14287 5.38 2506
-6.37097 3.72697 4.60 1002
1.50411 3.07458 5.89 4459
6.41332 3.65191 5.98 4941
0.88968 5.25615 5.00 1617
1.52303 5.38892 5.22 2090
-4.20547 5.67396 5.43 2656
5.71677 7.07237 4.70 1123
-8.59146 7.84851 5.61 3281
9.43343 7.99315 4.28 699
-5.95562 8.45961 5.71 3658
4.76414 8.74635 5.74 3786
6.33835 10.16686 5.22 2106
-10.87097 9.54611 5.64 3360
-2.95042 10.47894 5.81 4115
4.20422 9.79548 5.98 4946
3.82107 11.16770 3.54 302
3.83074 12.24807 5.04 1700
-9.38050 11.11676 5.88 4438
9.46703 12.31816 5.85 4290
