-6.39230 -13.59475 3.08 190
-0.24402 -13.77079 5.22 2084
-12.91025 -12.17369 5.71 3649
-7.41950 -10.46965 3.57 316
-7.55829 -10.42164 4.24 656
-6.53109 -10.75218 4.76 1197
-9.33578 -10.61709 5.85 4294
3.60829 -10.41060 5.88 4426
10.04903 -8.89032 4.51 912
2.60101 -6.17640 3.77 391
5.73238 -6.48288 5.51 2910
-2.57529 -6.66936 5.65 3425
-13.74740 -7.01674 5.88 4425
14.71601 -6.15074 5.99 4998
4.29332 -5.48207 4.73 1166
2.63942 -0.04195 4.42 826
4.14260 -0.70475 5.55 3049
8.23136 -1.17108 5.89 4471
3.89703 -0.86733 5.99 4989
13.15300 0.57154 5.82 4180
14.16704 0.50134 5.87 4393
-1.12060 3.35668 4.89 1417
-3.54358 2.89277 4.91 1454
-0.57008 5.34156 4.32 726
-9.22678 5.46394 5.47 2767
-9.90048 5.72337 3.23 218
-12.32460 5.87452 5.68 3498
-11.04687 5.92012 5.99 4986
-0.20117 7.53603 5.16 1974
6.61340 12.86022 5.23 2114
