-6.94047 -12.92166 4.13 599
-13.84254 -13.18252 5.05 1713
-0.23635 -11.21771 4.01 525
-11.09175 -11.80829 4.28 692
11.18975 -10.99201 5.67 3467
-6.20036 -10.64603 5.89 4447
7.04735 -9.32382 5.37 2481
0.85033 -8.95873 5.63 3325
5.10414 -8.46889 5.79 4031
-2.93690 -7.80390 5.79 4002
-6.82274 -7.25948 5.97 4923
-5.62764 -6.37056 5.06 1745
-2.48813 -5.55108 5.30 2310
3.38141 -5.27184 5.51 2899
-10.36400 -2.91382 4.55 959
-12.46239 -3.46622 5.08 1774
1.89938 -2.19144 5.51 2893
4.37774 0.28455 2.83 138
12.24664 0.57604 5.89 4468
9.18990 4.13830 5.06 1732
-7.19601 4.77172 5.53 2956
2.94575 4.42118 5.53 2959
-2.43680 5.66511 5.08 1790
4.71666 7.20177 4.80 1262
10.57155 7.53311 5.38 2509
12.91601 9.26872 5.36 2452
12.74246 8.99352 5.87 4379
-8.49639 10.51794 5.32 2357
-11.06613 11.92804 4.40 801
-12.58485 12.50382 4.60 1003
15.15061 13.45614 4.06 554
