-4.51888 -13.55940 5.14 1906
13.08425 -14.08320 5.93 4698
-13.08728 -12.49825 3.41 262
-2.72322 -11.79413 5.85 4295
5.01877 -11.02466 4.75 1188
-6.53735 -10.57456 5.11 1853
-5.22063 -9.83265 5.57 3112
-14.39689 -10.09324 5.42 2612
-1.41718 -8.48850 5.91 4598
10.07360 -7.83257 3.24 223
10.07629 -7.83247 4.35 754
5.45751 -6.82346 4.11 587
9.04924 -5.12567 5.92 4646
-12.98657 -3.35846 5.51 2908
-10.45033 -3.03039 5.72 3697
-11.49400 -2.71536 5.94 4713
8.55623 -1.26035 5.47 2768
8.41901 -1.48114 5.92 4615
4.78985 0.47671 5.79 4016
3.69615 0.41914 5.90 4509
2.28461 1.60601 5.14 1926
8.44105 3.26707 4.46 858
-11.01747 3.17488 5.25 2167
-2.09324 5.84994 5.28 2259
-5.58872 6.74721 5.35 2435
4.80997 6.71743 5.75 3792
5.44408 6.48668 5.83 4213
-4.65778 7.75804 4.69 1108
-13.15897 6.35978 5.69 3555
4.20824 9.25008 4.90 1432
12.74751 8.95563 5.89 4492
9.14378 9.43271 5.39 2543
-10.86826 13.40966 5.31 2340
12.51675 12.97821 5.71 3624
