-1.85682 -12.69497 3.87 448
5.90599 -13.87322 4.40 804
5.90670 -13.31409 4.98 1573
-0.76862 -13.31529 5.46 2724
14.21429 -13.96173 5.62 3306
10.52455 -13.75017 5.85 4303
0.95870 -12.19558 3.02 179
-8.97607 -11.83333 4.33 737
5.28638 -11.54451 4.79 1237
9.54586 -11.30691 4.85 1356
8.61907 -11.34834 5.61 3271
2.33835 -12.21813 5.71 3648
10.96195 -12.02005 5.83 4189
10.96458 -12.02178 5.87 4368
10.94314 -10.35708 4.45 853
-7.96572 -11.14852 4.54 949
-1.34344 -10.94987 5.30 2305
8.86249 -11.04141 5.95 4785
-1.41258 -7.05726 4.68 1100
-2.08166 -7.18396 4.83 1333
-1.59720 -7.42922 5.74 3776
-13.30874 -8.57298 5.81 4133
3.76281 -8.11901 5.84 4226
-7.57945 -5.96623 3.95 487
7.23091 -5.62401 4.96 1545
-13.62250 -7.24545 5.52 2933
-2.16993 -5.54192 5.64 3357
10.85881 -6.31803 5.66 3434
11.95194 -6.77790 5.74 3765
13.12901 -6.78654 5.93 4691
-7.22023 -4.54736 4.43 828
-7.70070 -5.14612 5.70 3575
-12.25919 -4.35990 1.98 48
-1.26536 -2.81729 4.37 777
8.88879 -4.08760 5.63 3332
-10.31347 -3.59158 5.77 3915
-3.15670 -2.87442 5.79 4007
-4.87781 -2.39621 -1.46 1
-14.01221 -2.86279 5.14 1904
8.13957 -1.76739 5.33 2372
6.40953 -1.98758 5.70 3607
-14.55618 -2.61577 5.92 4612
1.23922 -0.87005 4.12 591
13.46403 -0.67411 4.94 1503
-3.64969 -0.22114 5.39 2560
5.36415 -0.85335 5.46 2726
-6.89666 1.09352 4.82 1309
11.27524 0.44311 4.97 1554
-1.29222 1.30713 5.00 1629
-4.36390 0.75509 5.29 2276
-4.64303 0.24295 5.32 2360
6.97273 0.79727 5.45 2689
12.04421 0.45694 5.70 3614
8.39187 1.59980 5.78 3969
-7.76350 2.20935 5.97 4887
-1.94827 4.05374 4.07 558
-9.62440 3.44503 5.15 1953
-12.13152 4.56692 5.22 2105
2.24731 5.07537 5.39 2534
-13.06708 4.19788 5.64 3375
4.41917 5.11589 5.78 3979
9.40462 4.60568 5.79 4039
-4.52062 6.69324 5.66 3449
9.97511 6.29871 5.75 3827
-10.13882 6.63605 5.93 4649
5.31305 6.02578 5.95 4778
14.13112 7.27168 3.93 481
-6.14751 7.97622 5.19 2027
-14.11025 7.49824 5.36 2466
4.83247 6.91073 5.90 4535
-4.21358 8.23089 5.07 1753
-9.65904 9.32911 5.43 2663
10.98624 8.29187 5.90 4534
0.13466 9.06848 5.96 4865
-10.76174 10.89041 4.60 1009
-13.90743 9.71160 5.27 2217
-10.75875 10.88812 5.40 2573
-10.75875 10.88812 5.60 3246
10.12515 10.17199 5.86 4328
0.66962 12.81679 5.20 2063
-8.12698 13.49844 5.52 2940
-9.56954 12.55117 5.60 3218
1.41327 13.37695 5.62 3289
7.75401 12.41095 5.82 4156
8.95662 12.69134 5.97 4883
