13.54345 -14.83857 4.44 836
0.63251 -13.46904 5.11 1849
2.33949 -10.13551 5.74 3767
-7.73158 -8.73474 5.81 4111
-3.85281 -6.37676 5.21 2079
-4.70996 -3.66934 5.31 2344
-9.28028 -2.76283 3.56 308
-13.65598 -3.70962 3.70 362
-7.98378 -1.99976 5.92 4634
-3.77505 -1.20735 5.41 2582
7.11847 -0.90887 5.68 3514
-1.34948 0.13647 4.00 518
-7.62018 2.73893 4.25 659
10.52890 2.84997 5.73 3726
4.01926 2.96705 5.85 4279
7.11196 3.24634 5.99 4990
0.68577 4.14303 5.82 4181
12.58389 3.17808 5.93 4670
-14.30031 5.96774 5.14 1906
3.05436 7.60754 5.93 4698
5.02325 9.38645 4.27 685
-12.74666 7.93237 5.85 4295
-5.10855 9.62978 4.75 1188
7.60687 9.80304 5.78 3994
-11.89483 11.40442 5.91 4598
-0.46042 13.40362 3.24 223
-0.45777 13.40402 4.35 754
9.85148 12.92299 4.58 984
14.45810 12.19867 5.71 3668
