-5.82265 -11.20423 3.17 206
-10.98345 -10.60471 4.48 877
-5.35070 -10.72086 4.50 899
7.97400 -8.15336 5.52 2925
0.93435 -8.38887 5.74 3755
-1.59439 -8.13492 4.59 998
-8.85337 -7.52545 4.83 1330
10.66372 -6.41236 5.10 1825
-11.23257 -6.72838 5.75 3828
4.12797 -7.79546 6.00 5053
5.87773 -5.18640 4.84 1349
11.72042 -3.63283 2.37 81
-8.29686 -3.79541 5.27 2225
-7.20085 -4.02050 5.47 2772
-0.02596 -4.37019 5.48 2814
9.65378 -3.78065 5.67 3461
6.54522 -3.57539 5.16 1957
-2.50609 -3.87413 5.20 2045
8.10889 -3.18556 5.80 4057
-0.51179 -3.53508 5.93 4692
-1.58700 -1.28988 3.80 408
8.96048 -0.06345 5.58 3137
10.29201 3.66759 1.79 35
-7.46481 2.60483 5.13 1900
-10.68233 4.06908 5.73 3728
-4.41841 4.44231 3.67 351
-7.48893 5.53938 4.67 1088
-11.78244 7.81042 4.60 1006
-9.29248 7.48998 5.58 3143
3.43102 7.81199 4.97 1557
5.92212 8.35184 5.12 1881
-12.23155 9.16495 5.47 2761
-11.63717 8.77946 5.64 3355
2.60789 7.10736 5.82 4166
-6.96522 10.18714 5.14 1913
13.75622 12.17299 5.30 2314
-7.51916 11.39422 4.76 1210
-6.62974 10.48998 4.80 1264
-11.88804 12.25253 5.88 4428
-2.73659 10.12637 5.94 4712
5.95996 10.75339 6.00 5069
-13.38858 14.68927 5.32 2365
5.30298 12.10262 5.75 3852
2.64207 12.18718 5.96 4859
11.05378 15.01024 3.84 431
-3.05411 13.75725 4.56 962
5.31795 13.00774 5.00 1625
11.60414 15.22006 5.20 2064
-2.18184 12.84055 5.69 3530
6.37621 14.34095 5.93 4689
