-1.03594 -13.30757 5.84 4230
-8.50928 -12.19237 3.88 461
7.16314 -11.80866 5.51 2896
-1.12805 -7.81219 5.35 2437
-10.90204 -6.46396 5.64 3364
-6.10455 -7.21906 5.73 3713
7.65509 -5.70264 5.24 2136
5.45048 -4.02661 4.71 1138
-5.53226 -4.09538 5.36 2455
-12.79321 -4.63562 5.56 3073
-11.32172 -4.60913 5.89 4463
3.43322 -3.54344 5.90 4516
1.68336 -1.63675 4.74 1171
10.24929 -1.60282 5.03 1677
1.18019 -1.74909 5.50 2859
-14.16132 -0.99412 5.85 4270
0.88240 -1.49213 5.90 4524
9.46580 -0.68750 3.83 424
3.79282 0.04855 5.58 3153
9.96258 -0.89567 5.72 3703
-3.51628 0.39078 4.48 878
-13.67592 0.97569 5.37 2497
-12.38820 1.81310 5.41 2591
2.16502 2.36080 4.21 634
-12.70085 2.66949 4.55 956
13.71319 2.67076 5.74 3782
10.99595 2.05737 6.00 5032
-2.39227 3.31899 5.85 4262
5.17852 4.12136 5.85 4277
2.69888 5.42113 5.77 3919
12.06073 5.17199 6.00 5043
-11.95751 7.09465 4.81 1283
10.91489 6.39668 5.08 1776
-10.07551 7.06746 5.62 3286
3.46553 7.51715 4.75 1184
10.37623 8.04195 5.05 1724
-10.98045 7.84411 5.25 2166
0.60086 8.94065 3.05 185
-5.80095 8.51008 5.14 1917
0.56333 8.56605 5.76 3867
-0.73495 10.91058 3.45 274
8.59393 11.73360 4.71 1142
12.59513 12.26401 5.89 4476
12.37098 14.08401 3.01 176
