4.00715 -13.03030 4.03 540
-3.08561 -12.68993 5.39 2552
-7.15480 -11.67940 5.00 1608
-3.76680 -11.06671 5.70 3590
6.38491 -9.61051 5.61 3264
-8.30229 -8.27093 4.80 1255
-6.62888 -8.97871 5.03 1674
-8.93533 -8.31348 5.10 1822
7.80348 -8.77008 5.42 2627
1.85741 -8.88794 5.44 2681
-7.77118 -8.44925 5.85 4268
-11.00407 -5.78025 5.23 2122
-13.74514 -5.61891 5.89 4489
-0.53739 -7.88055 5.94 4745
-7.14791 -5.41738 4.47 866
-11.19207 -4.16188 4.84 1338
-2.78989 -6.56326 5.27 2234
12.89992 -3.45233 5.32 2353
8.75906 -4.80517 5.60 3236
1.93329 -4.96055 4.29 711
-7.12995 -3.05638 5.80 4103
-13.00930 1.39267 5.80 4096
-4.21694 -1.51635 5.87 4366
11.71394 1.46923 4.80 1257
-5.66533 1.78834 5.44 2668
12.04492 3.46637 5.97 4890
-5.41252 2.38233 4.63 1040
12.52306 5.59881 5.92 4640
-11.94175 6.97577 5.16 1975
-0.66747 3.47391 5.94 4752
3.06475 5.62193 5.43 2634
3.76093 4.78162 5.74 3758
-7.98950 7.52960 4.87 1386
2.32046 5.69906 5.96 4872
10.36625 12.81220 4.55 957
-12.03629 12.52333 5.22 2094
-11.07761 13.85268 5.38 2525
-5.75570 11.65326 5.45 2716
8.35013 13.24024 5.73 3747
2.74527 13.00589 5.05 1722
11.59240 18.63708 5.42 2608
7.61326 15.36645 5.45 2693
-5.84678 14.22522 5.49 2831
-11.50612 18.96664 5.64 3363
