-6.21904 -12.32002 4.41 817
-8.73365 -11.35554 5.79 4028
-3.58225 -13.10766 5.95 4783
-8.58075 -10.08999 5.68 3506
8.48617 -10.31128 5.22 2094
-2.99083 -9.88297 3.21 216
-12.90281 -5.61098 5.95 4769
7.73384 -8.85689 5.38 2525
11.96402 -5.11100 5.45 2716
-7.08350 -6.77771 5.50 2861
-7.29700 -6.72639 5.83 4206
-12.27745 -3.99034 5.91 4546
9.63747 -4.05794 5.49 2831
3.19544 -6.95291 5.64 3363
-10.39140 -0.96444 5.39 2551
-9.00211 -2.56115 5.97 4886
10.79752 -0.03759 5.10 1809
11.13364 0.86212 5.43 2642
-9.99747 0.57857 5.46 2731
-10.35180 0.27882 5.96 4833
11.41898 2.71185 5.07 1764
7.04490 -2.53787 5.78 3960
7.96846 -1.73495 5.95 4809
-8.33498 0.86399 5.75 3808
-3.67876 -1.78112 4.74 1169
8.11835 2.62215 5.46 2750
7.51534 2.86226 5.57 3122
1.30446 -1.67172 5.62 3284
-2.82186 -0.36491 4.71 1130
5.19204 2.18534 5.61 3273
-2.39662 0.98118 5.90 4533
-4.60119 7.84158 4.36 764
-2.80184 2.31150 5.27 2215
-4.07992 7.75732 5.79 4049
1.08161 1.83675 4.25 658
3.90546 4.36740 5.86 4323
-0.84534 3.25969 5.58 3165
3.85571 8.28282 5.07 1759
0.54971 6.01312 2.02 52
