-0.78423 -12.59931 5.47 2756
-3.04122 -12.47931 5.28 2257
0.12226 -10.30685 5.49 2841
-1.16272 -8.32463 5.77 3911
-7.09241 -17.06822 5.57 3105
4.06269 -7.80215 5.69 3538
1.58521 -7.04156 5.77 3918
1.52246 -2.87163 5.11 1841
-3.77935 -4.46523 5.29 2296
1.74506 -3.11501 5.73 3718
2.30229 -3.29708 5.28 2251
5.46035 -5.76166 5.87 4342
-1.73606 -2.01979 4.15 607
-7.75579 -4.58837 5.91 4550
-3.37472 -1.04011 5.10 1826
-1.73470 -0.28062 5.35 2447
-8.25086 -4.42362 5.77 3936
11.12381 -3.63513 5.28 2248
1.63976 1.56859 5.75 3812
-7.17110 2.04715 3.76 388
-9.88457 1.14677 5.15 1954
-4.55588 2.80213 5.51 2892
0.99680 3.55473 5.81 4139
4.91175 3.07021 2.80 132
3.17606 3.73948 4.78 1235
4.53742 2.92772 5.97 4905
-6.22981 4.29613 5.95 4803
1.43184 4.23435 6.00 5028
-12.05876 1.02587 6.00 5079
7.75002 5.49980 5.07 1766
-12.44312 5.87902 5.68 3513
-5.78448 9.99505 5.29 2293
4.89931 11.35485 5.59 3214
-6.32504 12.49955 5.78 3986
