6.78242 -13.36942 4.07 564
0.67475 -13.27637 5.28 2246
-5.85006 -13.65300 5.43 2646
3.73796 -13.47405 6.00 5076
-0.68347 -11.36519 5.58 3155
-6.20092 -9.95062 4.33 734
-6.20092 -9.95062 5.23 2124
3.97388 -10.64994 5.25 2193
8.04711 -9.28276 3.47 277
-9.14364 -9.34358 4.62 1020
-6.85094 -9.48241 5.88 4436
-10.91818 -8.63337 5.91 4603
14.67848 -8.02493 2.53 94
14.70019 -7.65442 5.61 3261
-13.30679 -6.08450 4.44 842
5.43338 -6.02795 4.86 1372
5.48258 -4.24407 5.82 4174
5.64015 -3.08303 5.81 4110
2.76470 -2.10212 4.28 693
-2.36910 -1.57400 4.37 782
13.56532 -1.31375 4.70 1125
-2.92991 -1.95077 5.63 3348
12.37496 -2.07377 5.97 4898
-11.78370 -1.01153 4.26 676
8.43783 0.23705 4.27 679
1.62110 0.83926 5.47 2783
13.83566 1.42436 5.95 4804
-9.84104 1.54887 5.94 4739
8.38307 3.44989 5.18 2017
-14.52950 3.22121 5.57 3125
5.57427 3.39727 5.68 3504
-5.81845 4.81839 5.94 4763
10.51308 7.16643 5.49 2829
-2.30398 7.25974 5.71 3626
8.16978 7.41078 5.77 3946
-10.55937 9.78761 5.84 4245
-13.45338 9.14600 5.97 4909
-7.47331 10.88624 5.10 1813
9.69610 10.46734 5.22 2085
12.07217 11.35951 5.63 3317
9.41816 11.60927 5.82 4169
11.84944 11.78522 5.91 4563
-8.70208 13.00777 4.75 1192
-8.70202 13.01091 4.83 1312
-0.61270 13.69589 5.62 3301
-3.06848 13.15134 5.70 3602
