-3.86653 -12.61078 5.32 2353
-8.15935 -11.90016 5.60 3236
9.52250 -11.90524 5.92 4610
1.44215 -10.19712 5.14 1924
1.69867 -8.35346 5.12 1872
11.50550 -6.76355 5.32 2365
6.39755 -8.31955 5.64 3350
-2.56742 -7.69260 4.80 1257
2.40753 -5.64434 5.68 3502
-1.34481 -6.09331 5.97 4890
0.05763 -4.45674 5.92 4640
-12.50667 -0.00499 5.94 4752
10.17108 -1.38640 5.98 4968
7.48481 -0.21026 5.41 2594
-8.13838 0.07132 5.43 2634
-7.93093 -1.00216 5.74 3758
-8.75769 0.49966 5.96 4872
8.17185 2.78432 5.54 3005
1.54728 2.77511 4.55 957
0.03422 4.10622 5.73 3747
-4.88664 6.62568 5.05 1722
5.21217 7.10879 5.42 2608
0.38781 6.26932 5.45 2693
-11.83986 11.94244 5.49 2831
-7.82411 10.46257 5.10 1809
-6.94059 10.05883 5.43 2642
8.40392 12.09886 4.29 712
-5.10856 9.63677 5.07 1764
-10.14793 14.47164 5.78 3960
-9.37748 13.45789 5.95 4809
2.31122 10.46453 4.96 1540
8.81005 15.27274 5.26 2199
9.38410 21.41463 5.28 2249
-4.96458 12.95543 5.46 2750
-4.67877 13.54901 5.57 3122
-8.92128 20.42259 5.62 3284
9.37655 21.40936 5.85 4302
6.79106 16.53099 5.50 2868
-5.19831 15.99006 5.61 3273
