14.13101 -10.91716 4.03 540
7.06732 -12.22716 5.39 2552
2.86788 -12.17897 5.00 1608
-7.24790 -11.07542 5.59 3215
6.00617 -10.80446 5.70 3590
0.93361 -9.14340 4.80 1255
2.72000 -9.44039 5.03 1674
0.33479 -9.33122 5.10 1822
10.98155 -7.36346 5.44 2681
1.48858 -9.19271 5.85 4268
-2.26069 -7.36724 5.23 2122
-4.91208 -7.84929 5.89 4489
8.38047 -6.94602 5.94 4745
1.35409 -6.11328 4.47 866
-2.83030 -5.85228 4.84 1338
5.85708 -6.19595 5.27 2234
-8.73649 -4.74260 5.78 3989
10.08846 -3.50591 4.29 711
-9.25016 -2.22581 4.52 921
0.79882 -3.82537 5.80 4103
-7.09190 -2.18533 5.95 4776
-12.66480 0.92394 4.99 1590
-5.89517 -0.94372 5.80 4096
3.23911 -1.63618 5.87 4366
-10.75712 3.45045 4.54 939
-12.91454 4.03371 5.18 2025
1.03540 1.21268 5.44 2668
1.13509 1.84896 4.63 1040
-9.78855 5.31506 3.98 511
-6.22097 4.67189 5.16 1975
5.47080 4.07749 5.94 4752
-11.74913 7.22145 5.28 2250
8.59563 7.10470 5.43 2634
9.48696 6.46053 5.74 3758
-2.58743 6.18157 4.87 1386
7.84628 6.99179 5.96 4872
-7.63994 9.96538 5.22 2094
-7.05024 11.48099 5.38 2525
-1.44242 10.71771 5.45 2716
11.92871 15.91590 5.73 3747
6.46801 14.21637 5.05 1722
10.67328 17.80063 5.45 2693
-2.15201 13.17389 5.49 2831
-8.68049 16.26740 5.64 3363
