6.35812 -12.66600 5.19 2029
4.73047 -12.46721 5.78 3975
-2.38231 -11.29996 5.02 1660
-5.26596 -10.18305 4.79 1240
-13.92069 -8.50743 5.87 4375
-3.31055 -8.76544 5.25 2181
-4.14932 -7.41314 5.02 1662
-0.57772 -6.73230 4.90 1424
5.15418 -6.37910 5.77 3907
8.68991 -4.73661 5.65 3402
-0.72115 -4.51359 5.86 4314
-0.82089 -5.10481 5.87 4378
-7.05207 -4.20751 5.90 4541
12.68623 -2.21291 5.45 2702
3.68570 -3.68880 5.58 3142
-13.59955 -1.56684 5.73 3748
-2.78424 -1.60155 5.22 2095
9.43490 -1.92570 5.56 3084
6.59579 -2.17771 5.72 3674
8.56309 -1.14582 5.92 4606
-13.14047 -0.15783 5.96 4851
5.97837 -0.81586 4.64 1052
-7.84663 -0.51857 4.91 1443
4.12453 -0.60583 5.05 1721
6.63655 -0.11760 5.36 2450
-13.40205 1.26115 5.89 4444
9.62385 1.30970 5.27 2240
2.85929 2.02245 5.47 2773
5.27749 2.81166 5.80 4095
3.69386 3.03113 5.92 4631
-7.81369 5.25889 5.36 2469
-12.13723 7.18979 3.72 367
-12.64511 9.34344 4.99 1580
4.47869 7.43741 5.45 2694
7.12489 8.38387 5.92 4636
-6.41941 9.03542 5.64 3377
-4.21534 9.60920 5.85 4259
14.07527 10.79144 5.85 4292
-14.12658 10.31398 5.94 4748
-2.46471 9.92893 5.35 2445
-0.49384 11.61998 4.35 756
7.73648 12.64987 4.99 1599
-6.01519 11.98574 5.21 2076
-8.94410 13.18641 5.36 2456
-5.33003 11.54618 5.88 4434
12.75880 13.06231 5.93 4699
-7.20612 12.99445 4.48 879
-2.42875 13.11129 4.87 1388
2.79342 13.40826 5.20 2053
-11.33537 15.09883 5.20 2065
-1.21989 13.07344 5.33 2388
-7.70311 14.49052 5.35 2421
13.68345 15.28153 5.64 3351
10.93784 13.77238 5.77 3935
-6.70653 13.43513 5.94 4759
