-12.23249 -14.45427 4.53 935
-7.94463 -13.69690 5.01 1631
-9.92215 -13.09458 5.37 2490
6.84449 -11.48222 3.68 352
0.40089 -11.10353 4.83 1332
-8.82799 -11.75587 5.60 3234
8.70613 -11.03091 5.21 2077
-4.57858 -10.65898 5.31 2336
3.06162 -9.89293 5.65 3422
-4.93838 -10.37795 5.82 4151
-6.64144 -7.49073 4.79 1241
5.89743 -6.38472 4.89 1412
9.01583 -6.41594 5.87 4358
-10.93024 -5.84383 3.96 497
-11.06329 -5.09699 4.59 997
-13.58433 -5.25081 4.64 1054
9.30284 -4.00269 4.01 519
10.84296 -4.06691 4.89 1411
-13.99186 -3.38839 5.77 3938
-12.68671 -2.98355 4.50 902
-12.68390 -2.98602 4.62 1021
5.49592 -1.81371 5.27 2231
-11.48723 -2.26535 5.64 3367
0.86898 -1.84874 5.90 4514
4.73605 -2.59777 5.96 4871
-9.87242 -1.58470 4.50 894
-13.00465 -1.00768 4.70 1128
-3.88967 0.90939 2.81 135
-9.57984 -0.07809 3.34 244
1.58288 1.29924 5.28 2260
-9.65963 -0.15515 5.33 2376
-11.08818 0.08803 5.62 3306
-14.71777 -0.23492 5.85 4303
-6.58912 2.19511 5.11 1854
1.54913 2.52276 5.68 3508
-7.32290 2.76046 4.20 628
6.06019 3.10588 5.05 1727
-10.43378 3.11194 5.90 4530
-9.08528 5.04401 5.63 3329
-4.08654 6.05966 5.38 2523
0.43676 6.75469 5.58 3144
-3.56687 7.87913 4.40 803
3.73339 7.41617 5.42 2623
-14.15371 6.82123 5.74 3765
-12.98090 6.95104 5.93 4691
-6.59743 8.98715 4.61 1014
11.60041 9.01690 5.75 3799
-10.05148 10.50917 5.18 2011
0.62859 10.20833 5.75 3813
-3.50203 12.05494 5.68 3505
12.99340 11.93102 5.86 4332
12.20164 11.14943 5.96 4852
7.25847 12.41066 4.88 1396
-13.38523 13.15295 4.94 1503
-2.22542 12.71523 4.99 1587
