-12.46293 -12.84177 5.10 1821
10.69360 -12.94190 5.33 2381
6.61353 -12.67569 5.83 4188
-10.82925 -13.19683 5.93 4661
-12.87741 -10.62710 3.53 297
14.06570 -11.27683 4.66 1080
-10.44508 -11.53069 5.22 2098
2.49903 -11.59587 5.30 2312
2.00969 -10.12993 5.99 4988
-6.04912 -9.50884 5.89 4485
-4.87755 -7.62703 3.57 312
9.94418 -7.85334 5.75 3793
-14.25228 -6.42602 5.82 4153
-15.08806 -7.42319 5.85 4280
6.46830 -8.09702 5.98 4955
-11.43644 -6.40647 5.03 1667
-4.91532 -5.70921 5.31 2342
3.24132 -6.13305 5.73 3719
0.28908 -6.32244 5.83 4201
-7.38021 -4.07917 4.06 555
-1.99137 -4.42079 4.97 1556
-10.43759 -2.65187 3.79 402
1.06637 -3.01830 4.94 1513
-9.17272 -2.57147 5.01 1634
6.12608 -3.69005 5.14 1923
8.03516 -2.66836 5.57 3097
-13.44392 -2.27366 5.71 3627
-10.81477 -2.84721 5.76 3864
-4.44439 -2.63712 1.14 16
14.14304 -1.00248 4.02 533
-5.00908 -1.44081 4.28 690
-9.29843 -2.28430 5.05 1730
3.91441 -0.41458 5.64 3384
-7.31528 1.52055 5.33 2386
-7.40558 2.80391 1.98 46
-7.40556 2.80430 2.88 149
-9.02615 2.76540 4.18 622
11.10059 4.34447 5.94 4743
-3.57895 4.73660 5.14 1925
-5.90054 6.44376 4.90 1425
-6.04610 7.09470 5.56 3091
-10.53608 9.82803 5.13 1895
9.66881 9.26618 5.78 3959
-3.65732 10.41926 5.18 2009
-5.36849 11.65341 5.73 3727
8.99869 11.45234 5.90 4507
-13.07594 13.76613 4.90 1428
