4.92417 -12.93551 5.47 2779
-12.39466 -11.38017 5.09 1805
0.85074 -12.13598 5.18 2024
-4.70405 -8.92349 6.00 5055
-9.82832 -6.38210 5.27 2222
8.20568 -7.08468 5.88 4429
-14.29116 -2.89828 3.17 206
-13.74992 -2.48710 4.50 899
-0.18362 -1.82361 5.52 2925
-7.14264 -1.07135 5.74 3755
-9.62435 -0.46394 4.59 998
2.69318 -0.50328 5.10 1825
10.87281 0.77861 5.63 3341
-3.89982 -0.93783 6.00 5053
-1.79555 1.37334 4.84 1349
12.93021 2.43003 5.27 2223
8.82975 1.89994 5.75 3825
4.14075 2.05803 2.37 81
-7.52328 3.03510 5.48 2814
2.10962 2.21021 5.67 3461
14.30883 4.18874 5.84 4253
-0.90071 2.86137 5.16 1957
-9.93650 3.89416 5.20 2045
0.69071 3.01771 5.80 4057
-7.88907 3.93628 5.93 4692
-8.64576 6.33732 3.80 408
1.99605 5.96979 5.58 3137
3.87041 9.46539 1.79 35
-14.05700 11.18190 5.13 1900
8.70207 9.23936 5.48 2807
7.98979 10.08768 5.83 4223
-10.69086 12.56209 3.67 351
-13.67278 14.18057 4.67 1088
