-7.09042 -12.89574 4.13 595
8.15050 -11.63707 4.90 1434
-7.65675 -11.60674 5.46 2721
1.59432 -11.46310 5.97 4878
-7.05923 -10.28313 5.70 3586
-4.81371 -11.06426 5.86 4324
11.75971 -11.37236 5.94 4733
-1.78770 -9.09311 5.54 2990
-7.91815 -8.61577 3.51 289
-11.72442 -9.08835 4.53 936
-6.77338 -8.43059 4.96 1538
-6.72406 -8.20626 5.07 1751
3.94841 -7.60936 5.40 2576
8.08920 -7.66055 5.61 3257
-2.52947 -8.02584 5.81 4147
3.55332 -7.21221 5.92 4642
5.55431 -6.31117 4.01 521
5.66662 -6.79124 4.29 705
-8.82040 -6.11856 5.25 2168
-10.90084 -6.50680 5.46 2746
-5.10881 -4.52359 5.37 2493
-2.76910 -5.09294 5.49 2823
-2.59485 -4.74858 5.61 3274
7.33376 -5.04885 5.71 3646
-6.99285 -5.10519 5.72 3685
-13.32426 -5.76450 5.77 3906
-13.32426 -5.76450 5.77 3909
-6.72387 -3.43058 4.64 1048
0.79186 -2.87414 4.75 1191
-0.93642 -3.71973 5.36 2453
14.19402 -3.70768 4.13 596
-12.09173 -2.64829 5.47 2753
-12.64027 -2.75641 5.86 4307
2.54104 -2.62941 5.88 4417
6.21621 -1.05481 3.97 504
2.17379 -0.70586 4.59 991
-3.19638 -0.61155 5.24 2155
8.97443 -0.47833 5.89 4488
2.65600 0.86585 4.11 581
-7.29456 0.12412 5.16 1971
13.71051 -0.82650 5.33 2396
-3.96633 0.34628 5.43 2632
-10.11503 1.31864 5.10 1817
-4.36066 2.20052 5.13 1885
-8.41626 1.01046 5.64 3356
-7.12280 1.48564 5.65 3388
0.88627 2.38866 5.74 3781
2.56083 2.83837 4.11 582
-0.34902 3.96373 4.87 1392
1.75587 4.01012 4.93 1479
1.75587 4.01012 4.99 1583
-0.90596 3.63662 5.38 2500
-11.69641 3.78924 3.11 195
-10.24676 4.06854 5.34 2415
-10.14222 4.67888 5.55 3054
-4.37712 5.89188 4.87 1384
5.51015 6.14571 5.59 3203
-10.20896 7.26044 1.85 37
-7.54527 9.37497 5.28 2242
-8.38797 9.35802 5.34 2412
1.31197 12.35436 5.50 2879
13.59744 10.42318 5.52 2930
-10.46550 12.35409 5.60 3230
