3.85828 -13.64335 4.12 592
0.10310 -12.89364 5.06 1734
-7.71102 -13.33163 5.84 4254
8.49554 -11.22365 4.60 1004
-2.38032 -11.75832 5.94 4705
10.37409 -10.27593 3.61 329
10.19854 -10.92032 5.31 2347
-10.44953 -10.28318 5.77 3894
13.36873 -10.61983 6.00 5052
-6.84163 -9.66208 4.79 1243
-6.62531 -6.29888 4.80 1261
-4.21384 -5.03409 1.98 47
4.24921 -4.27248 5.05 1712
12.88716 -4.35557 5.24 2145
-10.37020 -5.29999 5.46 2722
-7.93162 -5.19679 5.47 2786
-10.68012 -5.03106 5.60 3228
10.55629 -4.79120 5.65 3416
10.27854 -4.77193 5.91 4574
-7.95865 -1.89803 5.24 2143
-4.16461 -1.47868 5.38 2516
-1.85814 -1.25537 5.56 3066
-4.98500 -0.17507 5.59 3216
15.01502 1.16651 5.97 4916
-3.71627 3.05254 4.60 1010
-0.04917 5.29001 3.91 473
-2.75167 5.23094 4.57 976
9.64343 6.34796 4.49 887
-13.18177 6.18940 5.67 3491
2.20367 9.33670 5.65 3396
-8.87808 10.09092 3.88 459
-0.53476 13.33993 4.68 1102
11.43277 13.35813 5.77 3899
