-3.06999 -13.50802 1.96 45
11.47397 -14.40738 3.54 300
-13.69542 -14.61645 5.70 3611
-0.95815 -13.79434 5.71 3617
-12.05029 -13.92369 5.87 4395
-3.64894 -11.29901 4.86 1378
-6.73327 -11.53552 5.09 1802
5.43249 -11.80999 5.11 1851
-4.16617 -11.25077 5.19 2039
7.64239 -12.46870 5.45 2684
-4.24911 -11.79675 5.48 2821
-3.67286 -11.28103 5.52 2936
-11.43480 -12.29018 5.53 2972
8.93872 -12.97387 5.56 3069
-4.10091 -11.19051 5.61 3283
-5.78738 -11.60894 5.69 3547
-13.20676 -12.48006 3.47 279
-4.10815 -11.06021 3.62 336
-0.76933 -10.64609 4.69 1104
0.36880 -9.89668 5.23 2128
-7.86503 -10.31317 5.85 4282
7.36916 -9.03162 5.01 1637
-7.37179 -9.69513 5.17 1990
3.91776 -8.43828 5.26 2210
6.45730 -9.29770 5.45 2688
4.00837 -9.15243 5.87 4340
11.66524 -9.52810 5.93 4694
-10.24329 -7.93823 5.51 2902
12.10215 -8.32451 5.72 3692
-5.23410 -8.42037 5.80 4090
-12.11644 -8.82024 5.95 4808
8.24957 -6.48102 4.35 752
-13.90627 -7.25564 4.41 811
-5.59299 -7.02449 5.01 1648
7.60700 -5.91779 5.12 1859
-3.62033 -6.71882 5.16 1964
-8.53362 -5.31004 4.82 1306
-4.06207 -4.36530 5.51 2889
-11.55283 -6.02078 5.70 3610
-11.13650 -5.63926 5.82 4155
-0.46981 -4.90121 5.87 4372
-4.26607 -5.51289 5.90 4502
-1.67646 -4.62542 5.91 4551
-11.75995 -4.15836 1.78 33
0.96901 -2.88039 3.75 382
-11.76853 -4.17263 4.27 680
-4.36477 -3.30617 4.77 1223
-0.26247 -3.06222 5.18 2026
-11.58631 -4.97472 5.23 2115
-7.11150 -4.37179 5.33 2373
-1.42446 -3.46834 5.33 2383
3.15278 -3.27298 5.92 4607
-4.55727 -2.39879 3.84 425
-3.32168 -1.49952 3.91 475
12.22003 -3.12485 4.58 983
-2.22486 -2.12780 5.10 1824
-10.87414 -3.53698 5.13 1884
12.21467 -2.62666 5.62 3287
11.90233 -3.61631 5.73 3731
5.32736 -1.62220 5.75 3834
-3.00951 -1.64272 5.75 3847
-11.32394 -3.11787 5.76 3874
2.71998 -2.21934 5.79 4011
-7.15982 -2.16654 5.99 5006
-2.45750 -0.46076 4.93 1485
-12.90653 -1.43633 5.05 1726
11.98306 -1.94244 5.08 1775
-4.34073 -0.68440 5.23 2130
-3.21445 -1.31803 5.46 2729
-4.68617 -0.40297 5.71 3632
13.13854 -1.49985 5.71 3642
-10.91271 -1.92420 5.83 4185
-7.43964 0.02724 4.99 1601
2.68728 0.13487 5.00 1614
4.01901 0.90509 5.12 1879
-12.44032 0.24503 5.21 2078
11.34572 -0.47780 5.55 3058
-7.59517 0.79262 5.79 4026
3.47431 1.09511 5.85 4258
1.98900 2.12318 2.21 66
3.59713 2.35050 5.25 2194
9.51956 1.93587 5.50 2852
3.10248 1.84043 5.57 3129
-3.93310 3.13020 4.07 561
-5.60651 2.56802 4.14 605
-12.22100 1.87061 4.75 1186
-8.69261 3.46561 5.47 2774
5.55290 3.66607 5.58 3174
-8.83363 2.59615 5.98 4964
-2.45520 3.95364 6.00 5049
0.02322 5.13719 4.45 846
0.34386 4.29741 5.55 3059
8.03584 5.86994 3.60 322
-12.07932 5.59508 4.44 843
-5.16225 6.35617 5.20 2048
8.43671 5.57976 5.35 2436
-2.71027 6.38252 5.48 2795
-12.94658 6.50765 4.45 850
4.50894 7.58474 5.33 2369
3.11348 7.83772 6.00 5056
4.20729 8.75236 4.94 1508
-1.93483 8.60944 5.82 4159
-7.07959 8.19859 5.96 4870
4.32336 10.35912 4.62 1025
-4.17127 10.73733 5.76 3870
4.09182 10.10453 5.86 4333
13.69352 9.86156 5.97 4880
-11.54907 10.87094 4.45 855
-12.90574 11.19541 5.08 1770
-10.79422 11.19918 5.20 2068
10.52663 11.77804 5.98 4940
-5.64444 13.25592 3.97 503
8.22344 12.18275 4.51 913
-13.12824 11.77392 4.78 1224
-11.84463 12.56205 5.58 3136
-9.12237 13.30127 5.75 3841
-13.00368 12.37591 5.78 3950
8.90662 12.46405 5.87 4339
