11.53414 -6.92585 4.55 957
-10.58904 -9.12219 5.22 2094
-9.70849 -7.73792 5.38 2525
-4.32836 -9.44440 5.45 2716
9.48993 -6.67997 5.73 3747
3.97467 -7.38766 5.05 1722
12.04464 -1.23077 5.42 2608
8.52961 -4.68199 5.45 2693
-4.58944 -6.93043 5.49 2831
-10.37025 -2.86666 5.64 3363
-0.55213 -5.88948 5.10 1809
0.38566 -5.72260 5.43 2642
2.10867 -5.03541 5.07 1764
-4.58192 -3.94410 5.78 3960
-3.42469 -4.32999 5.95 4809
7.70886 -0.16011 4.96 1540
-9.37613 5.73025 4.74 1169
0.39712 -2.26444 5.46 2750
0.30342 -1.62744 5.57 3122
-6.73546 1.44351 5.62 3284
-7.69954 5.69501 4.71 1130
7.92347 7.20091 5.50 2868
-1.43725 0.02768 5.61 3273
-6.30898 6.00143 5.90 4533
-1.46320 11.37045 4.36 764
-5.35674 7.02450 5.27 2215
-1.27394 10.87140 5.79 4049
-3.80328 3.40425 4.25 658
-0.20099 2.23174 5.86 4323
-3.54247 5.79390 5.58 3165
3.13750 4.23351 5.07 1759
-0.45951 5.96091 2.02 52
