11.61150 -12.63552 5.40 2579
8.16710 -13.29307 5.74 3772
-10.04795 -11.41886 5.28 2267
-3.18740 -11.77426 5.58 3168
7.32130 -12.01989 5.94 4736
9.60214 -10.38962 4.76 1209
4.47869 -9.98597 5.02 1661
-3.10862 -10.16707 5.86 4319
-0.86783 -9.39972 2.69 115
5.23728 -9.00237 4.54 943
5.72184 -8.16412 5.03 1668
5.44658 -8.46883 5.41 2604
-14.16747 -7.97256 5.72 3701
-10.13833 -7.86184 5.76 3875
-11.26175 -6.90696 4.93 1475
7.85650 -7.31841 5.07 1757
-10.15395 -7.62114 5.73 3744
7.62751 -7.45104 5.94 4742
4.63648 -7.72138 5.96 4854
-2.02561 -4.50028 4.78 1230
14.01028 -2.74196 4.74 1173
-2.74426 -3.40484 4.88 1405
-0.20096 -2.89013 4.94 1500
6.72386 -3.36264 4.99 1600
3.60144 -2.01017 4.86 1379
-13.95929 -1.71640 5.51 2911
-4.88706 -2.23559 5.99 5020
13.76254 -0.18569 3.97 502
13.12983 -0.22801 4.52 922
0.08070 -0.82886 5.95 4801
5.01708 0.27083 4.71 1135
-11.80396 1.41896 4.71 1139
-3.46299 0.49315 5.97 4899
1.67785 1.70641 3.17 209
0.63971 1.47567 3.75 381
-6.00740 1.93388 4.25 662
5.57369 2.64877 5.23 2121
5.23026 1.63944 5.52 2944
5.90628 1.60322 5.54 3009
-10.18749 3.06763 5.92 4635
7.92423 2.35572 6.00 5033
4.59736 3.95132 5.48 2789
-1.81769 3.56391 5.71 3656
0.48725 5.24485 2.99 170
-4.26468 4.72274 5.29 2292
14.58142 8.14235 1.90 41
3.99324 8.34900 0.08 6
14.44668 9.53173 4.26 675
-9.14438 9.49912 4.85 1351
2.52263 9.62460 5.68 3516
-11.98990 11.63237 4.04 544
-10.39719 12.37514 4.14 600
-2.02063 12.09295 5.66 3436
-4.28290 11.57843 5.67 3465
14.13481 13.83199 5.96 4851
10.32277 14.39391 5.47 2758
-3.72158 13.90284 5.87 4377
13.35760 15.07938 5.89 4444
