-5.90114 -13.63382 2.89 153
-1.34964 -13.14287 4.71 1139
7.08929 -13.12166 5.97 4899
12.15587 -11.27242 3.17 209
11.12696 -11.63261 3.75 381
4.34706 -11.94985 4.25 662
0.06187 -11.29497 5.92 4635
-8.86314 -9.75985 3.77 397
8.34852 -9.80041 5.71 3656
10.44984 -7.82290 2.99 170
5.74306 -8.92815 5.29 2292
-7.28387 -6.57098 5.66 3450
13.56247 -4.27340 0.08 6
-8.16850 -5.48861 5.66 3437
0.36674 -4.79944 4.85 1351
-11.35379 -4.55476 5.31 2333
11.89680 -3.19640 5.68 3516
-8.54527 -2.51784 3.01 177
-2.61416 -3.08625 4.04 544
-11.35557 -1.83237 4.36 762
-5.52516 -2.70106 5.37 2492
-1.15983 -2.16899 4.14 600
-9.95175 -1.76898 4.23 647
-10.98741 -1.85107 5.47 2784
7.04133 -1.36415 5.66 3436
4.87807 -2.15724 5.67 3465
-5.96600 -1.59038 5.76 3885
-11.32113 -1.68591 5.82 4148
-12.31674 0.95920 1.79 34
-11.27870 0.27886 4.67 1094
-11.68072 -0.27904 4.98 1579
-12.73299 0.12318 5.29 2297
-11.30900 0.76048 5.58 3156
5.14544 0.16522 5.87 4377
-13.07443 -0.01300 5.93 4697
-2.93123 0.54728 4.29 710
-0.38419 0.40587 4.61 1011
-13.80315 2.78591 5.03 1683
-13.40629 1.50396 5.03 1688
-13.47992 1.69972 5.15 1931
-5.07498 1.15275 5.28 2258
-0.17110 0.06717 5.45 2691
0.04137 1.26109 5.55 3051
9.94362 2.98514 5.00 1612
7.47839 4.40404 5.75 3811
7.56860 5.64429 4.47 865
4.10156 4.36413 5.05 1729
-0.66783 4.95656 5.19 2037
4.07710 4.90487 5.35 2418
2.43175 5.41547 5.77 3916
-9.14840 7.59250 5.98 4951
-9.75818 8.37259 5.09 1804
6.86994 7.65650 5.52 2922
-14.10502 11.17059 4.76 1198
5.29331 9.56909 5.30 2315
0.35430 8.94985 5.88 4437
11.76746 11.78710 5.28 2244
-0.52642 10.83499 5.71 3631
-12.02651 11.26492 5.79 4047
-4.81756 11.22863 5.80 4068
-8.97017 13.10916 4.54 953
8.24341 13.11059 5.08 1773
-8.86544 14.61948 4.21 633
-2.76403 12.72686 5.06 1749
-6.48600 14.25631 5.76 3882
