-8.28472 -13.92220 5.55 3058
13.29961 -14.04984 5.80 4058
3.10547 -13.35776 5.91 4594
-10.63300 -11.96904 5.50 2852
-1.12973 -11.19159 5.60 3226
10.03843 -12.77143 5.81 4132
-1.34698 -9.81368 3.85 440
10.30517 -10.56089 4.39 792
12.08369 -11.37744 5.15 1951
0.59922 -9.14956 4.83 1322
-0.39395 -9.17385 5.96 4853
-2.41118 -9.27078 5.98 4948
-12.98706 -8.42300 3.60 322
-12.52356 -8.61726 5.35 2436
-1.63412 -7.35627 5.90 4500
4.03105 -6.34697 5.38 2506
0.94227 -4.13007 5.33 2370
10.06934 -3.41717 4.60 1002
-8.35696 -3.33266 5.97 4880
-11.83372 -2.14963 5.98 4940
-14.18292 -2.22888 4.51 913
-5.86879 -1.37909 5.23 2111
12.54845 -1.82359 5.43 2656
-13.56960 -1.81968 5.87 4339
8.52083 0.97771 5.61 3281
11.22904 1.19430 5.71 3658
-6.70365 1.97730 5.84 4236
-12.50587 3.24172 5.63 3331
6.56089 2.95352 5.64 3360
2.10248 5.37622 4.25 666
8.26225 4.27186 5.88 4438
2.83496 5.99693 5.56 3072
2.83431 7.29963 5.58 3150
-0.56405 8.25651 5.34 2399
-10.98419 9.55061 4.79 1251
5.28802 10.35902 4.89 1421
14.02740 9.97308 4.94 1492
14.22596 9.96310 5.71 3628
-8.06324 12.32045 4.88 1398
-13.60167 12.86137 5.70 3579
