9.53685 -16.28319 4.26 671
-9.70296 -16.61859 5.45 2713
-12.74829 -19.89114 5.47 2785
-8.40948 -15.08326 5.53 2979
-3.39375 -13.53700 5.79 4012
3.77371 -14.04057 5.97 4911
3.76416 -12.33070 4.11 583
9.37855 -14.25336 4.91 1438
-3.85892 -12.86891 5.47 2771
-5.84602 -11.31443 4.35 750
-6.25616 -10.62485 4.07 560
11.04222 -12.49789 5.04 1701
0.50022 -9.32940 5.45 2705
12.18181 -11.32723 5.18 2007
9.51246 -10.52929 5.65 3406
4.17276 -5.92078 4.00 516
-2.01915 -6.81517 5.29 2294
-2.03652 -6.59549 5.86 4329
5.02197 -4.95477 4.93 1472
-7.53094 -5.90250 5.29 2274
-0.83748 -4.23761 5.47 2782
-11.73384 -6.52699 3.95 492
-3.56172 -3.82587 4.48 880
10.61987 -5.43313 5.59 3205
5.30092 -3.28654 4.74 1172
-8.58628 -3.51484 5.37 2475
-1.39315 -2.23184 5.47 2765
-8.57032 -3.49519 5.65 3419
3.93374 -0.32475 3.32 239
-3.90975 -1.01485 4.71 1132
-6.94584 -1.40455 5.20 2058
-8.38365 -1.38897 5.53 2960
9.58377 -2.93887 5.57 3114
8.23624 -2.24740 5.99 4984
-3.17587 0.21286 1.68 28
-11.30089 -0.24930 4.35 757
-2.82375 1.66448 5.39 2548
3.66693 1.58307 5.81 4129
-4.82255 1.42070 5.88 4409
-10.20284 3.76948 3.77 392
-5.14439 4.55379 4.00 515
5.75911 3.74817 4.99 1589
4.59732 4.66423 5.16 1970
-6.64650 3.73390 5.35 2432
-1.55797 4.48537 5.91 4587
1.02843 6.75060 3.01 175
-11.43847 4.13682 5.07 1750
4.03130 5.50945 5.28 2256
8.65030 5.68557 5.52 2947
9.29387 6.53675 2.76 125
9.16323 6.46645 4.82 1304
9.86439 6.40322 4.85 1358
13.69645 5.46915 5.23 2110
9.85753 6.57826 5.23 2123
7.29714 7.30141 5.29 2291
9.73103 6.24920 5.34 2401
5.73175 6.86641 5.67 3496
9.47694 6.69915 5.77 3895
-10.82826 5.81229 5.97 4884
9.61977 7.07658 4.82 1299
0.83628 10.31005 3.69 358
-4.60344 10.32609 3.97 508
13.66288 8.10065 4.61 1017
-3.04645 10.34893 4.81 1274
-13.14749 7.54491 5.16 1969
-9.80310 8.62734 5.47 2766
1.72679 9.95104 5.57 3116
-1.80258 10.60636 5.92 4626
8.49990 10.60464 3.32 238
6.14718 11.51855 3.40 260
-0.10801 11.96661 4.52 919
4.83516 11.38138 5.60 3222
-2.36454 11.02936 5.77 3891
12.05424 9.50879 5.93 4703
-2.61235 11.43690 5.99 5005
-7.62195 12.26363 3.84 429
10.76696 11.70975 4.57 969
-7.90742 12.63025 5.78 3982
-6.58581 11.97720 5.79 4056
12.74717 11.24122 5.92 4605
3.76755 13.08157 5.94 4722
