-11.96247 -12.35739 3.90 470
-3.67791 -11.65141 5.31 2322
-11.68352 -12.46961 5.59 3181
-12.34054 -12.14095 5.61 3252
10.11445 -10.73569 4.60 1010
-4.81788 -9.70693 5.70 3605
-8.99400 -9.86388 5.81 4118
13.86124 -8.46845 3.91 473
11.08279 -8.51881 4.57 976
-4.39888 -9.49492 5.29 2281
0.67637 -7.53106 5.67 3491
4.92562 -3.67439 3.88 459
-11.87564 -3.93876 5.73 3715
-5.74520 -2.18102 4.30 715
-7.28398 -2.25221 4.44 840
13.24507 -0.39015 4.68 1102
-9.00332 -0.29037 5.87 4363
-1.56902 1.29659 3.11 194
-7.63575 1.00058 4.16 614
-3.94299 1.15745 4.36 770
2.03733 0.12864 4.97 1560
-4.50488 1.95794 3.38 254
12.76585 2.63851 5.00 1626
-8.24592 2.26915 5.99 5001
-11.66414 3.62857 5.13 1899
0.93351 3.14933 5.85 4276
9.71701 4.45682 5.71 3653
-14.91094 5.96896 3.52 290
14.07705 6.93415 3.52 293
10.89022 6.60120 5.07 1755
9.69415 5.65955 5.41 2602
-7.78073 6.45480 5.88 4413
2.62000 7.79542 5.24 2159
-5.16791 7.00730 5.66 3443
-0.51068 9.43640 4.25 667
10.85801 8.81109 4.97 1563
-1.37520 9.11685 5.41 2587
-11.28965 10.72613 5.50 2867
-5.67010 10.62752 5.64 3361
-4.41231 9.81322 5.87 4355
5.12173 13.79644 5.34 2406
14.88249 12.80666 5.35 2433
-10.61380 12.90395 5.95 4782
