-13.27959 -11.65175 5.56 3075
2.83373 -12.73355 2.47 91
7.87571 -12.80691 2.68 110
2.88100 -13.22990 5.55 3053
10.73807 -11.73970 5.78 3990
-0.60947 -13.37046 5.79 4043
2.18610 -12.19735 4.82 1286
-2.48211 -11.18940 5.40 2563
-6.38603 -11.63851 5.55 3019
-3.79919 -11.50934 5.74 3754
-5.78978 -11.59427 5.80 4065
4.00296 -11.42450 5.84 4233
3.95491 -12.14089 5.92 4611
-11.96426 -8.86372 4.98 1565
-8.20558 -9.90628 5.43 2658
-1.09876 -9.71361 4.16 613
-5.73504 -10.22457 5.88 4410
11.25694 -7.04148 3.38 256
10.19791 -7.08031 5.63 3346
11.60355 -5.53904 5.26 2208
1.60328 -7.86999 5.39 2550
4.69803 -7.67387 5.55 3031
12.19136 -5.68433 5.58 3141
-5.01674 -7.64209 5.59 3194
11.93382 -5.01698 6.00 5034
4.59081 -6.54904 5.57 3106
-7.17787 -3.63797 5.95 4816
0.28537 -5.28235 5.83 4184
-5.18590 -4.96180 5.86 4315
2.54646 -4.90749 5.97 4927
-6.70489 -2.29557 5.04 1703
-12.57691 -1.34527 5.24 2160
-4.68410 -3.54955 5.67 3470
-10.25588 -0.87838 4.75 1185
5.83649 -2.01676 4.74 1174
9.35083 -0.34253 4.99 1590
3.79251 -1.43596 5.29 2273
7.92398 -1.67450 5.59 3184
-9.31582 2.85516 5.56 3079
-8.27601 1.73977 5.60 3248
9.04854 2.78764 4.54 939
7.08931 1.77654 5.18 2025
5.89007 0.98475 5.81 4142
-6.94935 3.19172 5.84 4249
8.50248 4.81105 3.98 511
11.58176 6.78003 5.16 1975
0.83183 3.67991 5.87 4396
-11.58273 8.08996 5.08 1777
5.80720 4.88083 5.28 2250
-7.83201 7.22886 5.84 4240
-5.68800 6.21977 5.98 4931
13.28889 10.44646 4.87 1386
0.69755 6.66543 5.41 2590
0.50288 6.85390 5.66 3441
-7.83061 8.94961 4.41 817
-10.28475 10.12089 5.79 4028
-5.26334 7.95102 5.95 4783
-10.06373 11.37316 5.68 3506
6.94263 9.68528 5.22 2094
-4.44635 11.09736 3.21 216
6.35327 11.19886 5.38 2525
11.02055 14.62103 5.45 2716
-8.36339 14.60259 5.50 2861
-8.57689 14.67417 5.83 4206
8.80397 15.91065 5.49 2831
2.00395 13.51569 5.64 3363
