3.75881 -11.61979 5.14 1929
3.34727 -12.07076 5.66 3455
0.45412 -12.23084 5.75 3833
-4.02345 -9.87987 5.52 2923
-0.92470 -10.15552 5.75 3836
11.82615 -9.02885 5.79 4035
-14.21249 -7.76650 3.54 299
11.58513 -7.93491 5.10 1811
0.04858 -8.01350 5.39 2536
-7.86744 -8.09841 5.89 4480
-14.19894 -8.00836 5.94 4764
3.05905 -6.28114 4.70 1127
4.22873 -6.70912 5.50 2856
4.53815 -6.69719 5.76 3871
-10.82724 -6.68165 5.94 4762
3.25255 -6.30501 5.96 4823
-13.00952 -4.18559 4.26 669
13.28977 -4.14781 5.53 2968
1.07336 -2.76163 5.73 3710
5.06234 -1.36997 5.14 1911
9.04477 -0.26397 5.71 3641
3.84661 -1.10784 5.72 3707
-14.21699 -1.51541 5.75 3802
-7.09491 0.25487 3.34 242
7.55407 1.23980 4.72 1153
10.51157 0.18847 5.83 4194
5.16187 2.38058 3.85 438
-14.45202 2.38855 4.62 1027
1.23753 1.45817 4.68 1095
7.99940 2.30336 4.90 1426
-5.74594 2.46215 5.24 2148
-4.70815 2.27525 5.85 4286
-5.74537 2.46254 5.94 4741
6.80830 2.98673 5.84 4247
14.39171 5.71430 4.02 529
12.76366 5.59264 4.83 1335
9.43265 5.83610 5.20 2040
10.18920 5.53825 5.99 5013
9.35337 7.16638 4.22 636
-7.99326 8.10406 5.47 2760
-4.71525 7.19578 5.77 3917
-7.00175 7.08459 5.87 4354
-6.72425 8.65699 4.62 1028
14.91978 8.57269 5.42 2626
-1.07299 9.62326 6.00 5070
0.45138 9.77419 3.26 225
3.34773 11.04492 5.39 2535
4.14509 12.42063 5.94 4738
6.12444 13.39682 5.75 3800
9.21712 12.47160 5.90 4529
