-4.83887 -12.36115 4.26 675
9.23874 -13.15531 4.90 1424
8.76963 -10.91822 5.86 4314
8.75493 -11.53094 5.87 4378
2.38546 -11.42781 5.90 4541
13.12070 -9.50169 5.58 3142
-4.40057 -9.63337 5.73 3748
6.27761 -8.25110 5.22 2095
-4.13294 -8.17755 5.96 4851
1.09925 -7.83891 4.91 1443
13.10140 -6.31877 5.05 1721
-7.56496 -6.67140 5.47 2758
-4.56695 -6.81057 5.89 4444
11.42575 -3.84929 5.47 2773
13.75622 -2.72043 5.80 4095
12.11905 -2.72300 5.92 4631
0.36063 -2.11890 5.36 2469
-4.09188 -0.83104 3.72 367
-8.64606 -0.11398 5.73 3738
-4.85181 1.18833 4.99 1580
12.25487 1.77567 5.45 2694
1.22215 1.77422 5.64 3377
3.30351 2.65109 5.85 4259
-6.39297 1.91639 5.94 4748
-10.38886 4.57446 5.28 2244
4.98171 3.21728 5.35 2445
6.69133 5.15774 4.35 756
-13.03855 7.26908 5.08 1773
1.22407 4.70058 5.21 2076
-1.77327 5.43143 5.36 2456
1.95088 4.37454 5.88 4434
-0.06656 5.50141 4.48 879
4.57883 6.32117 4.87 1388
9.69512 7.39336 5.20 2053
-4.31461 6.91511 5.20 2065
5.77232 6.46465 5.33 2388
-0.74287 6.86931 5.35 2421
0.36034 6.00030 5.94 4759
-12.95490 9.38407 4.03 540
-0.34291 8.96197 4.98 1564
2.90958 9.01253 5.94 4723
-9.43892 11.65016 5.61 3264
-7.79086 11.88638 5.42 2627
-13.49928 14.10544 5.44 2681
