-7.68005 -23.03225 5.57 3105
-6.92410 -23.95090 5.91 4544
5.10972 -15.61506 5.69 3538
2.75831 -14.40244 5.77 3918
3.40273 -10.19849 5.11 1841
-2.13475 -10.86470 5.29 2296
3.58322 -10.48119 5.73 3718
4.10756 -10.76138 5.28 2251
6.85204 -13.80001 5.87 4342
0.31254 -8.77939 4.15 607
-6.08668 -10.29248 5.91 4550
-1.13963 -7.52076 5.10 1826
0.61185 -7.04944 5.35 2447
-6.54531 -10.04186 5.77 3936
-12.16409 -14.51476 5.95 4779
12.88874 -12.65908 5.28 2248
4.26500 -5.79506 5.75 3812
-4.33843 -3.81874 3.76 388
-7.15532 -4.24424 5.15 1954
-1.63981 -3.51918 5.51 2892
3.96050 -3.72032 5.81 4139
7.75939 -4.86754 2.80 132
6.14753 -3.90883 4.78 1235
7.36432 -4.94465 5.97 4905
-3.02362 -1.76910 5.95 4803
4.50373 -3.12383 6.00 5028
-9.30163 -3.99438 6.00 5079
10.97256 -2.94780 5.07 1766
-8.80467 0.81339 5.68 3513
-1.60633 3.70964 5.29 2293
9.08929 3.27204 5.59 3214
-9.94440 4.89402 5.02 1666
-1.70440 6.21697 5.78 3986
-8.47930 6.29710 5.34 2416
-5.85769 6.78149 5.53 2980
11.76714 4.90933 5.51 2920
-13.41470 5.45782 5.41 2593
3.08974 8.33800 5.52 2942
-1.50296 10.30979 5.55 3045
-10.52336 11.74774 4.22 640
11.30968 11.18238 4.50 897
