3.27412 -13.67324 4.83 1313
-4.15345 -12.79230 5.95 4788
13.54678 -11.10579 4.81 1268
13.95421 -10.29190 2.70 119
-1.05070 -10.33702 5.01 1643
13.95408 -10.29073 5.12 1875
-2.06451 -8.71923 5.90 4543
10.39717 -6.82368 4.46 861
9.46656 -6.01818 3.58 318
-3.33431 -5.18180 5.62 3294
-2.31804 -0.73769 4.74 1170
-11.84393 -0.63178 5.82 4154
-2.49171 -0.43216 5.87 4343
-4.85028 0.08967 5.98 4933
5.02063 0.81220 4.81 1277
-6.23077 1.95522 4.82 1305
-6.89259 3.21957 4.98 1570
13.87436 4.04288 5.48 2804
8.65809 4.91227 3.03 181
-3.49021 4.91945 5.50 2857
-13.50637 5.71881 5.91 4578
-3.67478 4.87261 5.94 4725
-11.14924 8.33189 4.73 1156
-12.23366 7.87774 4.92 1459
-10.47260 7.66062 5.60 3238
11.50679 8.21637 5.73 3716
-11.63805 8.79093 5.79 4001
-3.57632 8.44024 5.87 4382
1.98158 12.24664 5.27 2236
9.61021 12.48523 5.70 3581
9.66412 13.57736 5.39 2556
