-4.44388 -12.54769 3.17 208
6.57196 -12.42963 4.82 1303
-6.39843 -13.07747 4.89 1414
10.97250 -11.76885 5.63 3347
11.91012 -7.83049 3.07 188
-11.96739 -7.58272 5.44 2670
-0.38034 -8.57923 4.80 1260
-8.87551 -7.24932 5.00 1613
-1.03169 -9.42917 5.05 1717
4.39043 -8.26719 5.95 4784
13.03521 -4.26130 4.68 1099
-9.46105 -6.56433 5.25 2169
4.45637 -4.64464 4.22 638
8.07636 -3.82230 4.82 1301
4.15819 -2.74942 3.57 313
0.20367 -3.90667 4.58 982
1.60748 -4.05431 5.45 2708
0.20655 -3.89560 5.79 4010
-0.29474 -3.48449 5.86 4320
9.16239 -0.39480 4.45 854
-8.21166 -0.71377 5.98 4967
6.10882 -0.40333 5.27 2227
-6.82867 2.23868 4.95 1535
5.65033 1.39163 5.35 2441
-7.29765 2.59638 5.48 2818
0.73006 2.70353 5.04 1707
6.95069 3.46992 5.13 1902
-7.36652 3.98991 5.56 3076
-8.10350 5.87940 4.32 729
10.22762 7.08474 4.39 796
-9.23079 5.81635 4.96 1537
3.65221 3.87902 5.64 3370
-4.17950 3.95475 5.98 4966
-4.80713 6.21001 5.56 3068
12.88857 10.36088 5.91 4546
9.57589 11.74271 5.39 2551
1.20082 6.92234 5.68 3512
-1.19883 7.10537 5.72 3693
10.99303 13.40654 5.97 4886
7.96843 11.88080 5.46 2731
8.32146 11.57694 5.96 4833
-2.56062 9.98802 4.23 645
-7.01883 13.06972 5.64 3378
7.43196 13.50091 5.75 3808
-8.74011 15.67287 5.98 4936
9.42832 18.74662 4.74 1169
-8.87366 18.16078 5.28 2249
-8.86809 18.16771 5.85 4302
7.84193 19.38680 4.71 1130
-7.85831 23.60045 5.50 2868
