13.99490 -10.05112 4.84 1338
-4.14889 -13.57180 5.57 3106
8.14893 -11.83328 5.78 3989
-8.05926 -11.27181 5.83 4184
-13.39283 -9.61418 5.86 4315
-5.74019 -11.45024 5.97 4927
6.47701 -9.81705 4.52 921
-12.52275 -8.33646 5.67 3470
8.36354 -8.76596 5.95 4776
-1.80602 -9.40120 4.74 1174
2.00202 -8.61694 4.99 1590
-3.65081 -8.33365 5.29 2273
0.30197 -9.57239 5.59 3184
8.82060 -7.09040 5.80 4096
2.46224 -5.50270 4.54 939
0.33397 -6.00415 5.18 2025
-1.01712 -6.48084 5.81 4142
-12.99699 -1.14700 5.84 4249
13.73384 -1.21818 4.63 1040
2.42225 -3.41521 3.98 511
5.82481 -2.28013 5.16 1975
-5.25550 -2.61516 5.87 4396
-0.14838 -2.68458 5.28 2250
-12.81280 2.99488 5.84 4240
-10.97197 1.47679 5.98 4931
8.28856 0.79272 4.87 1386
-4.64176 0.30394 5.41 2590
-4.78340 0.53406 5.66 3441
-12.36493 4.65358 4.41 817
-10.11222 3.04067 5.95 4783
2.09345 1.64034 5.22 2094
-8.51670 5.85161 3.21 216
1.89195 3.22709 5.38 2525
7.11076 5.29515 5.45 2716
-11.42885 10.19248 5.50 2861
-11.61805 10.31546 5.83 4206
12.39689 12.24855 5.05 1722
5.32154 7.06045 5.49 2831
-1.70326 6.51640 5.64 3363
-11.92769 14.94521 5.97 4886
7.82834 10.46576 5.10 1809
8.46562 11.20780 5.43 2642
9.40136 12.88127 5.07 1764
3.42849 9.37607 5.78 3960
4.57657 9.82230 5.95 4809
-10.15812 18.07781 5.75 3808
-6.51406 13.82401 4.74 1169
6.26275 13.94771 5.46 2750
5.77850 14.39185 5.57 3122
-1.70255 12.18524 5.62 3284
-5.21390 14.89995 4.71 1130
3.33505 14.55255 5.61 3273
