-11.26387 -12.34060 5.31 2342
-2.99175 -13.09233 5.73 3719
-5.98984 -13.17225 5.83 4201
-13.69622 -10.56866 4.06 555
-8.20782 -11.13783 4.97 1556
-5.03637 -9.83476 4.94 1513
0.01997 -10.72288 5.14 1923
10.92197 -9.33262 5.22 2096
1.97057 -9.76850 5.57 3097
-10.60802 -9.21667 1.14 16
8.08117 -8.35084 4.02 533
-11.11598 -7.97450 4.28 690
9.92910 -8.83619 5.95 4817
-2.04763 -7.32315 5.64 3384
-13.29539 -4.86682 5.33 2386
10.16579 -5.67723 5.39 2540
-13.31138 -3.56546 1.98 46
-13.31134 -3.56507 2.88 149
11.50088 -3.00354 5.20 2062
10.67411 -2.39415 5.45 2700
9.45204 -3.09943 5.66 3453
12.07165 -3.18114 5.82 4178
5.28065 -2.89701 5.94 4743
-9.32208 -1.80557 5.14 1925
13.99737 -0.69588 5.93 4667
-11.57246 0.01732 4.90 1425
-11.68256 0.67496 5.56 3091
4.06185 2.02170 5.78 3959
-9.09372 3.85363 5.18 2009
12.57776 5.53133 4.56 966
-10.74312 5.16556 5.73 3727
3.49036 4.19510 5.90 4507
-14.70255 8.97223 5.19 2029
9.62158 7.64049 5.89 4482
10.49424 9.95785 3.97 505
8.26761 10.02896 5.99 4985
0.71494 11.29263 4.25 663
8.01671 12.43481 5.15 1949
13.66434 12.44596 5.32 2364
