7.42610 -13.11361 4.44 842
-4.01882 -12.90885 5.52 2937
-11.00222 -13.36784 5.75 3814
-5.22878 -12.89241 6.00 5077
3.51081 -12.21649 4.84 1337
-11.27446 -11.29369 5.99 5019
-5.83904 -9.75654 4.28 688
-10.78067 -10.11287 4.43 827
-2.14570 -10.22070 5.24 2150
-10.93216 -10.51108 5.93 4704
8.66058 -7.95125 4.26 676
-11.12937 -3.98114 5.50 2853
10.45477 -5.29145 5.94 4739
5.73952 -3.87230 5.57 3125
14.33334 -1.77516 5.94 4763
-4.93797 -0.03235 5.68 3517
3.79403 0.49874 3.62 335
-11.10748 0.86792 5.38 2512
-14.42769 0.67565 5.89 4468
-10.22057 2.86037 5.07 1758
9.27538 2.84557 5.84 4245
6.47920 2.00415 5.97 4909
-1.93228 1.55943 5.98 4932
12.28461 4.16872 5.10 1813
5.20971 3.38881 5.80 4081
4.82664 4.79413 5.89 4462
10.93275 6.15610 4.75 1192
10.93263 6.15918 4.83 1312
2.02842 5.73261 5.38 2514
2.17047 5.82768 5.50 2871
-3.29471 6.41823 5.55 3021
-8.26838 5.89691 5.74 3785
11.21627 8.28407 2.64 106
7.27564 7.35949 5.24 2147
-3.87941 7.92182 5.55 3038
1.10038 7.51472 5.97 4881
-2.74726 8.31304 4.66 1083
-4.59597 8.95530 5.34 2404
-12.96429 9.27181 5.36 2452
-4.59187 8.94402 5.56 3083
12.83093 8.72874 5.87 4338
-13.16206 9.02013 5.87 4379
9.67388 10.26000 5.86 4316
-7.25867 11.75559 4.42 823
12.12764 12.26770 4.79 1246
-7.96819 12.08224 5.47 2769
11.45469 12.19719 5.74 3769
-10.38742 13.11098 4.06 554
-1.97419 13.25879 4.65 1055
