-1.76637 -13.59475 4.33 738
12.09742 -11.25568 5.17 1978
-6.87156 -13.08726 5.42 2625
6.34637 -13.25695 5.52 2954
-7.52585 -11.12558 2.23 67
-5.67364 -9.56302 3.44 272
3.31429 -9.55293 5.56 3078
10.59606 -8.62240 5.75 3797
10.73289 -9.14304 5.98 4975
-4.43272 -8.07565 4.83 1325
0.01483 -9.31180 4.98 1576
8.76146 -8.24446 5.67 3474
2.43009 -9.11773 5.70 3596
-2.07504 -9.22307 5.79 4037
-13.22285 -7.18702 5.96 4875
-12.42841 -6.36870 2.27 75
-4.11182 -7.81494 4.63 1033
2.45177 -7.86111 4.71 1144
-8.51612 -6.09057 5.94 4728
-3.90860 -5.70261 2.47 91
0.99196 -6.52885 2.68 110
-3.94053 -6.18986 5.55 3053
3.93579 -5.92941 5.78 3990
-7.38820 -5.80087 5.79 4043
-4.45867 -5.08542 4.82 1286
-8.90118 -3.39268 5.40 2563
-12.84721 -3.23070 5.55 3019
-10.25530 -3.50277 5.74 3754
-12.24657 -3.27936 5.80 4065
-2.55745 -4.61141 5.84 4233
-2.71825 -5.29799 5.92 4611
-14.40668 -1.24558 5.43 2658
-7.30491 -2.16380 4.16 613
-11.98566 -1.94461 5.88 4410
5.21550 -1.47010 3.38 256
4.18241 -1.34437 5.63 3346
5.80221 -0.06405 5.26 2208
-4.34929 -0.77998 5.39 2550
-1.27728 -1.07026 5.55 3031
6.34718 -0.29674 5.58 3141
-10.87774 0.48447 5.59 3194
6.20977 0.39256 6.00 5034
-1.20133 0.04561 5.57 3106
10.81346 2.70642 5.78 3989
-12.43361 4.80332 5.95 4816
-5.24218 1.96945 5.83 4184
-10.63745 3.16326 5.86 4315
-2.94855 1.97876 5.97 4927
-11.75379 6.06584 5.04 1703
9.02267 4.55774 4.52 921
-9.91855 4.48489 5.67 3470
10.84288 5.75329 5.95 4776
0.75773 4.29956 4.74 1174
4.47916 5.38262 4.99 1590
-1.16038 5.20399 5.29 2273
2.86154 4.30069 5.59 3184
11.20082 7.46347 5.80 4096
-12.72396 10.38218 5.60 3248
4.70809 8.52823 4.54 939
2.61482 7.84829 5.18 2025
1.30341 7.25998 5.81 4142
-11.15912 11.62335 5.84 4249
4.51217 10.63225 3.98 511
7.86946 12.07782 5.16 1975
-3.26968 10.79254 5.87 4396
1.86606 11.15555 5.28 2250
-11.43106 15.87843 5.84 4240
-9.41362 14.47550 5.98 4931
10.17628 15.45546 4.87 1386
-2.92099 13.82095 5.41 2590
-3.08513 14.04493 5.66 3441
