11.32382 -12.32897 5.65 3403
-8.82365 -11.99943 5.90 4523
-13.43068 -11.49921 5.93 4654
2.10062 -12.62458 5.94 4730
0.65896 -11.70099 2.74 121
12.11262 -9.42009 5.23 2120
0.62060 -11.44618 5.67 3489
-5.28601 -9.84620 5.19 2038
8.22694 -8.95866 5.56 3081
-9.24691 -9.92306 5.98 4969
-8.82057 -8.16109 5.79 4005
3.08432 -7.30382 4.83 1324
-7.31587 -7.24623 5.79 4041
6.85836 -5.20939 3.17 208
-11.39036 -3.68416 4.60 1008
5.19293 -6.30606 4.89 1414
-8.55669 -2.50109 5.13 1889
-1.76834 -2.95114 5.44 2670
9.43382 -0.21041 4.80 1260
0.98987 -1.67119 5.00 1613
9.08668 -1.21910 5.05 1717
0.22119 -1.21880 5.25 2169
-5.11034 -0.53854 5.62 3288
-6.28153 3.28867 3.05 186
12.81879 5.10890 4.22 638
-6.66331 3.37317 5.02 1665
11.91587 6.82565 3.57 313
8.47912 4.40340 4.58 982
9.87498 4.72686 5.45 2708
8.47829 4.41489 5.79 4010
7.86455 4.64036 5.86 4320
-0.53327 4.66059 5.98 4967
-8.21589 7.26419 2.08 60
13.05277 9.74719 5.27 2227
-9.27431 10.08769 4.25 665
-0.21124 7.90893 4.95 1535
12.02073 11.32770 5.35 2441
-0.77029 8.09195 5.48 2818
6.82389 10.90578 5.04 1707
12.61411 13.79995 5.13 1902
-1.29707 9.39265 5.56 3076
-2.61726 10.94280 4.32 729
-9.35273 13.10597 4.82 1288
-3.65158 10.50200 4.96 1537
9.26175 13.04849 5.64 3370
1.72228 10.43475 5.98 4966
0.37935 12.38086 5.56 3068
-10.91196 16.21884 5.77 3943
-10.55908 14.84619 5.91 4596
