0.55830 -13.51532 5.06 1733
-12.70704 -13.57083 5.58 3167
-5.09884 -13.04682 5.61 3282
-4.64621 -10.20652 3.19 211
7.83149 -10.41859 3.60 327
-5.50437 -10.82176 5.75 3822
9.55968 -11.23330 5.87 4364
7.11569 -10.28600 5.87 4367
11.62345 -11.16470 5.96 4850
0.14391 -8.57818 4.71 1143
-11.28500 -8.95400 5.72 3700
2.65377 -7.93057 2.84 140
10.12605 -8.32752 3.81 411
-6.00776 -7.01988 4.91 1440
3.58056 -8.08882 5.55 3056
-12.90634 -6.78867 4.32 730
1.93973 -6.45305 5.89 4455
-11.74083 -5.32320 5.53 2966
7.61917 -5.00178 5.73 3717
-0.37797 -4.29074 5.96 4844
4.15773 -3.90323 2.58 98
-2.32484 -1.66113 3.31 235
-9.84996 -1.84627 5.03 1687
-10.67862 -2.87032 5.51 2900
1.46573 -2.71131 5.65 3387
-6.90969 -1.97365 5.66 3451
-8.19116 -2.51252 5.70 3571
-8.13842 -2.06594 5.72 3695
-10.39622 -2.02182 5.77 3913
8.95817 0.10891 3.55 305
12.17815 0.90244 3.71 366
-14.01504 0.63647 3.87 452
-13.61914 0.57708 5.45 2704
9.86416 0.54757 5.49 2826
-0.14174 2.49765 4.29 708
1.16438 1.46708 5.25 2165
-0.77585 2.02660 5.50 2854
-2.26031 2.81276 4.36 765
-6.72901 3.31013 4.79 1242
-13.91356 3.67987 5.01 1638
-0.00502 3.67872 5.30 2302
-4.21381 3.41354 5.97 4882
-2.58502 4.28264 4.45 847
11.73974 4.24034 5.66 3448
-2.89377 4.30786 5.68 3520
14.26857 5.79892 4.95 1520
-6.83095 6.44740 5.38 2528
1.69887 6.40702 5.61 3266
9.45130 7.22367 2.06 58
13.37145 7.28365 5.03 1679
10.98845 8.06729 5.97 4919
-1.86410 9.35028 0.12 7
-3.69684 8.57358 4.27 684
-3.97480 8.69525 5.78 3988
-12.33291 8.79028 5.90 4503
1.12791 9.05497 5.90 4539
1.34935 9.89900 4.14 604
4.09143 10.59261 4.62 1026
6.48771 10.69557 4.80 1259
-6.37732 10.75154 4.81 1282
10.80144 10.20660 5.35 2430
-0.82185 11.24363 3.60 325
5.19335 12.40607 4.78 1226
5.18279 12.39597 5.67 3475
5.72843 12.31342 5.72 3679
-2.48093 12.34237 5.91 4545
6.41863 11.59229 5.96 4847
5.33003 12.53449 2.77 127
-4.20974 13.70262 2.79 131
-9.40932 13.14251 4.39 793
5.32426 13.23072 5.08 1787
5.28787 13.26820 5.13 1896
-8.19314 13.55413 5.51 2901
-10.90421 12.81009 5.78 3951
