5.38367 -13.46472 4.93 1478
7.99209 -11.86278 4.76 1207
-0.31650 -11.33532 4.93 1470
3.71854 -12.13603 4.95 1528
7.02138 -12.69224 5.14 1927
13.42747 -13.17029 5.68 3522
13.00926 -13.42161 5.72 3706
-3.29304 -11.35164 5.76 3866
7.70489 -9.70164 4.49 891
2.34646 -9.13568 5.14 1908
-12.74764 -10.16836 5.31 2334
8.58198 -9.81947 5.66 3429
8.21662 -9.88366 5.72 3687
8.06744 -7.53426 4.89 1420
-8.59584 -7.44515 5.93 4702
8.21576 -6.79205 5.10 1828
-10.24467 -6.17996 5.81 4143
-0.55951 -4.38312 3.17 205
12.35001 -5.44063 3.25 224
5.95710 -5.16272 5.54 3011
9.42863 -6.01455 5.85 4271
-10.30939 -4.48521 3.96 498
6.09816 -3.41817 5.20 2051
-8.17617 -3.33630 5.50 2883
8.99999 -2.40801 5.94 4724
8.42012 -1.06874 5.31 2338
-7.79859 -0.81331 5.58 3133
7.03090 -1.49608 5.79 4015
7.62006 0.16480 4.83 1315
10.26729 0.53413 5.25 2191
-11.90006 -0.69740 5.57 3110
-6.21301 0.80633 6.00 5065
13.17918 0.73842 5.43 2655
9.84957 1.81479 5.80 4099
10.19266 3.47812 2.70 117
-12.22744 3.22642 4.97 1555
-8.88381 3.38244 5.02 1655
-2.07290 3.13469 5.24 2142
1.98811 2.81662 5.26 2211
-6.23491 2.90822 5.53 2974
-12.95108 2.42360 5.63 3324
-6.24005 3.57590 5.87 4370
10.56865 3.94666 4.66 1075
10.17711 4.18198 5.03 1689
10.65913 3.92556 5.11 1839
-1.70907 5.15335 5.42 2624
-1.26292 4.40647 5.59 3178
-4.39700 4.42145 5.62 3298
-0.75850 4.12212 5.71 3650
8.96074 4.35894 5.96 4860
3.24059 5.12063 5.96 4864
-13.75080 4.93977 3.12 196
-11.96760 5.82915 4.36 776
-6.59827 6.47529 4.37 783
-9.68909 5.72985 5.80 4071
-2.46427 6.47952 5.84 4234
3.08860 7.69683 4.99 1581
5.25342 7.97283 5.06 1738
-5.53016 7.91521 5.53 2975
-5.77358 7.55232 5.78 3962
-9.38947 7.43195 5.83 4202
13.38788 7.27925 5.90 4526
-5.14858 8.91615 3.85 436
-13.50318 7.74595 4.87 1389
-11.11378 7.84069 5.55 3057
2.86664 10.28409 3.96 494
-3.44342 10.16975 4.48 876
-0.64403 10.55115 5.27 2241
12.80238 10.08862 5.39 2538
-1.57157 10.01804 5.62 3304
-10.47195 10.34726 5.65 3389
-2.15435 10.96566 5.69 3535
-3.31143 10.46478 5.74 3778
1.32789 12.32104 5.20 2061
13.22929 10.60416 5.35 2438
12.69488 10.49505 5.43 2647
-12.98090 11.23739 5.50 2873
3.05863 11.40071 5.70 3598
1.58180 11.30531 5.92 4637
-5.92926 13.61562 3.02 180
10.58853 12.44430 5.36 2464
-0.08626 13.17151 5.71 3651
1.64179 12.48830 5.80 4100
