-0.01728 -12.95184 4.13 599
-6.81137 -13.26893 5.05 1713
6.64564 -11.18393 4.01 525
-4.14394 -11.88330 4.28 692
0.66663 -10.67680 5.89 4447
-10.43464 -8.58818 5.12 1858
-9.66789 -8.54331 5.16 1967
13.99316 -9.19100 5.37 2481
7.68956 -8.90333 5.63 3325
11.99046 -8.35321 5.79 4031
-11.26999 -7.54652 4.52 928
-10.20723 -6.99563 5.39 2547
3.85744 -7.79737 5.79 4002
-0.02768 -7.30998 5.97 4923
1.13997 -6.40580 5.06 1745
4.25582 -5.53640 5.30 2310
-13.83443 -4.23286 5.75 3796
-8.98145 -5.29680 5.82 4158
10.16632 -5.15693 5.51 2899
-3.62628 -3.04925 4.55 959
-5.67604 -3.63625 5.08 1774
8.59508 -2.08511 5.51 2893
-11.72456 0.51798 2.49 92
11.05100 0.46168 2.83 138
-9.61431 3.74137 5.71 3640
-0.66821 4.66310 5.53 2956
9.50331 4.59172 5.53 2959
4.05343 5.68827 5.08 1790
-13.82182 8.38509 5.49 2834
11.23727 7.44442 4.80 1262
-10.50529 8.70303 5.99 5008
-2.08421 10.33937 5.32 2357
-4.64850 11.65135 4.40 801
-6.15163 12.16844 4.60 1003
