-1.21312 -6.09772 5.47 2756
-3.29240 -6.93962 5.28 2257
-1.34755 -3.67521 5.49 2841
-3.33259 -2.44013 5.77 3911
5.23238 -9.79635 5.42 2631
1.16419 0.22037 5.69 3538
-1.38493 -0.13300 5.77 3918
-3.18621 3.61452 5.11 1841
-7.33636 -0.06245 5.29 2296
-2.88171 3.48662 5.73 3718
-2.29944 3.55491 5.28 2251
8.93701 -1.62458 5.85 4285
1.58196 2.64387 5.87 4342
-6.51407 3.02008 4.15 607
-10.91338 -1.85394 5.91 4550
8.88864 0.55879 5.79 4046
-8.43033 3.22313 5.10 1826
-7.25464 4.60877 5.35 2447
10.22890 1.90648 5.69 3570
5.81098 6.93210 5.28 2248
-4.95616 7.72449 5.75 3812
7.97888 6.01157 5.57 3120
9.74325 5.88410 5.70 3577
-11.17345 6.24969 5.51 2892
-6.39196 9.28492 5.81 4139
-2.60148 10.48043 2.80 132
-4.47280 10.37103 4.78 1235
9.69406 7.56800 5.52 2939
-2.88331 10.19209 5.97 4905
-13.37074 6.92114 5.95 4803
-6.28345 10.09626 6.00 5028
9.54039 11.43983 4.75 1187
