-5.13468 -12.66467 4.97 1557
-2.57416 -12.73156 5.12 1881
-6.11550 -13.16469 5.82 4166
5.77815 -10.88465 5.30 2314
-10.59518 -8.89613 5.94 4712
-1.98010 -10.39282 6.00 5069
-2.30201 -8.93242 5.75 3852
-4.84474 -8.20938 5.96 4859
3.80468 -7.54286 3.84 431
10.87763 -5.03654 3.87 453
-9.96382 -5.32590 4.56 962
10.80528 -5.94600 4.95 1515
-2.07984 -8.06894 5.00 1625
4.36584 -7.47637 5.20 2064
-9.35234 -6.41237 5.69 3530
-0.76806 -7.05577 5.93 4689
10.88992 -4.68007 4.94 1495
8.62914 -5.24071 5.71 3659
-7.93377 -2.48158 5.17 1989
-8.75843 -2.26138 5.72 3688
-6.15665 -2.10886 5.83 4190
-10.18301 -0.56201 5.96 4858
-2.10116 1.08727 4.84 1343
6.80281 1.36211 5.38 2499
-12.62851 5.50612 5.54 3005
5.00737 3.31019 5.80 4060
12.65493 8.89644 4.82 1288
5.23318 4.39802 5.14 1930
9.35430 8.04797 5.77 3943
10.72743 8.09502 5.91 4596
-10.07932 10.14333 5.42 2608
-4.22425 9.46705 4.29 712
3.47883 9.77206 6.00 5051
-8.37143 14.30835 4.96 1540
-1.29056 10.49268 5.26 2199
8.84606 15.20801 5.64 3378
6.55237 13.10779 5.98 4936
4.18796 12.62543 5.28 2249
4.18051 12.62989 5.85 4302
-1.05002 12.85124 5.50 2868
-6.77105 23.84357 5.61 3273
