11.36804 -16.94358 5.75 3812
4.59005 -10.78570 3.76 388
1.91154 -9.76819 5.15 1954
7.13370 -11.86849 5.51 2892
12.10534 -14.90174 5.81 4139
6.74830 -9.61796 5.95 4803
12.89574 -14.64099 6.00 5028
0.16848 -8.49728 6.00 5079
-11.57242 -10.36747 5.47 2763
-11.82196 -11.97341 5.86 4313
2.90969 -4.52858 5.68 3513
-13.51834 -9.36637 5.85 4287
-11.60233 -8.61991 5.89 4446
-3.95607 -4.31544 3.96 500
10.66203 -5.45089 5.29 2293
-5.18157 -3.97826 5.41 2584
-12.38261 -5.01890 4.01 524
3.87138 -0.43838 5.02 1666
11.78072 -3.18390 5.78 3986
5.81505 0.09596 5.34 2416
8.34901 -0.71098 5.53 2980
-5.01379 0.72152 5.75 3844
-11.16659 0.08851 5.33 2395
1.15284 1.65403 5.41 2593
-11.75077 -0.63636 5.88 4440
-8.58188 0.93734 5.96 4837
-13.38835 0.96471 4.44 841
0.68640 5.20029 3.42 267
-4.32532 4.96515 3.56 311
0.26405 4.43937 5.15 1939
-5.10489 3.79641 5.31 2343
-11.10305 2.71200 5.53 2957
-5.30204 3.75802 5.76 3889
6.62300 5.74536 4.22 640
10.19068 5.83696 5.62 3307
4.31340 8.10195 5.76 3854
-0.39791 11.68207 4.88 1400
12.13941 9.39525 5.90 4528
-0.75338 13.00834 4.76 1196
0.00739 13.06089 5.12 1864
