-2.48402 -13.38853 5.62 3295
10.46046 -12.48821 3.99 513
12.17340 -13.24290 5.63 3321
0.90967 -10.75218 5.32 2366
3.86958 -10.37055 5.97 4895
-3.14262 -9.43266 4.69 1119
12.32709 -10.91560 5.59 3202
-4.35407 -7.02661 4.40 802
-12.30308 -6.03619 4.39 797
5.23087 -5.03503 4.85 1354
-0.35397 -4.97556 5.37 2482
9.02368 -6.15324 5.37 2489
-13.20143 -5.96803 5.75 3842
8.48770 -4.37933 4.12 594
13.86022 -5.34571 5.52 2929
6.11480 -2.10154 3.49 285
13.60919 -4.10196 5.75 3838
8.88119 -1.92160 5.68 3518
10.26419 -1.76148 5.83 4221
-7.38311 3.31840 5.58 3151
8.45009 2.27688 5.70 3601
5.26820 3.63171 5.98 4973
-2.75354 4.11357 1.74 31
5.31462 4.07792 2.10 61
6.06112 4.48633 5.51 2898
12.21582 5.56385 3.90 468
0.74800 5.58102 5.62 3309
-14.59644 5.47285 6.00 5029
-11.38762 6.25054 5.57 3118
13.95670 6.34894 5.92 4648
2.31735 8.91308 3.97 501
2.42797 8.55758 4.11 584
11.74589 8.07538 4.28 694
-13.52641 9.19205 5.51 2919
12.67646 8.87670 5.81 4127
-1.13999 11.93338 4.79 1244
6.10673 11.63610 4.85 1355
-0.91995 11.54270 5.10 1810
-12.53329 11.29956 5.29 2288
-14.60717 11.23489 5.77 3904
14.41942 11.12228 5.77 3939
11.44169 11.01856 5.79 4048
13.26993 12.03903 5.83 4209
4.47644 12.89206 5.86 4327
