-11.90173 -11.41630 4.66 1080
13.84616 -10.60816 5.66 3432
3.72449 -9.64063 4.31 722
-3.41133 -10.93320 5.14 1912
8.17140 -8.37218 2.98 166
10.03299 -7.40950 5.32 2358
-5.41175 -7.53531 5.45 2687
10.15158 -5.15742 3.88 461
1.43343 -5.22933 4.46 859
-3.43890 -4.58352 5.98 4957
-7.38462 -2.65535 5.22 2096
-10.04242 -1.34654 4.02 533
-8.28669 -2.05090 5.95 4817
-3.57171 -0.42731 5.43 2662
7.00082 0.14490 5.64 3364
11.85796 0.02229 5.73 3713
-7.61110 1.01131 5.39 2540
-2.74759 1.34778 5.95 4797
12.00078 3.20478 5.36 2455
4.90299 1.68357 5.56 3073
6.32903 1.90535 5.89 4463
-5.92652 3.45600 5.20 2062
-6.64852 4.17082 5.45 2700
-7.95032 3.64613 5.66 3453
-5.39592 3.20312 5.82 4178
-12.08832 4.43789 5.94 4743
3.06233 5.05245 5.85 4270
-3.17722 5.36759 5.93 4667
0.29892 6.02723 3.13 199
-1.34579 6.36704 5.97 4891
13.42544 8.01010 4.48 878
3.24653 7.05379 5.37 2497
4.37391 8.07182 5.41 2591
-0.43930 7.36803 5.75 3831
-0.31886 9.35975 3.82 418
3.94675 8.87038 4.55 956
-12.64075 9.57596 5.78 3959
14.17278 11.16685 5.85 4262
-3.65318 11.72656 4.56 966
-12.92147 11.87817 5.90 4507
4.03186 13.38638 4.81 1283
5.88559 13.67636 5.62 3286
