-1.06707 -14.83824 5.47 2756
-0.79435 -17.14460 5.28 2257
-3.47303 -14.32928 5.49 2841
-5.22888 -15.98997 5.77 3911
4.17017 -9.47581 5.42 2631
6.62653 -15.48041 5.46 2747
5.33958 -16.38961 5.58 3131
-6.59944 -10.79949 5.69 3538
-6.96039 -13.42327 5.77 3918
9.33861 -8.39990 5.52 2928
-2.71551 -3.74689 5.85 4285
-8.85519 -9.74029 5.87 4342
-4.82459 -3.21210 5.79 4046
10.03895 -6.28378 5.11 1852
9.87048 -5.72933 5.36 2458
2.17866 -1.30262 5.64 3358
-1.29259 -0.70605 5.65 3409
7.33656 -3.61191 5.69 3532
-5.75864 -1.57719 5.69 3570
-11.84542 -4.46463 5.28 2248
3.52355 0.36418 5.45 2713
-0.61430 0.86173 5.47 2785
5.43133 0.23228 5.53 2979
9.54264 -2.87452 5.79 4012
9.80017 -2.11334 5.47 2771
-10.33626 -2.62519 5.57 3120
-9.71896 -0.97555 5.70 3577
9.86855 0.39161 4.35 750
-11.35876 -0.57095 5.52 2939
10.17671 1.12723 4.07 560
-2.27278 4.88133 5.19 2033
-11.81723 4.50928 3.24 221
0.92552 7.18520 5.09 1795
-5.72245 6.16170 5.47 2754
13.23219 4.98967 5.29 2274
-2.43095 8.47521 5.78 3970
10.21735 7.96100 3.95 492
-6.30071 11.22731 5.31 2331
7.86781 11.99489 3.78 399
5.77690 11.85503 5.40 2571
-8.57858 11.13238 5.54 3017
7.86348 11.99863 5.69 3550
