-5.38816 -12.79381 3.76 390
-0.13903 -13.40379 5.91 4572
-5.93436 -11.86852 5.58 3140
-9.33602 -12.77930 5.69 3540
-6.08523 -12.11679 5.74 3766
0.53419 -11.04410 5.88 4430
-12.97827 -12.66158 5.57 3111
-11.78736 -12.32516 5.63 3320
-2.87678 -10.70874 5.73 3729
12.97775 -12.05993 5.76 3883
-4.77298 -11.13215 5.94 4706
1.02875 -8.77964 3.34 243
10.99929 -9.42781 5.33 2378
0.59203 -8.97784 5.80 4091
2.14267 -9.56820 5.95 4770
1.03174 -7.60619 2.85 141
-4.11695 -8.39319 3.13 200
-11.71930 -8.31970 5.77 3912
-12.98311 -9.18564 5.81 4144
1.69731 -7.12500 5.94 4720
-13.24743 -7.93887 4.94 1510
3.60853 -6.29170 5.25 2172
-3.95944 -6.44916 5.65 3394
-4.19768 -4.48237 4.06 556
-3.45919 -4.53944 5.29 2275
-12.84275 -6.66993 5.44 2683
-13.58673 -6.64277 5.83 4200
6.20331 -5.28620 5.92 4609
-7.27018 -4.77143 5.96 4836
1.66796 -3.17040 5.75 3816
-4.93163 -3.32971 5.94 4709
5.11229 -2.72458 5.15 1934
10.25877 -0.92888 3.66 347
-13.23137 -1.55407 4.02 531
-13.88190 -1.56557 4.99 1594
1.30297 -0.88088 5.23 2126
-4.71310 -1.05062 5.55 3050
1.56514 -0.88216 5.92 4617
3.83681 -0.19423 5.93 4652
2.61283 0.11803 2.95 163
4.54375 0.64671 4.77 1215
-12.80680 -0.64435 5.33 2375
-8.50570 -0.06635 5.65 3400
-8.73789 1.13844 5.65 3398
-1.88099 1.51607 5.84 4227
-4.42421 1.71029 6.00 5054
-12.24643 2.30332 4.47 869
0.75712 3.46511 5.25 2190
3.69782 4.69932 4.59 992
-11.96607 4.19748 5.35 2417
-0.22292 4.61448 5.48 2816
4.98323 4.04983 5.79 4018
12.25878 4.55774 4.53 936
1.64000 5.68405 5.29 2278
9.06674 7.26073 4.86 1365
-11.39025 7.38355 4.94 1488
-2.27792 7.44282 5.08 1783
1.04099 8.01485 5.12 1870
13.83652 6.77242 5.46 2746
-0.29641 8.06638 5.76 3869
-1.97082 9.27812 3.33 241
11.75436 8.20995 5.77 3906
11.75436 8.20995 5.77 3909
-10.43117 8.42405 5.83 4218
-6.63214 9.30113 5.96 4841
4.37100 9.52323 1.87 40
-6.49287 10.27760 3.62 331
-6.64334 10.26495 4.73 1163
-11.06167 9.10599 5.47 2752
6.26705 9.77952 5.87 4369
-6.51338 10.11128 5.88 4402
9.78032 10.88001 4.88 1408
-7.41740 11.79611 5.22 2100
-12.49331 10.39240 5.33 2391
-6.70199 11.04132 5.45 2717
13.89353 10.87306 5.47 2753
-6.53516 11.97694 5.77 3931
3.42315 12.11794 5.84 4238
13.33088 10.92585 5.86 4307
7.33811 13.36621 3.03 182
8.03732 13.36024 4.81 1281
-9.27566 12.17796 5.71 3643
8.29864 12.36792 5.96 4831
