8.41498 -13.84912 5.01 1636
-1.38426 -13.78497 5.93 4673
11.37632 -14.58577 6.00 5045
8.22981 -12.26212 2.30 77
14.47538 -13.44766 4.75 1190
1.57412 -11.69085 5.71 3662
11.11812 -12.61088 5.89 4460
-10.21354 -11.00997 3.96 495
10.90526 -11.76463 5.25 2192
4.31626 -10.83139 5.48 2803
11.71965 -10.98661 5.71 3633
-1.88817 -10.76017 5.73 3745
4.71390 -10.07074 5.83 4204
10.04360 -9.65332 4.65 1067
-7.19533 -9.28549 4.82 1297
6.35844 -8.79557 5.06 1740
-0.63154 -8.52472 5.16 1966
-11.28180 -8.85552 2.60 101
-7.03675 -7.56193 3.91 476
-11.35524 -8.78178 4.47 867
10.48555 -8.15310 5.45 2697
2.91880 -7.89769 5.89 4487
10.46041 -8.04791 5.91 4556
13.05538 -8.68886 5.91 4595
1.52923 -6.75253 4.27 682
0.79208 -6.21713 4.85 1357
8.85986 -7.39126 6.00 5030
-4.16643 -5.55812 2.17 64
-5.06672 -5.04054 3.86 443
-1.55189 -5.42610 4.33 740
-3.93514 -5.34206 4.66 1082
1.42791 -4.76347 4.71 1131
-11.76031 -6.06767 5.34 2403
3.31741 -5.50740 5.89 4483
12.96346 -4.29605 2.55 95
12.16724 -3.61021 5.77 3898
4.91079 -2.74026 5.77 3925
13.31731 -3.37665 5.83 4192
-4.41881 -1.69844 5.84 4239
8.84486 -2.48047 5.90 4540
-11.01997 -1.78514 5.31 2327
14.33287 -1.03119 3.87 446
-12.57034 -0.06055 5.75 3849
-6.16458 0.20792 5.77 3944
-1.23450 1.15198 5.89 4464
9.13614 0.65700 5.98 4928
2.83555 2.18582 5.25 2174
4.24778 1.28673 5.84 4246
12.59665 2.53621 3.04 183
-1.17335 2.84713 5.47 2759
2.82939 3.74564 5.79 4021
11.15108 3.30438 5.98 4942
12.73569 3.62085 3.41 263
-6.28349 5.23742 5.13 1888
-13.24852 4.18864 5.48 2802
1.68924 4.66090 5.59 3191
6.92876 4.53089 5.69 3533
11.08102 4.24525 5.98 4930
-1.72296 6.60161 4.27 686
10.50465 6.20193 5.60 3237
8.26748 7.32498 3.88 460
-5.30337 6.73130 4.64 1050
6.91563 6.94872 5.09 1800
-8.47235 7.81839 5.44 2674
-6.33345 6.83032 5.80 4063
-2.13131 7.28098 5.98 4961
-12.53163 7.53708 5.76 3872
-9.73860 7.88202 5.79 4019
3.28732 9.85413 4.85 1360
5.71777 11.27367 2.75 124
13.17901 11.26312 5.15 1938
-10.33549 12.76902 5.32 2361
-9.86356 13.13488 5.73 3712
