-12.75157 -12.60431 5.97 4916
5.76826 -11.95186 4.47 871
10.52781 -11.06877 4.77 1214
-3.07805 -11.15929 5.95 4775
0.63072 -10.30828 4.74 1175
-10.59610 -10.69691 5.21 2075
-2.16286 -9.81438 5.45 2709
-3.90618 -9.57986 5.93 4679
12.82495 -8.01770 4.30 714
-10.27703 -7.75160 5.09 1796
4.73487 -6.96075 5.42 2630
1.24070 -6.86551 5.95 4807
-1.47393 -5.84839 5.91 4582
8.27341 -4.91490 5.39 2544
2.36600 -4.17172 5.52 2952
6.49916 -4.58416 5.91 4585
9.60616 -2.90795 4.95 1518
5.93478 -4.08955 5.18 2006
0.19139 -1.89353 4.84 1348
11.84355 -2.61010 5.77 3920
-5.69105 -0.32827 5.79 4033
7.21738 1.44484 4.05 552
0.25424 1.50846 4.99 1602
-8.60280 2.73363 5.08 1792
-1.35331 1.62460 5.81 4141
1.70507 3.20319 4.63 1037
13.17533 4.45319 5.36 2462
-11.87083 5.32829 5.61 3279
-8.49904 5.07524 5.67 3466
4.76832 4.21558 5.79 4014
-9.25383 5.99775 3.85 434
8.11917 7.67303 3.94 486
-3.63543 7.63309 5.34 2407
8.46853 8.93483 5.80 4059
5.34982 11.49966 5.32 2355
-14.74664 12.38141 5.41 2589
-9.39336 12.76066 5.46 2720
-4.57039 12.73397 5.48 2815
