2.38565 -12.87056 2.81 135
-3.37713 -13.67029 3.34 244
-13.13150 -14.27801 4.40 804
-13.16947 -13.71445 4.98 1573
7.96055 -12.67134 5.28 2260
-3.46045 -13.74613 5.33 2376
-4.87656 -13.44418 5.62 3306
-8.50047 -13.63801 5.85 4303
-13.92612 -11.99669 4.79 1237
-9.63841 -11.31169 4.85 1356
-0.28755 -11.46107 5.11 1854
-10.56213 -11.44888 5.61 3271
7.95020 -11.41327 5.68 3508
-8.18502 -11.87392 5.83 4189
-8.18231 -11.87536 5.87 4368
-1.00042 -10.86200 4.20 628
-8.31600 -10.22579 4.45 853
12.57817 -10.97364 5.05 1727
-4.08396 -10.40097 5.90 4530
-10.33920 -11.11707 5.95 4785
-2.66128 -8.50479 5.63 3329
2.35175 -7.64369 5.38 2523
6.91031 -7.08466 5.58 3144
2.92691 -5.84275 4.40 803
-12.35431 -5.84273 4.96 1545
10.25411 -6.51910 5.42 2623
-8.67266 -6.22283 5.66 3434
-7.56313 -6.58390 5.74 3765
-6.40965 -6.48998 5.93 4691
-0.04338 -4.66025 4.61 1014
-3.37688 -3.07551 5.18 2011
-10.78790 -4.16379 5.63 3332
7.17684 -3.64801 5.75 3813
-11.70066 -1.89722 5.33 2372
3.11648 -1.72852 5.68 3505
-13.44063 -2.24711 5.70 3607
13.87290 -1.63977 4.88 1396
-6.49200 -0.43416 4.94 1503
4.39726 -1.11441 4.99 1587
-14.58958 -1.17764 5.46 2726
-8.71801 0.52687 4.97 1554
-4.66137 0.56127 5.04 1693
-13.05943 0.59996 5.45 2689
-2.54397 0.19942 5.69 3563
-7.95977 0.59048 5.70 3614
8.60936 -0.02935 5.98 4962
-2.73604 1.49737 5.17 1991
3.54829 1.62494 5.54 2991
-11.67727 1.49776 5.78 3969
3.76626 2.81932 4.72 1151
13.51805 3.20367 4.98 1578
-4.04215 3.82438 5.48 2810
8.96767 3.26479 5.54 2997
6.16351 3.19046 5.98 4970
-10.86462 4.56742 5.79 4039
-10.40891 6.28852 5.75 3827
-6.37318 7.44072 3.93 481
-3.33897 7.98126 5.61 3277
9.82305 7.10651 6.00 5037
-9.53649 8.32126 5.90 4534
15.14440 10.51687 4.62 1019
3.95232 9.93648 5.36 2454
12.20846 9.52595 5.72 3690
-10.52292 10.16511 5.86 4328
7.86301 10.21704 5.96 4869
-4.80197 11.32727 5.49 2827
-2.48986 13.22724 5.76 3858
-13.06676 12.33771 5.82 4156
-11.86869 12.65257 5.97 4883
