13.18034 -12.82846 5.03 1669
-2.01599 -12.81666 5.71 3645
8.38033 -13.64226 5.78 3949
-14.63439 -13.26403 5.82 4180
-13.60436 -13.30756 5.87 4393
-12.08913 -11.86283 5.49 2833
-8.57614 -12.43561 5.77 3945
1.14304 -9.84991 4.69 1106
7.48057 -8.79159 3.84 432
11.81642 -9.06661 5.89 4461
1.98885 -7.30589 2.96 165
12.25001 -7.02847 4.02 534
9.96218 -6.89218 4.42 824
9.95988 -6.89257 4.59 987
1.64864 -8.11756 5.30 2309
0.37196 -6.03027 5.58 3160
8.70342 -4.95565 4.66 1071
-6.12826 -5.08866 5.67 3490
-7.02053 -3.76519 5.10 1818
-4.37390 -3.16462 5.64 3366
9.55189 -0.36932 4.79 1249
10.28691 -0.72625 5.48 2791
9.12880 -0.78974 5.75 3839
1.93736 0.08238 4.84 1345
-6.05635 0.95444 5.30 2308
6.98765 1.11260 5.37 2488
-7.33417 1.09135 5.67 3485
3.47453 1.64881 3.53 294
-12.72969 2.60348 5.16 1962
0.04480 2.35263 6.00 5061
-13.35213 3.37155 5.82 4177
0.39138 4.46534 5.65 3412
-5.36112 6.72376 2.39 82
9.92539 5.76433 5.58 3145
14.16494 8.25580 3.40 258
3.58869 9.12892 5.78 3985
1.12012 8.78344 5.80 4066
-14.04209 8.77503 5.96 4842
7.27832 9.99201 5.01 1646
-1.03233 9.74133 5.54 2988
0.36709 11.19426 5.60 3247
13.87866 13.51546 5.71 3620
14.25348 13.48530 5.90 4511
-5.20688 13.55834 5.94 4754
