13.75759 -12.16747 5.49 2842
15.13590 -12.60428 5.95 4805
-4.30902 -11.43953 4.83 1328
7.11146 -11.89980 5.18 2019
-0.07510 -12.10338 5.27 2229
0.40057 -12.01763 5.69 3559
9.74000 -11.25959 5.87 4356
9.39384 -9.39179 3.08 191
9.40350 -9.38338 5.11 1834
-1.76232 -9.74910 5.62 3296
-11.82082 -7.93713 5.12 1866
2.00445 -8.74706 5.55 3033
7.22730 -7.19807 4.97 1551
10.48248 -7.21131 5.38 2498
-11.70498 -6.55945 5.63 3327
-10.18763 -6.72219 5.83 4199
-12.06069 -6.79906 5.99 4983
11.76384 -6.14212 4.69 1114
-8.05489 -5.85658 5.48 2805
4.56307 -6.06037 5.85 4267
1.44792 -4.45465 5.56 3074
-4.70059 -4.12492 5.70 3585
3.45155 -5.05059 5.98 4935
-0.30469 -3.16538 3.24 222
0.00435 -3.91207 4.93 1483
-0.85523 -2.87208 5.22 2087
2.14671 -3.40464 5.23 2125
-2.92351 -3.32114 5.25 2184
-2.94804 -2.96090 5.91 4600
12.44165 -2.90169 5.94 4737
-2.83852 -2.20879 3.45 275
13.31737 -0.99073 4.99 1604
-6.69145 -1.90872 5.42 2611
-13.89546 -1.31781 5.88 4415
8.99903 -0.39553 4.74 1176
-1.50582 2.61211 4.30 716
-11.16611 2.03500 4.33 733
7.23109 2.04954 5.15 1933
2.02043 1.52586 5.28 2262
-14.44407 2.89564 5.48 2797
-13.88287 2.91276 5.58 3166
-1.71705 2.71518 5.58 3173
-4.13693 3.65369 4.36 768
12.13142 3.93979 4.89 1413
-4.12931 3.63885 5.73 3725
-6.17738 5.38403 0.03 5
4.41777 4.39301 4.36 767
13.63674 6.05163 5.12 1871
12.84085 5.50217 5.77 3900
-0.52992 4.47883 5.89 4448
3.66446 5.75719 4.39 794
-4.14331 6.49993 5.06 1744
-9.51230 6.65956 5.12 1877
-4.13532 6.42091 5.14 1919
-4.13533 6.42052 5.37 2473
13.31638 8.65826 5.69 3549
-1.32212 9.09188 5.44 2665
11.30684 10.04459 5.84 4229
8.86927 10.66535 5.35 2448
10.03799 11.36730 5.40 2561
-11.40378 10.60419 5.59 3211
-1.16410 12.35953 4.04 545
-13.28779 12.73575 5.00 1606
6.02966 11.78814 5.84 4255
9.07375 13.92289 5.17 1979
