-4.50129 -13.64938 5.63 3322
-8.16060 -13.39183 6.00 5047
-7.68767 -11.73230 4.77 1212
-8.00088 -11.94287 5.64 3368
-8.84661 -11.45316 5.93 4675
3.52923 -10.14321 4.95 1529
8.51476 -8.57910 5.07 1765
11.28068 -8.57596 5.15 1941
-7.08573 -9.46236 5.43 2636
6.09215 -9.39199 5.67 3478
-3.53127 -7.29038 4.44 839
4.23345 -8.08511 4.58 981
6.87787 -6.80985 5.22 2104
11.56154 -6.92861 5.32 2349
4.55580 -7.74472 5.52 2943
13.27172 -7.12158 5.54 3007
3.74843 -6.83337 5.57 3098
-10.51686 -7.58283 5.77 3922
-3.45114 -7.14875 5.81 4108
6.79966 -7.00406 5.88 4441
10.97930 -5.68159 4.78 1234
1.14849 -5.79632 5.49 2842
2.42410 -6.31718 5.95 4805
-5.28352 -5.03764 5.18 2019
-12.47045 -4.68308 5.27 2229
9.77309 -4.06761 5.49 2838
9.37960 -3.95972 5.52 2924
-11.98238 -4.63539 5.69 3559
-2.64884 -4.61532 5.87 4356
9.87076 -4.51939 5.92 4625
-2.80842 -2.76844 3.08 191
10.89587 -2.59687 4.52 920
6.40972 -2.94014 4.64 1051
-2.79817 -2.76100 5.11 1834
-13.97984 -2.20788 5.62 3296
10.33481 -1.41626 5.18 2016
-10.07649 -1.52609 5.55 3033
-4.72883 -0.43750 4.97 1551
-1.53581 -0.72681 5.38 2498
7.02673 0.03917 5.71 3670
-0.18451 0.21009 4.69 1114
5.47707 1.46177 5.49 2824
-7.26808 0.91907 5.85 4267
-10.25297 2.80286 5.56 3074
-8.28797 2.02316 5.98 4935
-11.91830 4.26434 3.24 222
3.04152 4.03222 4.23 650
12.81109 3.65597 4.43 834
-11.66960 3.48287 4.93 1483
-12.45452 4.61346 5.22 2087
-9.45178 3.78979 5.23 2125
7.14725 3.24452 5.64 3381
0.79345 3.32758 5.94 4737
-14.43252 5.47957 3.45 275
1.83398 5.12629 4.99 1604
10.14607 5.55110 5.66 3438
-2.33041 6.13400 4.74 1176
10.94170 7.37286 5.17 1980
4.59070 7.07364 3.89 465
7.36219 8.45877 5.36 2463
-12.63752 10.25429 4.30 716
8.14476 9.72715 4.93 1480
9.57264 9.80064 4.97 1552
-3.84589 8.75597 5.15 1933
-9.13070 8.77196 5.28 2262
10.65357 10.17719 5.58 3171
-12.84601 10.38273 5.58 3173
4.08151 9.70822 5.76 3878
13.79063 9.76771 5.88 4427
1.17355 10.13344 4.89 1413
5.49219 9.83812 5.19 2035
10.65357 10.17719 5.58 3171
12.06472 11.00521 5.90 4517
-6.44037 11.42078 4.36 767
10.34022 11.60460 4.81 1280
4.30118 11.80096 4.94 1487
2.85637 12.07928 5.12 1871
12.99464 12.49302 5.62 3292
2.02430 11.61716 5.77 3900
-11.46725 12.05760 5.89 4448
-7.07306 12.89124 4.39 794
-15.03115 14.55695 5.06 1744
-15.02967 14.47409 5.14 1919
-15.02972 14.47369 5.37 2473
