-10.75638 -11.37793 4.97 1557
-8.22236 -11.85820 5.12 1881
10.75884 -11.56725 5.24 2156
-11.81794 -11.71476 5.82 4166
0.33781 -11.38146 5.30 2314
10.83147 -9.81992 5.32 2354
9.11892 -10.06240 5.43 2644
-7.23870 -9.64098 6.00 5069
-7.31179 -8.14424 5.75 3852
-9.71508 -7.01179 5.96 4859
-1.04372 -7.76992 3.84 431
6.30997 -6.45957 3.87 453
6.08779 -7.34025 4.95 1515
-6.94598 -7.32676 5.00 1625
-0.48023 -7.79595 5.20 2064
-13.90503 -4.48479 5.69 3530
-5.47598 -6.54070 5.93 4689
6.38135 -6.11180 4.94 1495
4.07777 -6.29271 5.71 3659
12.50564 -2.05153 5.50 2850
-11.82292 -0.82234 5.17 1989
-12.60841 -0.46513 5.72 3688
10.70245 -1.16698 5.79 4027
-9.98951 -0.75180 5.83 4190
13.15692 5.83240 4.25 665
-5.42490 1.72603 4.84 1343
3.39168 0.49829 5.38 2499
1.95632 2.71592 5.80 4060
10.35961 6.89974 4.82 1288
2.35992 3.74769 5.14 1930
7.00270 6.63151 5.77 3943
8.34989 6.44339 5.91 4596
-11.82561 12.06417 5.42 2608
-6.11664 10.37029 4.29 712
1.53657 9.33452 6.00 5051
10.95184 18.29958 4.23 645
-9.41878 15.88904 4.96 1540
-3.04106 10.87200 5.26 2199
7.69942 13.74092 5.64 3378
5.10793 12.08024 5.98 4936
2.71036 12.01807 5.28 2249
2.70379 12.02375 5.85 4302
-2.40718 13.15631 5.50 2868
