-4.55375 -12.88872 5.46 2748
14.17845 -11.94272 4.92 1467
-13.26581 -12.18082 5.01 1639
-1.36439 -8.24850 4.08 566
2.97813 -9.50232 5.42 2607
7.92126 -7.81324 3.88 456
12.84247 -6.04268 4.49 886
2.80901 -3.05457 4.81 1284
10.68375 -3.17921 4.94 1494
-0.15690 -3.10405 5.14 1905
14.30458 -3.83780 5.52 2931
-8.69614 -2.07135 5.15 1948
12.97314 -0.23249 5.53 2985
14.47620 -0.19573 5.71 3654
-2.16418 -1.15842 5.91 4549
8.76717 0.98831 5.69 3536
3.37134 1.13620 5.94 4708
9.02550 2.60999 3.72 369
-6.29666 2.12225 4.26 670
-8.08555 1.44640 5.91 4571
14.86064 2.91613 4.40 800
-2.64963 3.30328 5.01 1645
-12.75633 4.91483 5.36 2461
13.61763 6.36205 5.93 4658
1.43400 7.99868 5.10 1831
7.43278 11.30307 4.86 1371
1.15663 11.65254 5.12 1862
1.37466 11.36897 5.95 4789
-6.40232 12.31991 5.99 4992
