8.09903 -13.01942 4.48 875
-1.48795 -12.81936 4.92 1461
13.67242 -12.25279 5.05 1725
0.05036 -13.08237 5.38 2519
6.94702 -13.03087 5.53 2984
9.22482 -12.43371 5.96 4835
-13.65369 -10.23782 2.23 70
6.36372 -11.07687 3.79 401
7.44395 -11.65415 5.73 3732
11.70245 -9.27326 4.92 1468
10.50453 -8.71299 5.03 1676
-5.49610 -10.28360 5.36 2467
-1.74817 -9.64260 5.51 2918
5.79116 -10.30243 5.75 3820
1.77531 -10.40707 5.81 4112
-2.75767 -9.58597 5.88 4412
-4.26115 -10.60385 6.00 5044
3.51682 -9.01563 3.77 394
1.01103 -9.07398 5.38 2520
13.67151 -7.79969 5.85 4297
7.62590 -6.37003 5.82 4162
-9.92658 -6.97210 5.95 4790
-3.37420 -6.01481 5.04 1706
0.14009 -5.95664 5.48 2796
-12.42299 -2.76496 3.75 384
13.82711 -2.83857 4.30 717
2.18822 -4.25857 5.12 1868
-5.11183 -3.79207 4.77 1220
2.54782 -3.07894 4.99 1582
9.78779 -2.42802 5.14 1914
-0.59307 -2.99000 5.66 3446
3.71554 -3.08734 5.91 4597
9.88427 -0.54295 4.96 1546
-6.39604 -1.21096 4.98 1567
-1.53380 -0.81230 4.66 1086
12.27435 2.60668 5.79 4051
-13.63211 4.82532 5.23 2120
10.49976 4.06938 5.39 2529
-2.60115 1.51335 5.99 5021
13.82954 6.54647 4.22 641
12.61866 5.05400 5.72 3691
-3.54606 3.61654 5.74 3759
11.42633 4.43835 5.75 3830
12.13426 7.41598 5.69 3569
8.90681 5.87053 5.96 4828
-6.82434 6.65628 5.03 1673
8.94654 7.71390 5.27 2233
2.92313 7.97253 4.59 995
-4.83339 7.97146 4.82 1303
-0.51416 7.22425 5.63 3347
13.89646 12.09950 5.58 3164
10.42479 11.07924 5.93 4651
1.64799 10.59690 3.07 188
8.13292 11.89931 4.51 910
-10.31860 13.87009 4.80 1260
-11.21524 13.26002 5.05 1717
9.90735 13.91031 5.55 3022
-5.59629 12.60082 5.95 4784
3.89979 13.61891 4.68 1099
5.40880 13.39760 5.92 4614
