6.59910 -13.66355 4.02 536
11.93603 -13.47303 5.57 3126
-13.34147 -11.03556 4.67 1091
-2.95405 -11.10962 5.77 3928
-5.65292 -9.80928 5.25 2173
6.02525 -10.45116 5.38 2526
2.30069 -9.37056 4.36 766
5.28508 -9.42922 5.69 3548
-1.56899 -9.34601 5.78 3991
-7.18483 -9.34355 5.99 4980
2.88719 -7.77315 5.88 4405
1.82073 -6.10310 4.19 624
-10.07254 -5.49688 4.36 763
-10.09397 -6.56575 5.10 1823
-12.15188 -5.35906 5.28 2263
11.36761 -6.28209 6.00 5047
-5.19775 -4.35949 3.84 427
11.64212 -4.61278 4.77 1212
-6.27597 -4.06385 4.95 1532
-12.36391 -4.28375 4.96 1544
-12.36668 -4.28397 5.18 2010
3.92187 -4.86309 5.48 2793
11.35492 -4.84908 5.64 3368
10.45673 -4.44971 5.93 4675
4.66859 -3.16881 4.59 993
-10.83852 -3.50676 5.06 1742
-5.62576 -2.26210 5.41 2588
11.97514 -2.31821 5.43 2636
-1.41009 -1.90437 5.61 3258
-2.26908 -1.87997 5.84 4242
-3.25985 -1.52298 5.90 4537
-6.50268 -0.63618 5.27 2232
8.34384 -0.82654 5.77 3922
1.85969 2.28792 4.83 1328
13.26943 2.27974 5.18 2019
6.07988 1.80130 5.27 2229
-13.83990 2.03111 5.46 2723
6.54980 1.90359 5.69 3559
-9.94064 1.81597 5.86 4309
-9.94096 1.81061 5.90 4531
4.31137 4.05028 5.62 3296
-9.80713 5.49516 3.83 419
-5.71323 5.42216 5.12 1866
8.04287 5.20019 5.55 3033
-12.75015 6.40475 3.70 361
13.28801 6.97853 4.97 1551
-5.68482 6.78780 5.63 3327
-4.18221 6.69219 5.83 4199
-6.01917 6.53523 5.99 4983
-12.42244 7.69525 4.41 810
-9.81243 8.00171 5.04 1705
-2.12374 7.64668 5.48 2805
10.54887 8.00805 5.85 4267
-8.28899 9.07478 4.97 1562
7.33805 9.49059 5.56 3074
1.12987 9.53683 5.70 3585
9.39051 8.97949 5.98 4935
5.51575 10.71779 3.24 222
5.85688 9.97330 4.93 1483
4.94695 10.98999 5.22 2087
8.01229 10.59192 5.23 2125
2.87767 10.43395 5.25 2184
-10.02475 10.35687 5.71 3657
2.83707 10.79858 5.91 4600
2.91435 11.56952 3.45 275
-0.97595 11.68639 5.42 2611
-8.18452 11.93306 5.88 4415
-11.47337 11.87275 5.99 4995
14.97874 14.03807 4.74 1176
