-7.16444 -13.14609 5.16 1974
14.76714 -11.99578 5.67 3490
13.79189 -10.63971 5.10 1818
-0.31792 -7.84014 5.23 2114
5.42138 -6.50540 3.92 478
14.59850 -5.79302 5.30 2308
-12.69935 -6.29571 5.31 2339
1.56518 -6.16960 5.61 3280
13.28223 -5.68789 5.67 3485
1.85895 -5.54150 5.94 4714
7.81942 -4.32491 5.16 1962
-4.16589 -5.46336 5.58 3162
7.18451 -3.58300 5.82 4177
0.02207 -3.40315 5.99 5017
4.88854 0.03635 4.49 883
3.48750 0.19415 4.69 1115
-7.05297 0.17420 5.05 1720
-0.52741 1.14957 5.48 2819
-9.03383 1.88869 4.03 538
-7.46886 1.95846 5.43 2640
6.35088 1.69889 5.96 4842
-1.45738 3.52279 5.58 3135
-3.47103 3.50484 5.98 4971
-1.46270 5.10652 5.17 1983
-8.73619 4.26149 5.38 2505
-7.11649 4.62081 5.72 3704
-13.46589 5.14137 5.95 4773
-7.48401 6.39898 3.63 338
-8.23443 6.52783 4.68 1096
-6.23846 6.35382 5.99 5000
-6.75601 8.20735 3.77 393
-5.49852 7.01892 4.43 835
-6.94272 8.10931 5.97 4888
-4.41761 8.45436 4.27 683
-4.42203 8.45480 5.14 1928
-13.16400 11.09004 5.80 4084
7.23994 13.67870 4.08 568
12.46429 13.21947 5.45 2701
0.15114 12.88977 5.65 3386
