8.98403 -14.15102 1.96 45
-1.51715 -12.96332 5.70 3611
11.03948 -14.89658 5.71 3617
0.16890 -12.63970 5.87 4395
-5.96018 -13.30460 5.96 4855
-14.46693 -13.71414 4.40 805
8.82026 -11.84737 4.86 1378
5.73746 -11.43003 5.09 1802
8.31648 -11.69036 5.19 2039
8.13301 -12.21058 5.48 2821
8.79988 -11.82457 5.52 2936
1.05181 -11.18717 5.53 2972
8.39230 -11.64477 5.61 3283
6.65118 -11.70062 5.69 3547
-0.67054 -11.00581 3.47 279
8.40934 -11.51484 3.62 336
11.82054 -11.81340 4.69 1104
-5.11540 -10.59434 4.94 1505
13.11066 -11.31042 5.23 2128
-8.35545 -10.32513 5.39 2537
4.85746 -9.99931 5.85 4282
-6.29344 -10.87098 5.87 4352
-9.40371 -11.06439 5.97 4893
-7.29274 -8.69091 5.10 1812
-12.75714 -10.10591 5.14 1920
5.45191 -9.49606 5.17 1990
-11.24633 -10.62104 5.96 4862
2.98650 -7.20326 5.51 2902
7.78574 -8.68178 5.80 4090
-2.10034 -7.60239 5.91 4599
1.02787 -7.68821 5.95 4808
-0.39443 -5.82485 4.41 811
-1.54416 -6.34860 4.63 1034
-12.54028 -7.46883 4.93 1478
7.69015 -7.23580 5.01 1648
9.70179 -7.33080 5.16 1964
-1.53331 -4.27014 4.24 655
-10.38170 -5.25562 4.76 1207
5.12393 -4.97453 4.82 1306
-14.50008 -6.63103 4.95 1528
-11.12724 -6.29943 5.14 1927
9.70077 -4.91677 5.51 2889
-4.92467 -5.11315 5.68 3522
2.07484 -5.08360 5.70 3610
-5.25919 -5.45455 5.72 3706
2.54423 -4.79307 5.82 4155
13.20484 -6.16010 5.87 4372
9.28422 -6.01035 5.90 4502
12.03927 -5.64496 5.91 4551
2.21389 -3.23547 1.78 33
2.20307 -3.24771 4.27 680
-2.72111 -2.89727 4.71 1137
9.59697 -3.81116 4.77 1223
13.76211 -4.36758 5.18 2026
2.23252 -4.06130 5.23 2115
6.68656 -4.33038 5.33 2373
12.51066 -4.54418 5.33 2383
9.57454 -2.87755 3.84 425
10.97462 -2.22272 3.91 475
-2.54312 -1.92422 4.11 578
-11.16751 -3.25552 4.49 891
11.95684 -3.05589 5.10 1824
3.17933 -2.79789 5.13 1884
-2.93575 -2.26148 5.23 2112
-10.28909 -3.14866 5.66 3429
-10.62781 -3.30194 5.72 3687
11.26036 -2.42410 5.75 3847
2.82211 -2.30588 5.76 3874
-2.52652 -2.58832 5.84 4228
7.04587 -2.15573 5.99 5006
-11.32627 -1.07346 4.89 1420
12.03595 -1.35507 4.93 1485
1.60805 -0.38143 5.05 1726
-4.11598 -0.34597 5.06 1747
-0.51203 -0.79294 5.17 1993
10.10947 -1.22334 5.23 2130
11.11589 -2.06311 5.46 2729
9.81803 -0.88051 5.71 3632
3.43579 -1.22020 5.83 4185
-0.23393 -0.29629 5.99 4982
7.17580 0.05158 4.99 1601
-0.66213 1.21653 5.09 1801
-11.35720 -0.31829 5.10 1828
2.35945 1.16694 5.21 2078
7.16423 0.83198 5.79 4026
-7.68212 1.97236 3.25 224
-0.75395 2.05073 5.35 2419
-10.36021 0.72765 5.85 4271
11.22888 2.48114 4.07 561
9.45640 2.22365 4.14 605
2.86524 2.70864 4.75 1186
-14.25568 2.46985 5.20 2051
6.58065 3.65161 5.47 2774
6.28280 2.82338 5.98 4964
12.86778 3.03583 6.00 5049
0.70779 5.05722 5.52 2945
-11.63076 4.14054 5.94 4724
0.94374 6.85500 2.25 71
-2.03017 6.04797 3.73 375
3.67891 6.31107 4.44 843
-4.22892 5.47861 5.17 1992
10.60369 5.89348 5.20 2048
-12.52160 5.32386 5.31 2338
13.06747 5.49961 5.48 2795
-13.79497 4.58403 5.79 4015
3.00937 7.34317 4.45 850
-13.61247 6.36185 4.83 1315
-0.14023 7.83509 5.24 2158
-11.08820 7.31674 5.25 2191
-1.97213 8.41615 4.49 885
-5.56153 9.04969 4.84 1341
-3.39372 8.86558 5.08 1785
-5.05354 8.76318 5.42 2615
-8.30916 8.15282 5.43 2655
-5.50212 9.28846 5.73 3749
-5.47345 9.12078 5.76 3855
-11.80355 8.48978 5.80 4099
9.04209 8.03635 5.96 4870
-11.86363 10.21326 2.70 117
-4.01155 9.59729 3.61 328
12.41477 10.07821 5.76 3870
-3.76356 9.65524 5.88 4398
-4.19980 9.62521 5.88 4414
0.44621 10.63010 5.95 4793
-5.48605 10.07125 6.00 5075
5.15428 11.37683 4.45 855
-11.60519 10.75853 4.66 1075
-12.04781 10.91019 5.03 1689
3.90061 11.90326 5.08 1770
-11.51106 10.75662 5.11 1839
5.94839 11.58101 5.20 2068
-1.93585 11.89896 5.43 2653
-7.30616 11.70225 5.54 3006
-4.71044 12.25337 5.60 3240
-4.44009 12.24726 5.80 4073
-5.92443 11.56477 5.80 4089
-13.29702 10.82996 5.96 4860
11.41008 12.81283 3.97 503
3.79123 12.50135 4.78 1224
-1.63431 12.58655 5.49 2835
5.17645 13.07619 5.58 3136
7.97116 13.38932 5.75 3841
4.02088 13.06954 5.78 3950
-3.05205 13.44936 5.93 4681
