-13.19128 -14.30852 5.15 1945
4.52947 -13.38992 5.30 2307
-4.79628 -13.62911 5.32 2362
2.94617 -12.80528 5.68 3526
1.01666 -13.83416 5.73 3722
1.94436 -11.25095 5.81 4136
11.69635 -10.54690 5.50 2878
5.61120 -8.90088 5.74 3753
10.47577 -6.82762 4.54 941
-8.03946 -4.52283 5.43 2659
-6.95862 -5.20029 5.90 4519
3.58212 -1.45011 2.75 123
-9.62973 -1.95539 4.91 1446
8.78846 -1.86463 5.20 2057
3.51969 -1.38834 5.15 1937
3.09519 1.15020 5.31 2346
-6.97817 2.15755 4.52 926
14.85227 3.29902 5.72 3702
5.64750 4.88195 5.46 2718
4.83062 4.22023 5.80 4082
6.37385 5.23718 5.87 4351
-9.20106 6.38949 4.19 623
12.66312 7.54864 2.61 103
-11.37602 7.67832 5.46 2748
7.16545 8.86427 4.92 1467
-8.29703 12.38006 4.08 566
-3.88390 11.15410 5.42 2607
1.05655 12.90621 3.88 456
14.33649 12.54042 5.54 3002
