11.67214 -14.09923 5.71 3636
-14.19078 -11.48166 4.73 1160
0.56610 -9.83606 5.05 1716
-14.19285 -11.48432 5.40 2574
13.36614 -10.81568 5.57 3117
-14.17341 -9.45617 4.17 618
14.47974 -8.46116 3.87 449
6.84964 -7.74468 4.55 958
9.64528 -8.64432 5.76 3859
-2.60840 -7.79829 5.96 4863
-4.54519 -5.59858 3.96 496
10.61801 -7.21957 4.83 1318
-13.18852 -7.26007 5.11 1857
3.23363 -6.78169 5.86 4317
-6.31389 -5.37890 3.56 306
6.52932 -2.59456 5.94 4731
-1.31197 -0.77640 3.82 414
0.92822 -1.05168 5.68 3523
-11.67151 -1.18146 5.93 4671
-1.92901 0.30596 4.51 905
-10.48464 2.85165 5.59 3186
12.06770 3.12705 5.99 4987
6.83221 4.96149 5.02 1664
10.87768 3.80773 5.07 1767
7.80413 5.08639 5.73 3746
-14.60800 6.78014 4.65 1056
-12.69027 7.76858 4.66 1076
13.13783 6.67246 5.06 1733
0.03547 7.57902 5.58 3167
7.50297 7.54758 5.61 3282
-5.27719 6.93082 5.83 4203
8.15657 10.33490 3.19 211
7.25355 9.77806 5.75 3822
13.15835 11.66423 4.71 1143
1.63640 12.02239 5.72 3700
7.01098 13.64712 4.91 1440
-6.29383 12.83812 5.38 2502
-9.27998 13.12923 5.79 4006
-7.06772 12.70623 6.00 5042
