-7.78486 -13.31639 3.88 460
6.17994 -13.34744 4.42 818
-9.07900 -13.92546 5.09 1800
12.88167 -12.26480 5.94 4718
8.43866 -12.60919 5.97 4889
11.52645 -11.39325 4.00 517
5.61538 -11.02291 4.05 550
-13.19397 -11.60894 4.85 1360
5.35028 -9.77608 5.94 4717
1.85406 -8.77523 2.06 57
-10.94780 -9.80178 2.75 124
-3.62931 -8.65699 5.15 1938
11.47600 -9.04422 5.67 3460
12.35150 -7.78650 4.05 547
12.73070 -7.85468 4.92 1460
-1.80399 -7.79668 5.54 2994
-2.98993 -6.14626 4.19 626
6.31125 -6.74662 5.56 3064
-4.11649 -4.24240 4.23 651
-2.35063 -4.12714 4.56 963
-1.97482 -2.65635 4.73 1167
-12.67983 -2.68827 5.10 1832
8.42241 0.44093 4.97 1559
-6.35452 0.45561 5.83 4182
-8.25629 1.55308 5.69 3560
7.01825 2.91242 4.77 1211
3.89226 3.70373 5.08 1789
0.72393 3.51995 5.48 2808
1.95265 4.53581 3.27 228
14.85922 4.68134 5.24 2151
14.84379 3.89735 5.77 3942
-7.13573 4.64417 5.78 3973
-4.43594 5.26526 5.81 4128
14.39737 5.62857 4.94 1499
14.80894 5.33726 5.63 3313
0.00054 6.85018 5.77 3897
5.88428 5.63368 5.87 4390
-0.46161 6.90206 5.15 1945
7.76245 6.95442 5.32 2362
13.57353 6.32320 5.73 3722
-13.11984 8.92792 3.00 172
-9.62950 8.98918 4.97 1558
