-4.96415 -12.30619 3.90 470
-14.06174 -12.05805 4.93 1484
3.23602 -11.65024 5.31 2322
-4.68945 -12.41906 5.59 3181
-5.33669 -12.08959 5.61 3252
-10.91134 -11.04370 4.34 745
2.08325 -9.70263 5.70 3605
-2.05999 -9.84559 5.81 4118
-13.48407 -8.81826 4.68 1101
2.49957 -9.49216 5.29 2281
7.57775 -7.53412 5.67 3491
11.85659 -3.64463 3.88 459
-13.03911 -3.60894 4.39 791
-14.42540 -3.75231 5.29 2280
-4.94211 -3.96586 5.73 3715
1.10261 -2.19303 4.30 715
-0.42512 -2.27184 4.44 840
-13.35087 -0.06842 5.65 3417
-2.14139 -0.33078 5.87 4363
5.25000 1.31323 3.11 194
-0.79834 0.96397 4.16 614
2.87374 1.15270 4.36 770
8.89446 0.17107 4.97 1560
2.30680 1.94722 3.38 254
-1.41199 2.22047 5.99 5001
-4.79128 3.53346 5.13 1899
7.75545 3.19759 5.85 4276
-7.98551 5.80741 3.52 290
-0.98316 6.39037 5.88 4413
9.42565 7.89345 5.24 2159
1.60758 6.98000 5.66 3443
6.25162 9.48826 4.25 667
5.38493 9.15234 5.41 2587
-4.47673 10.57334 5.50 2867
1.08022 10.58315 5.64 3361
2.33947 9.79410 5.87 4355
-11.85143 11.39917 5.12 1863
11.92155 13.99220 5.34 2406
-3.82849 12.74661 5.95 4782
