-0.98390 -12.75599 5.47 2756
-3.23071 -13.03518 5.28 2257
-0.48292 -10.33865 5.49 2841
-2.08863 -8.61007 5.77 3911
4.37452 -18.14994 5.42 2631
2.96532 -7.18649 5.69 3538
0.39930 -6.86793 5.77 3918
-0.37536 -2.77219 5.11 1841
-5.33359 -5.25885 5.29 2296
-0.11458 -2.97360 5.73 3718
0.46504 -3.05699 5.28 2251
10.09577 -11.03244 5.85 4285
3.98953 -4.93779 5.87 4342
-3.73409 -2.49339 4.15 607
-9.24957 -6.07087 5.91 4550
10.59329 -8.87371 5.79 4046
-5.52094 -1.80885 5.10 1826
-4.03071 -0.77785 5.35 2447
-9.76891 -5.99414 5.77 3936
9.17448 -1.87575 5.28 2248
-1.01914 1.62186 5.75 3812
11.05633 -3.32254 5.57 3120
12.74678 -3.90098 5.70 3577
-9.81029 0.58874 3.76 388
-12.34941 -0.76762 5.15 1954
-7.34863 1.78200 5.51 2892
-1.99248 3.46965 5.81 4139
1.94365 3.65624 2.80 132
0.12238 4.02111 4.78 1235
13.11159 -2.25698 5.52 2939
1.60005 3.45258 5.97 4905
-9.26345 2.97253 5.95 4803
-1.67997 4.21318 6.00 5028
4.31580 6.52500 5.07 1766
13.09831 4.66260 5.01 1650
-9.80124 8.68088 5.29 2293
0.51669 11.80916 5.59 3214
-10.76792 11.06644 5.78 3986
