6.79194 -13.82730 5.88 4425
5.01421 -11.36745 5.71 3647
4.84580 -11.85232 5.79 4020
-1.06417 -9.67279 4.95 1524
-9.39803 -11.02050 5.34 2402
-13.24233 -7.99666 4.02 529
-14.87423 -8.17656 4.83 1335
-6.67525 -7.46540 5.01 1632
-11.63904 -6.77560 3.44 269
-12.09018 -5.59492 5.42 2610
-0.75718 -6.37851 5.46 2734
-12.81024 -5.13942 5.42 2626
4.56232 -4.27629 5.65 3390
-3.19815 -3.82526 5.03 1675
-1.12240 -1.76204 4.36 761
11.45715 -1.39712 5.47 2767
10.78432 -1.13545 3.23 218
-6.65917 -1.22628 5.49 2847
0.24707 -0.85058 5.67 3484
8.38036 -0.97707 5.68 3498
-6.05154 -0.34680 5.83 4205
9.64412 -0.93593 5.99 4986
-4.62073 0.46450 4.66 1073
5.05546 0.37546 5.61 3270
4.27440 1.37918 3.90 469
-7.36773 1.49288 5.10 1829
-3.76297 2.67479 5.80 4097
-12.58950 2.52347 5.83 4186
-9.03939 3.16330 5.15 1932
-14.79797 3.53529 5.57 3128
-3.99291 4.02138 5.85 4275
-4.97125 4.27802 3.36 251
-15.17295 5.87355 4.62 1018
-15.16466 5.87110 4.98 1577
-8.06767 6.67134 5.59 3204
-0.27615 7.41363 5.17 1982
14.95937 7.47018 5.31 2339
5.25029 8.82965 3.71 363
-10.67854 8.42498 5.22 2086
-2.02373 10.16416 4.45 848
8.29436 10.07626 5.52 2941
1.93980 10.49058 5.91 4602
3.69436 12.25564 0.77 12
4.88414 11.69447 4.71 1134
7.20314 11.85687 5.91 4559
