-0.87839 -5.72792 5.47 2756
-3.11558 -5.80605 5.28 2257
-0.17963 -3.40592 5.49 2841
-1.62261 -1.56792 5.77 3911
3.92488 -11.42412 5.42 2631
3.51109 -0.60086 5.69 3538
0.99202 -0.06399 5.77 3918
0.57600 4.07089 5.11 1841
-4.56573 2.02537 5.29 2296
0.81852 3.84742 5.73 3718
1.38902 3.71413 5.28 2251
10.22161 -5.00192 5.85 4285
4.73204 1.53770 5.87 4342
-2.74842 4.63955 4.15 607
-8.51562 1.55864 5.91 4550
10.92410 -2.92534 5.79 4046
-4.47361 5.47792 5.10 1826
-2.90225 6.38120 5.35 2447
-9.02478 1.67949 5.77 3936
10.19313 4.13943 5.28 2248
0.31314 8.53226 5.75 3812
11.93119 2.53225 5.57 3120
-8.56555 8.25212 3.76 388
-11.20114 7.10986 5.15 1954
-6.01115 9.24068 5.51 2892
-0.50344 10.48210 5.81 4139
3.46569 10.33048 2.80 132
1.66845 10.85751 4.78 1235
3.10216 10.15411 5.97 4905
-7.83482 10.60763 5.95 4803
-0.12556 11.20800 6.00 5028
-13.37092 6.79973 6.00 5079
