-4.38611 -13.61575 3.55 305
-1.20884 -12.66482 3.71 366
2.06743 -13.75052 4.67 1092
13.33351 -12.91516 4.82 1309
-3.49454 -13.12672 5.49 2826
3.21795 -13.26538 5.56 3063
-13.75199 -11.55369 4.29 708
5.30690 -12.07552 5.01 1641
-12.37737 -12.56532 5.25 2165
-14.40629 -12.06893 5.50 2854
12.48662 -11.70901 5.97 4887
10.64634 -10.33656 5.15 1953
-13.62845 -10.32912 5.30 2302
8.19063 -9.06837 5.22 2105
7.24697 -9.38836 5.64 3375
-1.78005 -9.32374 5.66 3448
0.62215 -7.69085 4.95 1520
-11.92058 -7.48291 5.61 3266
1.84411 -7.20341 5.87 4344
10.27356 -7.09576 5.93 4649
-4.14953 -6.42753 2.06 58
-0.31439 -6.25542 5.03 1679
14.36960 -5.92723 5.19 2027
6.39734 -6.06684 5.36 2466
-2.66958 -5.55064 5.97 4919
10.87344 -4.43649 5.43 2663
-12.55349 -4.83079 5.90 4539
-12.34316 -3.98073 4.14 604
9.84835 -2.86078 4.60 1009
-9.58662 -3.22795 4.62 1026
-7.19683 -3.07373 4.80 1259
6.71036 -3.90834 5.27 2217
-2.93437 -3.45766 5.35 2430
9.85120 -2.86312 5.40 2573
9.85120 -2.86312 5.60 3246
-14.58132 -2.68788 3.60 325
5.06333 -1.76382 3.98 512
-8.53100 -1.42080 4.78 1226
4.03988 -2.13538 5.05 1715
1.43731 -2.34276 5.21 2070
-8.54124 -1.43088 5.67 3475
-7.99658 -1.50175 5.72 3679
-7.29141 -2.19477 5.96 4847
-8.39842 -1.29264 2.77 127
-8.42261 -0.61257 5.08 1787
-8.45973 -0.57659 5.13 1896
12.57998 -0.38049 5.52 2940
11.10305 -1.27029 5.60 3218
-8.42836 0.18318 4.59 994
9.58613 0.27701 5.06 1739
-8.33442 0.15992 5.26 2197
2.26965 1.10154 5.38 2510
4.99320 0.57845 5.83 4183
-1.53408 0.52411 5.87 4360
-3.90273 1.23284 5.97 4915
5.29313 0.10068 5.99 5003
0.01939 2.63820 4.53 933
-10.52513 2.08569 5.79 4023
4.75712 1.71438 5.83 4187
-7.01842 1.94635 6.00 5059
-12.26100 3.52719 3.36 249
-7.29569 3.27308 3.81 412
6.85729 2.80068 4.90 1429
-8.18876 5.19970 1.70 29
-6.60838 4.18107 2.05 54
-6.60780 4.18107 4.21 635
-10.44459 5.34637 4.71 1133
-6.58725 5.30368 4.95 1527
11.61946 5.16519 5.10 1814
-9.12330 5.26101 5.34 2409
-9.40742 4.65684 5.35 2428
9.18209 4.77481 5.87 4337
-8.93014 4.82628 5.93 4682
-9.66370 6.44863 2.23 68
-13.25621 6.32944 4.73 1159
-12.28775 5.62105 5.08 1769
9.40844 6.48081 5.55 3035
5.35532 6.15647 5.65 3397
-13.33735 6.28197 5.68 3510
-12.57515 6.64123 5.70 3572
8.70800 5.55266 5.87 4362
9.40631 7.28030 5.20 2055
-0.40356 7.62819 5.22 2091
14.28500 7.55947 5.79 3998
12.23175 8.10894 5.80 4098
-6.51551 7.33229 5.93 4680
-1.81234 8.20299 6.00 5078
-2.60636 9.43359 4.78 1231
-6.04738 8.91031 4.91 1441
-12.24636 9.45085 4.95 1530
-10.42796 9.36230 5.78 3961
-0.54910 9.40716 5.90 4525
-4.62423 8.48201 5.95 4774
-14.23320 10.52105 5.34 2405
9.48277 10.92748 5.55 3032
3.09426 10.33134 5.73 3724
-3.27673 9.67007 5.98 4938
-11.53206 11.20590 4.59 989
-12.95679 11.85397 5.00 1623
-8.92842 12.13324 5.36 2468
-9.98577 11.47160 5.46 2743
15.27633 12.43300 5.90 4532
8.25583 13.29514 4.44 837
-7.21859 12.62118 4.57 973
1.72032 12.65096 5.63 3328
11.26569 13.69950 5.84 4237
-3.38650 13.02745 5.97 4917
