-0.71718 -12.92988 4.35 752
-1.42311 -12.44871 5.12 1859
-12.69067 -14.79995 5.16 1964
13.28042 -12.59995 3.84 426
-13.41093 -12.44203 5.51 2889
-9.66648 -12.50325 5.87 4372
-13.49308 -13.64870 5.90 4502
-10.93045 -12.38490 5.91 4551
-8.43810 -10.25772 3.75 382
-13.84148 -11.39738 4.77 1223
12.51908 -10.70872 5.02 1657
6.13014 -10.40852 5.08 1786
-9.66683 -10.60373 5.18 2026
-10.80470 -11.17059 5.33 2383
9.39196 -11.22461 5.65 3418
-6.18895 -10.36954 5.92 4607
-14.14099 -10.49451 3.84 425
-12.96971 -9.41477 3.91 475
2.76880 -9.05724 4.58 983
-11.77505 -9.91124 5.10 1824
2.70140 -8.56350 5.62 3287
2.52026 -9.58586 5.73 3731
-4.20782 -8.42927 5.75 3834
-12.63339 -9.51993 5.75 3847
-6.74792 -9.36239 5.79 4011
-12.20084 -8.24759 4.93 1485
2.39046 -7.91405 5.08 1775
-14.10800 -8.71665 5.23 2130
-12.87999 -9.21609 5.46 2729
-14.49490 -8.47449 5.71 3632
3.45897 -7.33326 5.71 3642
12.68096 -7.98237 5.74 3752
-7.05585 -6.99803 5.00 1614
-5.81216 -6.06216 5.12 1879
1.58742 -6.54234 5.55 3058
-6.37904 -5.93878 5.85 4258
12.92231 -7.38755 5.91 4594
-7.98798 -5.09080 2.21 66
-6.40293 -4.66986 5.25 2194
-0.49371 -4.37584 5.50 2852
-6.83823 -5.23879 5.57 3129
8.91574 -4.74031 5.60 3226
8.85049 -3.35812 3.85 440
-14.11112 -4.79697 4.07 561
-4.61062 -3.13006 5.58 3174
-12.69239 -3.78907 6.00 5049
-10.31225 -2.31104 4.45 846
10.87642 -2.92977 4.83 1322
-9.89349 -3.11245 5.55 3059
9.87558 -2.83779 5.96 4853
7.84815 -2.69887 5.98 4948
-2.42278 -0.67097 3.60 322
-1.99479 -0.91114 5.35 2436
-13.22170 -1.38249 5.48 2795
8.83415 -0.89565 5.90 4500
-6.10502 0.62474 5.33 2369
14.68288 -0.53331 5.38 2506
-7.52164 0.72047 6.00 5056
-6.53972 1.74141 4.94 1508
11.79500 2.03456 5.33 2370
-12.68089 0.92741 5.82 4159
-6.61044 3.33168 4.62 1025
-6.81048 3.05752 5.86 4333
2.58610 3.82369 5.97 4880
-0.70104 5.35232 5.98 4940
-2.98899 5.51207 4.51 913
5.25263 5.50914 5.23 2111
-2.35629 5.85334 5.87 4339
4.77634 8.95641 5.84 4236
-0.82921 10.77477 5.63 3331
14.09538 11.57158 4.25 666
-2.48607 11.18123 5.93 4653
-9.03247 13.01526 5.59 3207
