9.56692 -12.96957 3.58 318
-3.36650 -12.11616 5.62 3294
-2.32881 -7.60831 4.74 1170
-11.89755 -7.50143 5.82 4154
-2.50244 -7.30004 5.87 4343
-4.86832 -6.77402 5.98 4933
5.03525 -6.04669 4.81 1277
-6.24097 -4.89846 4.82 1305
-6.89417 -3.63175 4.98 1570
13.86485 -2.80882 5.48 2804
8.64381 -1.94145 3.03 181
-3.48443 -1.93430 5.50 2857
-13.47205 -1.13829 5.91 4578
-3.66888 -1.98099 5.94 4725
-11.08880 1.45402 4.73 1156
-12.17346 1.00455 4.92 1459
-10.42357 0.78952 5.60 3238
11.44588 1.33973 5.73 3716
-11.56910 1.90786 5.79 4001
-3.55651 1.56119 5.87 4382
1.96235 5.30977 5.27 2236
9.51446 5.54369 5.70 3581
9.55636 6.61289 5.39 2556
-13.17347 8.35019 5.63 3338
3.91403 8.47019 4.18 621
11.82437 9.33294 5.74 3762
-8.07800 8.71621 5.88 4399
11.40143 12.97826 5.69 3543
-2.81874 12.92595 1.86 39
-5.81362 12.69736 4.70 1121
-9.40996 14.05088 5.15 1942
1.87000 13.09672 5.25 2171
6.42342 13.92710 5.59 3213
12.74736 14.52867 5.63 3326
7.84679 13.40167 5.74 3768
