-6.37204 -13.38587 5.00 1622
-8.34462 -13.92847 5.72 3696
-2.93938 -13.77531 4.23 644
6.75651 -13.55527 5.93 4674
-11.06279 -12.73751 5.68 3525
-1.13985 -11.08655 5.09 1807
-13.38941 -11.81697 5.66 3439
-6.69786 -11.52828 5.97 4896
-1.32871 -10.99032 4.37 781
-1.32603 -11.00108 4.54 942
2.14797 -10.90470 5.70 3608
12.87746 -11.01458 2.86 144
4.45112 -9.55706 5.37 2470
10.35799 -9.18773 5.71 3639
0.45987 -7.22908 5.98 4959
0.07679 -6.11223 5.89 4467
-13.02354 -6.54620 5.63 3321
10.69290 -4.20351 0.46 9
0.61801 -3.37877 4.36 773
-13.97204 -4.45696 5.59 3202
0.33518 -2.05792 5.70 3592
11.38626 -2.87786 5.76 3853
11.38400 -2.88210 5.87 4346
5.53930 -0.61884 3.92 479
13.46269 0.45186 5.04 1699
12.65802 0.32444 5.52 2932
-8.51982 2.47870 5.13 1894
-1.15844 3.58872 5.57 3104
-11.60025 5.51784 5.18 2023
2.30878 5.46249 5.22 2107
-8.48113 5.84537 5.53 2976
11.56879 7.15903 3.95 491
-7.59806 7.71775 5.70 3578
-1.94684 8.49089 4.77 1217
-0.99587 9.62550 5.51 2897
-2.19744 9.30052 5.69 3561
-8.83321 7.94046 5.71 3621
1.34224 10.24493 5.80 4088
6.18900 11.16068 3.31 237
0.31887 12.30688 4.59 988
5.45090 11.67055 5.36 2459
-7.40853 12.42221 3.88 458
8.56207 12.60907 4.96 1542
