-6.39976 -12.98667 5.40 2579
8.56730 -12.86439 5.55 3060
-9.90050 -13.17722 5.74 3772
-1.47677 -11.43516 5.90 4527
-10.52668 -11.80023 5.94 4736
0.34746 -12.37765 5.98 4943
-7.99318 -10.50289 4.76 1209
-13.03218 -9.37544 5.02 1661
3.58457 -10.00770 5.78 3972
9.48725 -10.02832 5.87 4341
-12.09998 -8.50438 4.54 943
-11.47091 -7.74105 5.03 1668
-11.79885 -8.00368 5.41 2604
-2.09500 -8.34191 5.98 4953
-9.20047 -7.21833 5.07 1757
-9.44987 -7.31560 5.94 4742
-12.48609 -7.13849 5.96 4854
-0.07597 -3.82015 2.62 104
-2.44309 -3.66347 4.74 1173
-9.65666 -3.12915 4.99 1600
-12.55389 -1.27909 4.86 1379
9.83659 -1.64065 5.29 2279
1.76551 -2.06235 5.36 2465
-2.26000 -1.13947 3.97 502
-2.87377 -1.07856 4.52 922
10.23255 0.42374 5.20 2052
10.26652 -0.28339 5.69 3541
-10.74282 0.75425 4.71 1135
-13.86485 2.76218 3.17 209
13.04216 3.40704 5.02 1660
-9.78388 3.01675 5.23 2121
-10.29743 2.07599 5.52 2944
-9.62980 1.92357 5.54 3009
-7.50589 2.31942 6.00 5033
9.97274 3.99038 4.79 1240
-10.53732 4.48103 5.48 2789
1.26824 4.09630 5.87 4375
11.66833 5.72998 5.25 2181
-0.11471 6.79201 1.90 41
10.58867 6.91075 5.02 1662
-10.39426 8.95626 0.08 6
-0.01556 8.15918 4.26 675
14.07366 8.25896 4.90 1424
-11.65288 10.50733 5.68 3516
13.53989 10.46273 5.86 4314
13.54171 9.84681 5.87 4378
7.11755 9.53921 5.90 4541
0.22631 10.89029 5.73 3748
10.91924 12.99884 5.22 2095
0.39102 12.37103 5.96 4851
5.63935 13.06704 4.91 1443
-3.16135 13.66505 5.47 2758
-0.14246 13.72811 5.89 4444
