15.15701 -12.81872 3.94 486
3.15991 -13.05413 5.34 2407
-10.75850 -10.91691 1.35 22
-14.22869 -10.12378 5.26 2202
12.11784 -8.98633 5.32 2355
-7.82641 -8.52765 5.41 2589
-2.60504 -8.04565 5.46 2720
2.14279 -7.96958 5.48 2815
11.40888 -6.04428 3.34 245
-10.78753 -4.21526 3.52 292
2.07653 -1.50890 5.49 2844
-6.46319 -0.12090 2.61 102
-6.46162 -0.12247 3.80 404
-6.55534 -0.62799 4.79 1238
11.00287 1.00464 2.56 97
7.19411 0.36710 4.42 819
-11.89877 3.03201 5.66 3432
-7.35606 4.83411 3.44 271
11.17227 4.58088 4.63 1042
1.07693 4.37373 5.08 1771
-7.19512 4.39814 5.82 4170
-7.40003 4.95449 5.97 4901
4.87684 6.58895 4.50 893
9.03332 6.63119 5.68 3497
-7.25913 7.53608 5.84 4230
-14.77639 8.92987 3.88 461
0.93548 8.70025 5.51 2896
-7.20676 13.04865 5.35 2437
-12.28643 13.87899 5.73 3713
