7.08336 -14.33164 5.28 2248
-3.69633 -12.57915 5.75 3812
9.22784 -15.47009 5.57 3120
11.01772 -15.75948 5.70 3577
-12.40385 -15.18620 3.76 388
-10.08744 -13.52940 5.51 2892
-4.97188 -10.88641 5.81 4139
-1.08433 -10.02033 2.80 132
-2.95475 -9.96890 4.78 1235
11.05429 -14.02492 5.52 2939
-1.39093 -10.28305 5.97 4905
-12.20093 -12.65657 5.95 4803
-4.78056 -10.08702 6.00 5028
11.09626 -10.10614 4.75 1187
0.76762 -6.77252 5.07 1766
9.69891 -7.12806 5.01 1650
-13.56876 -7.02550 5.29 2293
-3.83941 -2.24917 5.59 3214
1.79596 0.59272 5.45 2685
-2.30466 0.42227 5.51 2920
-11.55514 -0.65361 5.52 2942
12.41705 -0.77500 4.09 576
4.40253 1.21806 4.86 1374
9.65811 1.74899 4.69 1105
11.96618 0.64402 5.55 3044
12.16749 0.70564 5.69 3537
-5.67400 5.61426 4.50 897
0.35266 6.21721 5.39 2559
-6.30844 7.30355 5.00 1622
-8.24671 6.77267 5.72 3696
-2.90634 6.92233 4.23 644
6.68537 7.13761 5.93 4674
-10.97561 7.94037 5.68 3525
-1.13701 9.57424 5.09 1807
-13.32403 8.84920 5.66 3439
-6.67148 9.13535 5.97 4896
-1.32582 9.67003 4.37 781
-1.32310 9.65931 4.54 942
2.14390 9.75529 5.70 3608
12.84842 9.64587 2.86 144
4.46249 11.10382 5.37 2470
10.39714 11.47549 5.71 3639
0.46462 13.46186 5.98 4959
