13.84870 -13.36414 4.07 564
7.64215 -13.27382 5.28 2246
1.11030 -13.65347 5.43 2646
10.74681 -13.47119 6.00 5076
6.24446 -11.35767 5.58 3155
0.70550 -9.96228 4.33 734
0.70550 -9.96228 5.23 2124
10.94322 -10.62385 5.25 2193
15.08090 -9.22481 3.47 277
-2.21925 -9.37140 4.62 1020
-14.67173 -8.69475 5.16 1961
0.05279 -9.49856 5.88 4436
-3.97906 -8.67558 5.91 4603
-6.36092 -6.16743 4.44 842
12.35797 -5.95161 4.86 1372
-10.22760 -5.21702 4.84 1337
12.38068 -4.14990 5.82 4174
12.52350 -2.97568 5.81 4110
9.58488 -2.02259 4.28 693
4.40298 -1.56035 4.37 782
3.84704 -1.94481 5.63 3348
-4.94376 -1.12832 4.26 676
8.38232 0.91978 5.47 2783
-3.07091 1.44060 5.94 4739
-7.69450 3.01512 5.57 3125
12.35660 3.56711 5.68 3504
0.86278 4.76789 5.94 4763
-9.50132 7.49914 3.62 335
4.33408 7.28318 5.71 3626
-3.90197 9.60147 5.84 4245
-6.73151 8.89365 5.97 4909
-0.87129 10.77365 5.10 1813
-7.96091 10.36349 5.80 4081
-8.29784 11.81680 5.89 4462
-2.11890 12.84935 4.75 1192
-2.11889 12.85247 4.83 1312
-11.12660 12.94170 5.38 2514
-10.97717 13.03112 5.50 2871
5.93395 13.77615 5.62 3301
3.47929 13.15740 5.70 3602
