4.13721 -13.17198 5.33 2381
0.11353 -12.78111 5.83 4188
7.52015 -11.62837 4.66 1080
-3.94063 -11.57249 5.30 2312
-4.36643 -10.09003 5.99 4988
-12.47324 -9.18843 5.89 4485
-11.19976 -7.33446 3.57 312
13.48941 -7.09549 5.45 2687
3.61833 -8.09692 5.75 3793
0.16821 -8.21564 5.98 4955
-11.15341 -5.40190 5.31 2342
-2.95997 -6.13835 5.73 3719
-5.92568 -6.21658 5.83 4201
-13.58840 -3.66115 4.06 555
-8.13810 -4.22105 4.97 1556
-5.00077 -2.93818 4.94 1513
0.01981 -3.81293 5.14 1923
10.85077 -2.44284 5.22 2096
1.95678 -2.87285 5.57 3097
-10.54022 -2.32838 1.14 16
8.03720 -1.47277 4.02 533
-11.06009 -1.10035 4.28 690
9.86979 -1.95259 5.95 4817
-2.03880 -0.45508 5.64 3384
-13.27414 1.98676 5.33 2386
10.14043 1.17966 5.39 2540
-13.30932 3.28584 1.98 46
-13.30928 3.28623 2.88 149
11.50627 3.84794 5.20 2062
10.68636 4.45831 5.45 2700
9.45546 3.75196 5.66 3453
12.07492 3.67020 5.82 4178
5.28376 3.95458 5.94 4743
-9.33889 5.04863 5.14 1925
14.03995 6.16370 5.93 4667
-11.61689 6.88182 4.90 1425
-11.73602 7.54500 5.56 3091
4.08658 8.90614 5.78 3959
-9.16786 10.76425 5.18 2009
12.70416 12.47262 4.56 966
-10.84664 12.09962 5.73 3727
3.52015 11.11144 5.90 4507
