11.94527 -13.20978 4.66 1078
-4.04142 -13.12473 4.76 1205
2.41357 -13.58119 5.98 4945
13.06689 -10.35830 5.75 3845
-4.94143 -9.43565 2.42 85
8.97421 -8.18248 5.97 4902
-11.53511 -7.34644 4.79 1252
7.20836 -7.56000 4.93 1482
-11.03719 -6.10800 2.94 161
0.24485 -6.29184 5.59 3201
4.09175 -4.97411 4.98 1566
0.55799 -4.36819 5.32 2352
1.40275 -3.57548 5.57 3108
4.18302 -1.98459 5.63 3323
-6.70272 2.06182 5.74 3773
8.20163 2.26807 5.90 4520
-8.68589 3.67859 5.90 4501
-6.83397 3.07008 5.91 4576
0.23942 4.36246 5.77 3890
-10.91050 6.16971 4.88 1407
3.00299 5.85877 5.22 2101
-11.73798 7.08529 5.73 3734
-12.63791 7.40549 5.88 4442
-9.55592 6.60581 5.95 4796
-10.15374 7.73042 5.25 2179
3.84045 7.27018 5.59 3200
-6.79290 7.63465 5.81 4123
-9.25875 9.87049 5.08 1779
-6.09261 9.29345 5.59 3185
-7.61924 9.90145 5.92 4647
-9.94216 9.56533 5.94 4757
14.00620 9.37979 5.72 3681
-4.61737 10.21100 3.62 332
-4.41630 10.80368 5.10 1819
1.80346 10.92316 5.75 3807
-0.03245 9.74221 5.79 4044
9.44831 11.07356 5.97 4876
4.57249 11.52679 4.29 713
-12.57662 12.14082 4.51 915
-7.05458 11.76233 4.94 1509
-2.39612 11.82254 5.94 4766
5.06974 13.05594 4.14 602
-9.84472 13.41650 4.46 856
-8.39360 13.63609 5.76 3860
4.34847 13.14810 5.80 4086
-6.50695 13.74803 5.81 4106
