-12.67774 -12.44742 5.92 4646
0.77826 -10.07284 4.59 996
2.35291 -10.52464 4.73 1160
2.35059 -10.52690 5.40 2574
2.62822 -8.55608 4.17 618
-13.90584 -8.67875 5.47 2768
-3.47922 -7.86099 5.71 3665
-14.00245 -8.92821 5.92 4615
14.29547 -8.69664 5.96 4863
12.61683 -6.19165 3.96 496
3.85567 -6.56066 5.11 1857
10.86217 -5.71080 3.56 306
0.65357 -2.65703 5.00 1609
2.34868 -0.25019 5.54 3015
6.11067 -0.81213 5.93 4671
1.92737 0.89319 5.90 4521
-8.39120 1.13930 3.87 450
-11.66591 2.15301 5.89 4492
-6.60055 1.49526 5.91 4547
7.79787 3.01488 5.59 3186
-4.15203 3.61934 5.93 4666
-12.63798 6.00778 5.71 3624
4.28958 7.34569 4.65 1056
6.27582 8.11208 4.66 1076
-6.42569 7.95845 5.61 3259
13.54547 6.47333 5.83 4203
-11.94435 8.37075 4.09 575
2.16960 9.27386 4.23 646
2.41238 8.40356 5.24 2153
-13.52431 7.92473 5.45 2706
-5.87868 8.65550 5.52 2934
-13.33170 8.29973 5.84 4250
-6.91470 10.18748 4.88 1395
-6.59343 11.25485 3.69 359
-1.99838 11.53001 4.27 678
13.30121 12.51057 5.38 2502
10.33725 13.08047 5.79 4006
2.78532 12.54408 5.81 4121
12.50068 12.45153 6.00 5042
