10.03170 -12.94701 5.34 2407
-3.93598 -11.05170 1.35 22
-11.45282 -11.11831 5.63 3316
-7.36346 -10.33037 5.26 2202
-1.11138 -8.62088 5.41 2589
-12.20151 -7.98079 5.35 2433
4.07367 -8.02992 5.46 2720
8.84867 -7.85112 5.48 2815
-4.16237 -4.40449 3.52 292
-14.27547 -4.50392 5.69 3564
8.58712 -1.35791 5.49 2844
-0.00912 -0.21682 2.61 102
-0.00751 -0.21834 3.80 404
-0.08554 -0.72464 4.79 1238
13.73081 0.68479 4.42 819
-5.46823 2.74691 5.66 3432
-10.78512 5.50100 2.98 166
-1.04174 4.68804 3.44 271
7.40098 4.51980 5.08 1771
-0.86933 4.25969 5.82 4170
-1.08888 4.80631 5.97 4901
11.18106 6.88482 4.50 893
-8.82701 6.25525 5.32 2358
-1.02586 7.38031 5.84 4230
-8.45730 8.47792 3.88 461
7.12836 8.85743 5.51 2896
-1.13749 12.86780 5.35 2437
-11.04285 14.24487 5.64 3364
-6.16784 13.47210 5.73 3713
