-7.41754 -21.78076 5.69 3538
7.10913 -23.38412 5.91 4544
5.41193 -11.38971 5.52 2928
-7.44428 -13.39348 5.85 4285
-9.60035 -14.00137 5.79 4046
8.66819 -10.86043 4.45 851
4.96359 -9.18913 5.11 1852
4.54527 -8.78896 5.36 2458
8.70894 -10.76598 5.47 2787
-4.31472 -8.74300 5.64 3358
-7.67947 -9.96292 5.65 3409
1.32017 -8.19730 5.69 3532
-11.25217 -13.01821 5.69 3570
-3.95496 -6.60815 5.45 2713
-7.84905 -8.23388 5.47 2785
-2.22451 -5.78056 5.53 2979
2.85604 -6.46421 5.79 4012
9.16391 -9.90100 5.97 4911
9.85617 -8.36263 4.11 583
2.70233 -5.67635 5.47 2771
1.53108 -3.47171 4.35 750
1.43494 -2.68638 4.07 560
-11.30022 -5.51506 5.19 2033
8.08704 -4.29383 5.45 2705
12.89545 -2.71456 4.00 516
-9.58173 -1.91884 5.09 1795
6.80262 -0.97546 5.29 2294
6.87605 -0.76848 5.86 4329
2.15711 2.09192 5.29 2274
8.94368 0.89492 5.47 2782
-13.19774 -2.43230 5.78 3970
-1.86068 3.20954 3.95 492
6.60524 2.38192 4.48 880
2.15293 4.68971 5.37 2475
9.25703 2.96570 5.47 2765
2.17520 4.70128 5.65 3419
-5.83911 5.55654 3.78 399
7.43331 5.10773 4.71 1132
4.49007 5.96802 5.20 2058
-7.58822 4.45339 5.40 2571
3.18625 6.55642 5.53 2960
-5.84467 5.55770 5.69 3550
8.61580 5.94749 1.68 28
-11.04677 5.11538 5.38 2524
-11.19985 4.60794 5.56 3067
0.99584 8.76068 4.35 757
-13.43646 5.34256 5.06 1748
9.54290 7.15407 5.39 2548
7.59032 7.72975 5.88 4409
-5.56539 9.20215 3.98 510
-7.73923 8.79637 5.17 1994
3.60235 12.04728 3.77 392
8.58404 10.78083 4.00 515
6.85528 10.61064 5.35 2432
-1.44217 12.12204 5.79 4034
11.90317 9.28304 5.91 4587
2.62212 12.87344 5.07 1750
