-13.66860 -13.41955 4.02 536
11.56369 -13.32544 4.95 1525
-8.30343 -13.59844 5.57 3126
5.31902 -11.48357 5.36 2449
5.88971 -11.25478 5.53 2970
-0.89971 -11.77651 5.66 3454
7.85063 -12.27015 5.67 3493
0.34530 -10.36250 4.37 779
6.61729 -10.21828 5.37 2483
-13.89026 -10.14140 5.38 2526
7.98825 -10.80449 5.80 4079
13.37129 -9.55790 5.80 4084
2.41420 -8.87954 3.82 413
0.03171 -9.61437 4.37 786
-14.53061 -9.05043 5.69 3548
7.62557 -8.81485 5.96 4827
6.09206 -7.48198 3.47 276
-1.75312 -7.17020 5.00 1615
2.92015 -8.03077 5.00 1630
8.15056 -6.72295 5.10 1815
-4.70239 -7.09165 5.16 1958
-4.37427 -6.97016 5.81 4114
-4.45074 -6.68330 5.63 3322
-8.07124 -6.43143 6.00 5047
-7.61738 -4.80508 4.77 1212
-7.92589 -5.01177 5.64 3368
-8.76842 -4.53093 5.93 4675
3.50309 -3.24217 4.95 1529
8.46630 -1.69849 5.07 1765
11.21651 -1.69539 5.15 1941
-7.03853 -2.57088 5.43 2636
6.05204 -2.50143 5.67 3478
-3.51617 -0.42258 4.44 839
4.21165 -1.20984 4.58 981
6.85211 0.05410 5.22 2104
11.51673 -0.06376 5.32 2349
4.53405 -0.87283 5.52 2943
13.21745 -0.25520 5.54 3007
3.73429 0.03075 5.57 3098
-10.46851 -0.71244 5.77 3922
-3.43692 -0.28214 5.81 4108
6.77274 -0.13862 5.88 4441
10.95185 1.17533 4.78 1234
1.14548 1.06118 5.49 2842
2.41634 0.54335 5.95 4805
-5.27408 1.81652 5.18 2019
-12.45305 2.16995 5.27 2229
9.76613 2.78412 5.49 2838
9.37404 2.89187 5.52 2924
-11.96630 2.21751 5.69 3559
-2.64534 2.23753 5.87 4356
9.85878 2.33321 5.92 4625
-2.81047 4.08332 3.08 191
10.90591 4.25517 4.52 920
6.41318 3.91140 4.64 1051
-2.80024 4.09076 5.11 1834
-13.99878 4.64504 5.62 3296
10.35793 5.43951 5.18 2016
-10.09780 5.32920 5.55 3033
-4.74458 6.42373 4.97 1551
-1.54043 6.13258 5.38 2498
7.05388 6.90383 5.71 3670
-0.18525 7.07611 4.69 1114
5.50697 8.33973 5.49 2824
-7.30333 7.79142 5.85 4267
-10.32440 9.69753 5.56 3074
-8.33844 8.90761 5.98 4935
-12.02099 11.18187 3.24 222
3.06693 10.94579 4.23 650
12.91267 10.56340 4.43 834
-11.75985 10.38757 4.93 1483
-12.56674 11.53718 5.22 2087
-9.52815 10.69937 5.23 2125
7.20061 10.14559 5.64 3381
0.79945 10.22990 5.94 4737
-14.57672 12.41982 3.45 275
1.85157 12.05959 4.99 1604
10.24826 12.49279 5.66 3438
-2.35543 13.08788 4.74 1176
11.07455 14.35524 5.17 1980
