-8.09784 -12.01282 5.35 2427
-12.22277 -11.13386 5.52 2950
3.89759 -13.47719 5.56 3075
-12.36551 -10.45895 4.29 709
-1.41384 -11.42669 5.60 3249
13.68116 -8.98276 5.40 2563
10.21262 -10.88900 5.55 3019
12.57374 -9.78530 5.74 3754
10.74903 -10.62215 5.80 4065
-13.13580 -8.79123 4.73 1157
3.98706 -10.43902 4.98 1565
-8.77085 -9.69397 5.11 1837
-8.63431 -8.99885 5.27 2221
7.83545 -9.97926 5.43 2658
-6.57090 -9.36707 5.75 3801
-9.61380 -8.89817 5.93 4672
-11.88020 -8.62739 5.95 4768
10.24796 -9.33394 5.88 4410
-9.62699 -7.55815 4.91 1456
-3.26958 -8.68493 5.19 2036
-8.70250 -8.50526 5.29 2269
-7.35050 -8.53941 5.79 3999
-8.23556 -6.45710 4.29 701
9.87505 -6.67058 5.59 3194
-4.74601 -6.37112 5.46 2732
-9.17815 -5.23690 5.86 4311
-1.42855 -5.18104 3.52 291
-12.25205 -2.07321 5.44 2682
6.27487 -3.82164 5.95 4816
13.88496 -2.40186 5.83 4184
8.63999 -4.26229 5.86 4315
6.17271 -2.40455 5.04 1703
0.47110 -3.82138 5.24 2160
8.53684 -2.76370 5.67 3470
2.37672 -2.49708 4.75 1185
-10.22519 2.71541 3.23 219
-3.82307 1.32380 5.47 2775
-5.71283 0.76256 5.50 2866
1.75126 1.27265 5.56 3079
3.13386 0.66845 5.60 3248
-8.45565 3.17422 4.56 967
3.76359 2.52272 5.84 4249
-12.04584 4.85190 5.87 4391
-5.18823 3.75166 4.79 1239
-7.90161 4.45573 5.17 1997
10.75255 6.13639 5.87 4396
-5.97774 5.12314 5.03 1682
-2.33785 5.11443 5.08 1777
-12.56508 10.89179 5.20 2059
1.36339 5.84656 5.84 4240
3.70870 5.79786 5.98 4931
9.41729 8.83922 5.41 2590
9.15957 8.93183 5.66 3441
0.68508 7.41086 4.41 817
-1.97610 7.47305 5.79 4028
3.40703 7.55207 5.95 4783
-2.26944 8.69435 5.68 3506
2.89972 10.76002 3.21 216
-11.67295 15.13209 4.39 796
-7.87091 11.43993 5.95 4769
12.88823 15.44163 5.38 2525
-2.01775 12.31196 5.50 2861
-2.23653 12.28790 5.83 4206
-7.88158 13.19135 5.91 4546
7.86405 15.70457 5.64 3363
