-8.35405 -13.36882 5.14 1916
-6.37985 -12.94945 5.53 2987
13.75684 -10.51155 3.82 417
-4.51835 -11.53727 4.57 974
6.60827 -11.59155 5.33 2384
-2.43181 -9.99987 4.36 760
3.88337 -8.57464 5.43 2639
8.99950 -8.17866 5.44 2675
-11.94813 -6.75669 4.23 652
7.28863 -7.28866 4.52 923
-3.46054 -7.49817 4.57 972
8.52652 -7.69118 4.85 1353
3.65204 -7.13172 4.95 1516
6.22981 -7.54935 5.70 3603
-1.91157 -6.44668 3.77 396
5.33687 -6.57544 4.65 1062
12.93989 -4.91502 5.30 2311
-6.25407 -5.42342 5.40 2570
-0.56026 -4.73407 4.63 1035
-12.46232 -3.98937 4.67 1090
-3.45147 -3.69928 4.43 830
-7.88961 -2.37610 5.78 3967
7.52945 -1.96290 5.54 2999
0.06194 -1.58030 5.93 4660
1.87526 1.26946 5.43 2650
-9.23260 1.89374 5.71 3638
3.75232 2.80284 5.00 1628
-0.25665 2.46063 5.21 2069
-5.28014 2.79207 5.24 2141
-1.19135 2.23958 5.71 3666
-8.49965 2.90822 5.80 4076
-4.65208 3.01264 4.19 627
13.67658 5.31511 4.54 944
12.34420 4.89298 5.51 2894
6.18071 3.34874 5.56 3065
-11.23156 4.68079 5.62 3303
-4.36930 3.23106 5.88 4424
13.92540 5.25886 6.00 5048
-5.26454 4.67345 3.35 247
-1.94498 4.72160 3.75 383
-10.03536 6.24924 4.08 571
11.94927 6.51447 4.87 1390
8.94716 5.70411 4.91 1452
-6.88646 4.59764 5.56 3086
4.64800 6.29764 4.85 1362
-4.97569 6.32442 5.04 1697
5.20523 6.23666 5.70 3589
-4.69900 8.16533 5.35 2427
-8.84244 8.71414 5.52 2950
-11.67478 9.04673 5.53 2978
7.27586 7.63841 5.56 3075
-9.05706 9.36759 4.29 709
1.85974 9.25362 5.60 3249
13.48112 10.69451 5.55 3019
14.01369 11.00493 5.80 4065
-12.89091 12.52114 2.44 87
-10.00380 10.96144 4.73 1157
7.18865 10.65658 4.98 1565
-5.59080 10.40322 5.11 1837
-5.52491 11.10685 5.27 2221
11.04074 11.42172 5.43 2658
-3.43985 10.90078 5.75 3801
-6.50688 11.13058 5.93 4672
-8.78097 11.22324 5.95 4768
13.45762 12.26620 5.88 4410
-6.65885 12.47411 4.91 1456
-0.20793 11.84472 5.19 2036
-5.64212 11.59546 5.29 2269
-4.29375 11.66795 5.79 3999
-5.38201 13.70011 4.29 701
-11.83301 15.58669 5.18 2008
12.97275 14.96033 5.59 3194
