-0.95558 -13.08405 4.68 1098
-11.71898 -13.94432 4.84 1339
0.87162 -12.24101 4.73 1168
9.56022 -11.94795 5.81 4117
-11.30082 -10.20860 4.07 562
-7.26915 -11.11537 5.43 2637
2.32927 -8.43265 2.87 147
0.03027 -9.16449 3.68 354
-5.86980 -9.46997 4.28 698
-14.15285 -8.65427 5.87 4386
-8.07397 -7.21328 5.28 2261
0.51550 -5.55225 5.18 2004
1.02217 -6.03849 5.88 4401
1.33451 -6.52174 5.99 5012
8.84348 -5.42989 4.27 677
4.43851 -4.90008 5.08 1784
13.13874 -4.78926 5.95 4818
12.39987 -4.10227 5.34 2398
-5.29037 -3.98522 5.49 2846
-10.26483 -2.01319 4.51 912
10.33370 -2.28230 5.46 2749
2.19456 -1.87687 5.58 3170
1.69244 1.25360 5.09 1799
-14.71068 0.18055 5.51 2910
-4.99406 0.31697 5.70 3599
12.57380 1.15542 5.79 4045
-5.77452 0.89717 5.99 4998
2.11970 0.98704 6.00 5039
12.60785 2.89938 4.16 615
-0.76303 2.93933 4.69 1116
13.78019 2.82018 5.37 2487
14.97917 3.66604 5.93 4685
7.95713 4.72188 5.54 3004
-2.88620 6.07179 2.91 158
12.79816 6.23255 5.75 3810
-12.36551 5.63121 5.89 4471
4.86901 7.85311 5.71 3645
-7.50144 7.49969 5.82 4180
-6.50325 7.45046 5.87 4393
-5.06732 8.85063 5.49 2833
-1.61655 8.26877 5.77 3945
8.07911 10.79446 4.69 1106
14.57934 11.85133 3.84 432
8.99209 13.38076 2.96 165
8.62725 12.55040 5.30 2309
