7.42559 -23.94659 5.57 3105
-7.34113 -22.45019 5.69 3538
7.26577 -22.73014 5.91 4544
9.01785 -21.30507 4.32 724
4.57374 -10.95255 5.52 2928
-8.07630 -14.07871 5.85 4285
-10.18394 -14.87684 5.79 4046
7.76125 -10.14274 4.45 851
3.94337 -8.80198 5.11 1852
3.49397 -8.43997 5.36 2458
7.79374 -10.04532 5.47 2787
-5.33955 -9.16257 5.64 3358
-8.60152 -10.67369 5.65 3409
0.23533 -8.12987 5.69 3532
-11.92299 -14.04069 5.69 3570
-5.16024 -7.00146 5.45 2713
-8.91738 -8.96169 5.47 2785
-3.50215 -6.02692 5.53 2979
1.61845 -6.27142 5.79 4012
8.17227 -9.14615 5.97 4911
8.72942 -7.55757 4.11 583
1.39922 -5.50009 5.47 2771
0.04765 -3.40435 4.35 750
-0.11421 -2.63018 4.07 560
-12.60612 -6.54393 5.19 2033
6.63380 -3.66463 5.45 2705
11.26577 -1.68806 4.00 516
-11.18700 -2.80168 5.09 1795
5.08029 -0.47314 5.29 2294
5.13582 -0.26107 5.86 4329
12.40874 -1.05760 4.93 1472
0.20286 2.19071 5.29 2274
7.04819 1.56642 5.47 2782
-3.89689 2.96933 3.95 492
4.60229 2.85029 4.48 880
13.24689 0.43438 4.74 1172
-0.01993 4.77819 5.37 2475
7.18524 3.65119 5.47 2765
0.00127 4.79156 5.65 3419
12.94051 3.71867 3.32 239
-8.07069 4.98056 3.78 399
5.19570 5.63048 4.71 1132
2.19858 6.24417 5.20 2058
-9.72836 3.73341 5.40 2571
0.85181 6.72282 5.53 2960
-8.07635 4.98127 5.69 3550
6.29891 6.56295 1.68 28
-13.25153 4.10693 5.38 2524
-13.36220 3.58673 5.56 3067
-1.51545 8.73942 4.35 757
7.11735 7.83858 5.39 2548
13.33718 5.64050 5.81 4129
5.13143 8.25154 5.88 4409
-8.10471 8.64331 3.98 510
-10.24668 8.05981 5.17 1994
0.80406 12.22537 3.77 392
5.86170 11.36690 4.00 515
4.15946 11.05789 5.35 2432
-4.23051 11.89266 5.79 4034
9.27817 10.14653 5.91 4587
12.55341 11.51011 3.01 175
-0.24141 12.96940 5.07 1750
