3.04795 -13.10501 5.76 3881
-2.65785 -10.80266 4.48 874
-8.58776 -7.22793 5.24 2162
13.33744 -6.79622 5.26 2212
-6.59977 -4.61409 4.08 570
8.08794 -4.73175 4.73 1158
1.09311 -5.18639 5.09 1794
1.59420 -3.68313 4.08 567
11.87633 -3.22264 5.18 2020
-10.90612 -3.38170 5.42 2622
-10.04085 -1.82063 3.11 193
-13.70815 -2.93157 4.91 1447
-6.74712 -1.93933 5.89 4478
-0.21792 0.30309 3.56 307
-6.59266 1.18601 5.88 4416
-14.29143 1.90555 4.82 1310
6.23777 2.40496 5.48 2790
-8.58166 1.58637 5.66 3442
-14.72001 3.49887 5.70 3593
2.39712 3.61429 5.94 4761
-5.64466 5.02828 5.50 2877
1.55420 5.67696 4.83 1329
13.89636 6.02394 5.55 3029
5.66013 7.10212 4.70 1129
-10.30905 6.95039 5.86 4331
-10.15547 8.28553 5.79 4042
4.37690 9.85678 5.95 4810
10.79532 13.29542 5.64 3359
