-5.20906 -13.68247 5.03 1667
1.28517 -12.72491 5.31 2342
9.57527 -12.84137 5.73 3719
-14.13307 -12.70409 5.73 3740
6.57712 -13.14997 5.83 4201
-1.25781 -11.16722 4.06 555
4.17138 -11.29812 4.97 1556
-8.85661 -10.97440 5.78 3980
-4.36024 -9.85066 3.79 402
7.19426 -9.74627 4.94 1513
-3.10698 -9.71772 5.01 1634
12.38696 -10.22179 5.14 1923
14.28339 -9.09667 5.57 3097
-7.34838 -9.59424 5.71 3627
-4.72691 -10.06266 5.76 3864
1.61834 -9.58850 1.14 16
0.99843 -8.40415 4.28 690
-3.24344 -9.43380 5.05 1730
9.94444 -6.98034 5.64 3384
-10.99816 -7.34785 5.93 4669
-8.59036 -6.25229 4.41 812
-1.42894 -5.53217 5.33 2386
-1.57214 -4.25547 1.98 46
-1.57214 -4.25509 2.88 149
-3.17487 -4.36817 4.18 622
-13.50729 -0.64271 3.60 324
2.14582 -2.15090 5.14 1925
-12.32639 -1.16317 5.89 4469
-0.23535 -0.56920 4.90 1425
-9.57716 -0.31990 5.55 3052
-9.29346 -0.98589 5.91 4579
-0.40732 0.06731 5.56 3091
-4.93217 2.52739 5.13 1895
1.80907 3.46566 5.18 2009
0.06544 4.58506 5.73 3727
-11.11144 4.79805 6.00 5071
-7.54584 6.22466 4.90 1428
-4.14080 7.88680 5.19 2029
-5.72245 8.26554 5.78 3975
-12.74053 10.25174 5.02 1660
10.85337 11.99292 4.25 663
-13.45603 12.92940 5.25 2181
-14.19982 14.42428 5.02 1662
