12.75307 -13.14678 3.96 496
3.89892 -13.52396 5.11 1857
10.97354 -12.65575 3.56 306
0.65802 -9.54968 5.00 1609
2.35831 -7.11653 5.54 3015
6.13958 -7.68345 5.93 4671
1.93281 -5.96523 5.90 4521
-8.41257 -5.71780 3.87 450
-11.68242 -4.70007 5.89 4492
-6.61473 -5.36016 5.91 4547
7.80143 -3.83658 5.59 3186
-4.15113 -3.23197 5.93 4666
-12.60184 -0.85088 5.71 3624
4.27098 0.47742 4.65 1056
6.24332 1.23653 4.66 1076
-6.39350 1.08446 5.61 3259
13.49977 -0.38822 5.83 4203
-11.87910 1.49246 4.09 575
2.15559 2.38483 4.23 646
2.39911 1.52491 5.24 2153
-13.45706 1.05108 5.45 2706
-5.84473 1.77402 5.52 2934
-13.25991 1.42220 5.84 4250
-6.86315 3.28579 4.88 1395
-6.53658 4.33607 3.69 359
-1.98055 4.60643 4.27 678
13.16832 5.56853 5.38 2502
10.22756 6.12674 5.79 4006
2.75739 5.60137 5.81 4121
12.37658 5.51065 6.00 5042
-6.97703 8.75256 5.71 3625
-1.22217 10.37252 5.23 2116
9.77569 11.70729 5.37 2495
