6.37816 -14.14335 1.68 28
-13.52924 -16.68238 5.38 2524
-13.66617 -17.22557 5.56 3067
-1.52344 -11.92787 4.35 757
7.17632 -12.84097 5.39 2548
13.54672 -15.09208 5.81 4129
5.16684 -12.42171 5.88 4409
-8.15004 -12.02503 3.98 510
-10.32397 -12.61622 5.17 1994
0.79906 -8.44532 3.77 392
5.84171 -9.29555 4.00 515
4.14949 -9.60276 5.35 2432
-4.20881 -8.77427 5.79 4034
9.28377 -10.51249 5.91 4587
12.50471 -9.15338 3.01 175
-0.23933 -7.71231 5.07 1750
0.86323 -6.32389 5.97 4884
-3.00167 -5.00723 4.82 1291
13.38773 -5.67295 3.69 358
8.14127 -3.98544 3.97 508
9.63853 -4.43847 4.81 1274
-0.73898 -4.00315 5.16 1969
2.70690 -4.00206 5.47 2766
14.15233 -6.29417 5.57 3116
10.91412 -4.57619 5.92 4626
12.96285 -3.80829 4.52 919
-1.80664 -1.82194 4.76 1200
10.50011 -4.00479 5.77 3891
10.38479 -3.54548 5.99 5005
5.87604 -1.27529 3.84 429
-3.42430 -0.93645 5.17 2003
-3.76679 -0.57411 5.60 3241
-3.98870 -0.90049 5.74 3764
5.72031 -0.85240 5.78 3982
-5.22035 -0.69334 5.78 3997
6.76421 -1.84745 5.79 4056
-3.53012 -1.27145 5.81 4145
0.43659 0.66934 1.86 38
9.96198 -0.07977 2.25 72
12.98546 -0.77313 4.08 569
3.55333 0.18896 4.33 735
6.46971 0.60584 4.92 1465
6.92349 0.74308 5.16 1973
-13.40280 -0.81976 5.50 2887
9.20041 -0.11680 5.54 3018
8.97964 0.55557 3.44 270
2.78105 2.64836 4.86 1375
2.75128 2.35352 5.26 2207
12.60265 0.58265 5.88 4422
13.24519 2.32155 3.13 197
10.31558 2.29522 4.34 747
5.79445 2.90400 5.59 3209
-4.64769 3.48114 5.63 3319
0.21800 2.77634 5.97 4906
5.01664 4.18301 4.49 892
-14.18460 2.47552 5.17 2002
-5.85871 4.59174 5.59 3187
-1.99873 5.33086 5.66 3433
12.21884 5.47935 2.50 93
10.52704 5.04234 5.27 2216
12.00012 4.80765 5.63 3337
4.90567 7.05008 1.96 45
-5.51078 7.46800 5.70 3611
6.94060 6.47293 5.71 3617
-3.86271 7.90524 5.87 4395
-9.89960 6.81727 5.96 4855
4.64080 9.29234 4.86 1378
1.57574 9.48946 5.09 1802
13.61122 7.50505 5.11 1851
4.13699 9.41210 5.19 2039
3.98106 8.88673 5.48 2821
4.61967 9.31340 5.52 2936
-3.09113 9.40235 5.53 2972
4.20959 9.46238 5.61 3283
2.49395 9.28580 5.69 3547
-4.82169 9.46171 3.47 279
4.22025 9.59189 3.62 336
7.58992 9.53460 4.69 1104
-9.30753 9.55928 4.94 1505
8.83965 10.12023 5.23 2128
-12.59605 9.60010 5.39 2537
0.61959 10.85074 5.85 4282
-10.46491 9.20025 5.87 4352
-13.57509 8.78747 5.97 4893
-11.68926 11.31972 5.10 1812
1.18209 11.39555 5.17 1990
12.65046 11.08595 5.26 2210
12.62248 10.35405 5.87 4340
-1.43043 13.54223 5.51 2902
3.46379 12.37460 5.80 4090
-6.53353 12.78541 5.91 4599
-3.36911 12.91418 5.95 4808
