-8.84203 -13.29200 4.97 1554
-4.72732 -13.25662 5.04 1693
-13.24303 -13.21683 5.45 2689
-2.58206 -13.62908 5.69 3563
-8.07186 -13.22658 5.70 3614
8.74275 -13.86488 5.98 4962
-2.76893 -12.29587 5.17 1991
3.58992 -12.16525 5.54 2991
-11.81763 -12.29547 5.78 3969
3.80028 -10.94594 4.72 1151
13.62846 -10.55496 4.98 1578
-4.06953 -9.92494 5.48 2810
9.03969 -10.49283 5.54 2997
6.21404 -10.56838 5.98 4970
-10.92013 -9.17304 5.79 4039
-10.42219 -7.44093 5.75 3827
-6.36506 -6.28873 3.93 481
-3.33074 -5.75022 5.61 3277
9.81779 -6.62234 6.00 5037
-9.50583 -5.41215 5.90 4534
15.02296 -3.24114 4.62 1019
3.92563 -3.81298 5.36 2454
12.13696 -4.21836 5.72 3690
-10.44660 -3.58755 5.86 4328
7.80509 -3.53637 5.96 4869
-4.75500 -2.44511 5.49 2827
-2.45528 -0.58984 5.76 3858
-12.91037 -1.45652 5.82 4156
-11.71857 -1.14936 5.97 4883
-7.78489 1.18964 5.13 1898
8.80228 1.46414 3.90 470
-0.09056 1.80829 4.93 1484
9.07566 1.35018 5.59 3181
8.43206 1.68086 5.61 3252
2.94109 2.75910 4.34 745
11.74107 3.87085 5.81 4118
0.41895 4.94657 4.68 1101
-10.57859 4.21837 5.59 3177
-13.16286 7.11236 5.99 4977
-2.86130 9.31149 5.14 1915
-9.66465 9.53459 5.25 2180
0.78119 10.09906 4.39 791
-0.57128 9.94628 5.29 2280
8.86005 9.79410 5.73 3715
-14.16991 10.72553 5.89 4465
15.11305 11.66968 4.30 715
13.51735 11.57146 4.44 840
-9.30157 11.46407 5.59 3182
-8.92819 11.57576 5.81 4135
-6.37692 11.91698 5.94 4756
0.42588 13.66495 5.65 3417
11.76066 13.56424 5.87 4363
