-9.28819 -12.85777 5.73 3719
-12.32947 -12.82252 5.83 4201
13.99229 -11.56059 4.46 859
-14.48376 -10.68307 4.97 1556
8.93372 -11.29062 5.98 4957
-11.19279 -9.50032 4.94 1513
-6.13476 -10.59964 5.14 1923
4.77804 -9.65739 5.22 2096
-4.13088 -9.72406 5.57 3097
2.02208 -8.56461 4.02 533
3.82402 -9.12391 5.95 4817
8.39106 -7.08677 5.43 2662
-8.04435 -7.10390 5.64 3384
4.21406 -5.99864 5.39 2540
9.04860 -5.22481 5.95 4797
5.66101 -3.40770 5.20 2062
4.87760 -2.76483 5.45 2700
3.63783 -3.40742 5.66 3453
6.21319 -3.61017 5.82 4178
-0.48476 -3.01050 5.94 4743
14.58216 -0.94324 5.85 4270
8.22414 -1.24184 5.93 4667
11.66291 -0.24025 3.13 199
9.96646 -0.06541 5.97 4891
14.55966 1.08655 5.37 2497
10.78085 1.02312 5.75 3831
10.70310 3.01408 3.82 418
-1.45237 1.95408 5.78 3959
7.14046 4.99091 4.56 966
-1.91339 4.15266 5.90 4507
14.69505 7.47712 4.81 1283
4.33770 7.24403 5.89 4482
5.31218 9.49249 3.97 505
3.11973 9.69299 5.99 4985
-4.33194 11.40179 4.25 663
2.99123 12.09798 5.15 1949
8.54610 11.76796 5.32 2364
