12.95107 -11.93696 5.84 4252
-3.16227 -11.15405 4.05 549
-5.67239 -11.05904 4.54 940
-5.15229 -11.70000 4.75 1183
8.53789 -10.48922 5.66 3431
-12.56862 -8.40163 5.46 2742
13.24334 -9.06352 5.51 2907
-9.39639 -7.85248 5.70 3606
11.19356 -7.25215 5.97 4921
-11.76228 -6.05063 4.66 1079
5.23914 -7.23083 5.25 2175
-10.67271 -6.62683 5.70 3613
11.12216 -6.25692 5.74 3757
-0.35321 -8.21308 5.85 4265
11.47253 -6.35846 5.87 4359
-12.83952 -4.84995 5.60 3245
-1.45983 -6.29611 5.76 3879
13.17010 -4.72879 5.86 4334
12.93154 -4.64637 5.92 4633
7.91961 -0.74852 3.29 233
-12.21678 1.58994 5.40 2575
1.99983 -0.92406 5.46 2751
8.01021 1.64974 5.90 4523
3.64790 0.42822 5.93 4654
-8.19398 2.83237 5.96 4830
10.46784 4.92477 5.19 2038
6.83224 3.36779 5.98 4969
6.54834 5.12776 5.79 4005
-5.28038 6.37560 3.65 344
-7.10467 7.16837 4.65 1068
7.58470 6.53757 5.79 4041
-8.51695 7.61214 5.85 4257
2.46715 8.23996 4.60 1008
-13.52197 11.84609 5.32 2354
4.59775 10.43984 5.13 1889
11.15085 12.74838 5.44 2670
13.31611 15.11614 5.00 1613
-3.40166 13.23169 5.24 2134
12.39473 15.22919 5.25 2169
7.03984 13.66852 5.62 3288
