4.01950 -12.32293 0.08 6
14.48479 -11.12928 4.26 675
-9.16950 -11.16207 4.85 1351
2.52851 -11.03596 5.68 3516
-11.93859 -9.03212 4.04 544
-10.32750 -8.29748 4.14 600
-2.00894 -8.57616 5.66 3436
-4.26533 -9.08560 5.67 3465
13.97336 -6.86692 5.96 4851
10.18620 -6.31877 5.47 2758
-3.67822 -6.79770 5.87 4377
13.15153 -5.65281 5.89 4444
-11.71767 -5.32004 4.29 710
-9.16825 -5.81017 4.61 1011
-13.80188 -4.41524 5.28 2258
-9.00310 -6.17897 5.45 2691
-8.61673 -5.01154 5.55 3051
1.42237 -4.64817 5.00 1612
-0.80271 -2.91348 5.75 3811
-0.54937 -1.70634 4.47 865
-4.13364 -2.48558 5.05 1729
-8.79402 -1.23050 5.19 2037
-4.08333 -1.94792 5.35 2418
-5.64155 -1.21309 5.77 3916
11.89749 0.28216 3.72 367
7.28651 -0.30799 5.73 3738
10.57673 2.01880 4.99 1580
-0.96538 0.36347 5.52 2922
-2.25210 2.45639 5.30 2315
-7.20559 2.56498 5.88 4437
8.87561 2.27814 5.94 4748
4.31433 3.67331 5.28 2244
-7.81222 4.54165 5.71 3631
-12.03353 5.56517 5.80 4068
1.08637 5.46112 5.08 1773
12.37015 7.03256 5.36 2456
14.03628 7.61806 4.48 879
-9.76420 6.72416 5.06 1749
9.46210 7.70013 5.20 2065
12.97031 8.74190 5.35 2421
-13.25651 8.78332 5.76 3882
0.57990 7.47877 4.03 540
-6.42154 8.35092 5.39 2552
12.75971 10.89802 4.98 1564
-10.43501 9.66536 5.00 1608
-7.00467 10.01236 5.70 3590
3.23244 10.67240 5.61 3264
-11.43606 13.19049 4.80 1255
-9.77223 12.33656 5.03 1674
-12.08179 13.19830 5.10 1822
4.72213 11.40099 5.42 2627
-1.22195 11.75241 5.44 2681
-10.90459 12.96597 5.85 4268
-14.09747 15.97595 5.23 2122
-3.55288 12.96151 5.94 4745
