2.07926 -12.53279 3.76 389
9.82288 -12.29879 5.09 1804
-3.43388 -12.53288 5.17 1978
-9.51499 -12.79328 5.52 2954
0.60568 -13.68188 5.77 3941
4.84740 -11.20954 4.76 1198
-11.27197 -8.35721 5.56 3078
-4.03157 -9.60777 5.75 3797
6.70449 -10.38530 5.79 4047
13.40880 -7.81013 5.80 4068
-4.06378 -10.14073 5.98 4975
8.85866 -7.58070 4.54 953
-14.40771 -7.13905 4.98 1576
-5.64680 -8.71391 5.67 3474
-11.99132 -7.67591 5.70 3596
8.42374 -6.16023 4.21 633
-11.57292 -6.47482 4.71 1144
10.73674 -5.62183 5.76 3882
-12.56914 -4.75221 2.68 110
-9.53065 -5.07004 5.78 3990
12.69410 -3.44401 5.00 1608
2.60742 -4.68988 5.59 3215
-6.90667 -1.20352 3.38 256
10.08560 -0.95872 4.80 1255
11.91235 -0.82857 5.03 1674
9.54242 -1.28002 5.10 1822
-7.85466 -0.76451 5.63 3346
10.64220 -0.87675 5.85 4268
6.54478 0.01123 5.23 2122
-5.90907 -0.04707 5.26 2208
-13.04829 1.20726 5.55 3031
-5.46395 -0.43680 5.58 3141
4.08730 -1.07105 5.89 4489
-5.37974 0.26038 6.00 5034
9.78793 2.08212 4.47 866
5.63088 1.34192 4.84 1338
-12.61935 2.25737 5.57 3106
-0.33731 1.02263 5.78 3989
-13.71248 4.68018 5.97 4927
-1.43925 3.32361 4.52 921
8.70178 4.18067 5.80 4103
0.62463 3.87737 5.95 4776
-9.37213 5.71036 4.74 1174
-5.46851 5.54510 4.99 1590
-10.94271 7.20016 5.29 2273
-7.34996 5.03431 5.59 3184
1.48005 5.36937 5.80 4096
10.59615 6.92537 5.87 4366
-4.27145 8.45524 4.54 939
-6.47461 8.49228 5.18 2025
7.73810 9.18661 5.44 2668
-7.91503 8.36079 5.81 4142
7.68470 9.84003 4.63 1040
-3.80258 10.51220 3.98 511
-0.20075 10.77409 5.16 1975
-11.22079 13.26442 5.87 4396
11.46957 13.15948 5.94 4752
-6.15437 11.88499 5.28 2250
2.97520 13.18269 4.87 1386
-9.92149 16.04802 5.41 2590
-10.00973 16.31891 5.66 3441
13.16926 16.70798 5.96 4872
