-5.94355 -13.37427 5.65 3403
-4.07265 -11.00329 5.23 2120
7.40948 -11.72302 5.99 5021
-7.43691 -9.11516 5.56 3081
5.96864 -9.85369 5.74 3759
-11.53940 -5.60715 4.83 1324
2.06502 -7.64017 5.03 1673
-7.19628 -5.14115 3.17 208
11.25355 -4.04992 4.59 995
3.68658 -5.89625 4.82 1303
-9.17384 -5.50502 4.89 1414
8.06596 -5.59891 5.63 3347
9.35196 -1.82192 3.07 188
-2.85643 -1.56694 4.80 1260
-11.21715 0.44088 5.00 1613
-3.57076 -2.35176 5.05 1717
1.89541 -1.64508 5.95 4784
10.79788 1.60413 4.68 1099
-11.75401 1.16968 5.25 2169
12.32257 1.76221 5.92 4614
12.19821 3.12789 3.83 420
2.27254 1.92987 4.22 638
5.93551 2.44724 4.82 1301
2.14008 3.83912 3.57 313
-1.89546 3.01522 4.58 982
-0.50936 2.75183 5.45 2708
-1.89167 3.02601 5.79 4010
-2.35786 3.47732 5.86 4320
7.32610 5.76984 4.45 854
-10.07567 6.91964 5.98 4967
12.79154 11.05642 5.20 2059
4.28767 6.01844 5.27 2227
-8.46183 9.78242 4.95 1535
3.99016 7.85727 5.35 2441
-8.90809 10.18544 5.48 2818
-0.82059 9.60048 5.04 1707
5.47551 9.83848 5.13 1902
-8.87281 11.60638 5.56 3076
-9.47700 13.59695 4.32 729
9.08809 13.21239 4.39 796
-10.62480 13.63206 4.96 1537
2.21048 10.53636 5.64 3370
13.75870 15.79595 5.95 4769
-5.65744 11.29279 5.98 4966
-6.11397 13.64368 5.56 3068
12.06970 16.31369 5.91 4546
