-4.53719 -13.05719 1.85 37
-13.40288 -14.48103 5.60 3223
-13.77406 -13.83614 5.84 4235
-13.75529 -14.38454 5.90 4538
-13.14338 -13.83418 5.96 4834
-13.26633 -14.25950 5.96 4840
-1.75025 -11.06280 5.28 2242
-2.58735 -11.03940 5.34 2412
7.22040 -8.51115 5.50 2879
-10.19024 -7.83743 2.99 169
-12.23846 -7.76785 5.16 1963
-8.87865 -8.16882 5.53 2981
-4.43213 -7.98418 5.60 3230
6.75139 -6.86586 2.60 100
-5.67334 -6.74466 2.70 118
-10.50338 -6.68288 4.69 1110
14.13673 -7.23358 5.67 3463
-3.63147 -6.65922 5.92 4629
13.61322 -6.57128 5.93 4676
-9.66747 -5.06189 4.57 970
-13.21024 -4.79129 5.80 4070
8.20356 -3.88408 3.32 240
-6.71077 -2.94444 4.65 1060
4.69129 -1.84520 2.02 51
1.72692 -2.73699 3.17 207
-3.72225 -0.61939 2.81 136
11.06884 -0.71841 4.85 1352
10.28587 -1.56808 5.80 4075
1.49761 -0.02188 5.83 4197
14.24058 0.08749 5.03 1671
-11.66906 0.59317 5.34 2408
-1.91048 1.31464 5.49 2839
6.99433 0.06546 5.65 3423
-11.33687 0.50633 5.97 4922
-12.69224 1.17061 4.76 1195
-8.89989 1.55795 4.98 1575
-0.46739 2.04709 5.81 4124
5.04747 2.43244 5.93 4668
4.48160 3.03593 4.83 1323
4.78496 3.12962 4.99 1595
2.01033 3.56291 5.37 2471
12.97788 3.11934 5.58 3130
-12.11716 2.64968 5.77 3893
9.57564 5.23005 2.89 151
5.68443 5.26029 3.51 288
7.88518 4.30903 3.77 395
-8.43045 5.23143 3.86 442
-8.22514 4.33472 5.44 2677
4.47749 4.94173 5.69 3568
-0.35549 5.41468 5.86 4306
-0.66856 4.93822 5.94 4735
-4.71574 6.06446 4.81 1269
5.57946 5.88478 5.08 1793
3.11564 6.39360 5.24 2135
-7.98206 5.70709 5.38 2503
-8.00366 6.17779 5.95 4777
9.22002 7.65609 5.54 2989
12.34199 7.97975 4.96 1539
-2.80073 9.05765 5.14 1929
-3.19856 8.59993 5.66 3455
-6.07604 8.36009 5.75 3833
13.81772 8.80525 5.87 4361
13.80932 9.45724 3.93 482
-10.68760 10.58777 5.52 2923
-7.53819 10.39210 5.75 3836
5.16131 11.84879 5.79 4035
14.03562 12.13339 4.61 1015
4.92467 12.94154 5.10 1811
-6.63720 12.58375 5.39 2536
-14.72336 12.30169 5.89 4480
8.61088 12.77203 5.97 4877
