1.19024 -12.53162 5.97 4916
10.80177 -11.19602 5.95 4775
14.59257 -10.36656 4.74 1175
3.27283 -10.66610 5.21 2075
11.71380 -9.84561 5.45 2709
-13.96300 -8.46880 3.91 473
9.93658 -9.59797 5.93 4679
-4.15125 -7.37823 4.49 887
3.54261 -7.74503 5.09 1796
15.17031 -6.86553 5.95 4807
12.35693 -5.83613 5.91 4582
-11.60058 -4.37984 5.65 3396
14.00727 -1.81511 4.84 1348
-14.33191 -0.37485 4.68 1102
-2.45605 -0.52450 5.77 3899
7.99323 -0.31166 5.79 4033
-8.99012 1.36603 5.95 4820
14.01900 1.64125 4.99 1602
-14.72053 2.67894 5.00 1626
5.03928 2.69600 5.08 1792
-11.59156 2.44062 5.79 4025
12.36444 1.72828 5.81 4141
-6.73315 4.21332 4.70 1126
1.78153 5.19342 5.61 3279
5.10673 5.03067 5.67 3466
-8.01661 5.45856 5.85 4293
-13.27484 6.91013 3.52 293
4.34500 5.92832 3.85 434
-4.09707 6.87976 4.37 780
9.94582 7.73431 5.34 2407
-3.92663 9.60893 1.35 22
-11.42309 9.54264 5.63 3316
-7.36344 10.32854 5.26 2202
-1.11768 12.04772 5.41 2589
-12.29679 12.69646 5.35 2433
4.10480 12.64656 5.46 2720
8.92161 12.82822 5.48 2815
