-6.46520 -13.41244 4.41 810
-3.87943 -12.98590 5.04 1705
3.83694 -12.99809 5.48 2805
-2.39316 -11.83628 4.97 1562
13.31124 -10.68748 5.56 3074
7.01441 -10.93405 5.70 3585
11.36443 -9.53864 3.24 222
11.76650 -10.27051 4.93 1483
10.76933 -9.29354 5.22 2087
13.90641 -9.54452 5.23 2125
8.71990 -9.94975 5.25 2184
-4.14508 -10.63604 5.71 3657
8.65497 -9.58662 5.91 4600
8.68204 -8.81389 3.45 275
4.78125 -8.88627 5.42 2611
-2.37211 -8.98931 5.88 4415
-5.60004 -9.20572 5.99 4995
9.49008 -3.82042 4.30 716
-0.03837 -5.39778 4.33 733
13.19537 -4.54143 5.28 2262
-3.30427 -4.88308 5.48 2797
-2.76377 -4.80905 5.58 3166
9.26562 -3.73947 5.58 3173
-5.89599 -4.92801 6.00 5057
-6.48825 -3.56405 3.86 445
6.73567 -3.05903 4.36 768
6.74487 -3.07300 5.73 3725
4.52453 -1.56116 0.03 5
10.26524 -1.84614 5.89 4448
14.37797 -0.09981 4.39 794
6.42335 -0.23395 5.06 1744
1.11738 -0.66826 5.12 1877
6.43977 -0.31126 5.14 1919
6.43979 -0.31164 5.37 2473
-7.01295 0.27395 5.16 1959
8.95490 2.64877 5.44 2665
-12.13172 2.52428 5.74 3790
-1.10558 2.96556 5.59 3211
8.75316 5.88263 4.04 545
-3.11778 4.80484 5.00 1606
-4.84026 7.70867 5.67 3473
-9.72258 8.87892 3.80 409
9.78960 10.19610 5.01 1642
-14.30442 9.94021 5.59 3195
13.45481 10.86862 6.00 5026
-9.96573 12.56310 5.37 2480
7.94547 12.69047 5.77 3921
-12.32757 12.47512 5.85 4261
0.35060 12.59860 5.05 1714
