-2.85696 -12.05390 5.22 2094
-12.08279 -5.19563 3.21 216
-2.64313 -10.43580 5.38 2525
2.94233 -9.74696 5.45 2716
9.63473 -4.40385 5.05 1722
1.64711 -7.57450 5.49 2831
-5.28140 -6.30351 5.64 3363
4.87428 -4.94133 5.10 1809
5.65717 -4.39642 5.43 2642
6.93646 -3.04797 5.07 1764
0.39743 -4.86315 5.78 3960
1.60839 -4.72885 5.95 4809
9.98739 3.75486 4.96 1540
-7.98597 1.88020 4.74 1169
4.20800 -1.24986 5.46 2750
3.85407 -0.71085 5.57 3122
-3.81225 -0.88585 5.62 3284
-6.46327 2.55323 4.71 1130
1.57577 0.05827 5.61 3273
-5.33925 3.41571 5.90 4533
-3.21950 10.32353 4.36 764
-4.90985 4.74236 5.27 2215
-2.83871 9.95239 5.79 4049
-1.98737 2.12172 4.25 658
1.76890 2.57886 5.86 4323
-2.75561 4.39520 5.58 3165
3.95806 5.80919 5.07 1759
-0.03609 5.85074 2.02 52
