-10.77071 -9.70913 4.25 665
-1.91701 -12.67814 4.95 1535
10.51775 -10.30233 5.35 2441
-2.46201 -12.44473 5.48 2818
5.33899 -10.27676 5.04 1707
11.21606 -7.91997 5.13 1902
-2.87114 -11.08996 5.56 3076
-4.04304 -9.43099 4.32 729
-10.49659 -6.72537 4.82 1288
-5.11565 -9.78002 4.96 1537
7.87910 -8.36990 5.64 3370
0.23141 -10.30817 5.98 4966
-0.94058 -8.26754 5.56 3068
-11.66717 -3.58371 5.77 3943
-11.48309 -4.93281 5.91 4596
11.48129 0.70770 5.39 2551
4.68857 -6.03973 5.68 3512
2.32064 -6.47738 5.72 3693
9.89862 0.42655 5.46 2731
10.32011 0.23014 5.96 4833
-10.53104 2.43146 6.00 5051
0.28340 -4.05715 4.23 645
-4.71833 -2.26714 5.64 3378
8.94945 1.81198 5.75 3808
-6.95303 -0.26203 5.98 4936
9.45402 7.17434 4.74 1169
-7.64581 2.01117 5.28 2249
-7.64215 2.01895 5.85 4302
7.78608 7.35655 4.71 1130
-7.92272 7.22232 5.50 2868
6.36815 7.17244 5.90 4533
1.05574 2.29355 4.36 764
5.31781 6.23672 5.27 2215
0.91299 2.79761 5.79 4049
4.11920 10.00138 4.25 658
0.60867 11.50921 5.86 4323
-2.91497 9.77751 5.07 1759
3.62927 7.62235 5.58 3165
0.53725 7.72585 2.02 52
