4.16730 -12.85917 4.41 817
1.50848 -13.25479 5.79 4028
6.85235 -12.24845 5.95 4783
1.01149 -12.08263 5.68 3506
5.75640 -9.15355 3.21 216
-9.14151 -7.38673 4.39 796
-4.93400 -10.32426 5.95 4769
0.65932 -8.47597 5.50 2861
0.44921 -8.53663 5.83 4206
-5.19880 -8.61760 5.91 4546
9.68671 -3.53769 5.64 3363
-5.07631 -5.07607 5.39 2551
-3.09010 -5.77110 5.97 4886
-5.50170 -3.54901 5.46 2731
-5.65768 -3.98278 5.96 4833
10.84182 2.23311 5.78 3960
-4.21378 -2.48058 5.75 3808
1.11954 -2.46215 4.74 1169
9.19096 7.26725 5.46 2750
8.54264 7.17193 5.57 3122
5.39222 0.11319 5.62 3284
1.15651 -0.80889 4.71 1130
6.85156 5.41296 5.61 3273
0.85447 0.56938 5.90 4533
-4.45945 5.40522 4.36 764
-0.15856 1.51991 5.27 2215
-3.96858 5.59299 5.79 4049
3.44558 3.04806 4.25 658
4.63773 6.66161 5.86 4323
1.06346 3.31812 5.58 3165
2.63771 10.03412 5.07 1759
0.90045 6.40287 2.02 52
