-12.22832 -10.64890 5.32 2353
7.92437 -12.75645 5.47 2761
8.62468 -12.77432 5.64 3355
0.96151 -13.17899 5.92 4610
11.79964 -9.06332 5.14 1913
10.67982 -8.33580 4.76 1210
11.91845 -8.62386 4.80 1264
-6.42596 -9.58580 5.14 1924
6.59944 -9.94199 5.88 4428
-5.71334 -7.85786 5.12 1872
4.13858 -8.69734 5.32 2365
-1.15352 -8.96567 5.64 3350
13.15557 -3.93573 4.56 962
-9.71048 -6.17058 4.80 1257
-4.34506 -5.40295 5.68 3502
-8.11134 -4.91514 5.97 4890
-6.33154 -3.67107 5.92 4640
12.37549 -0.52182 5.17 1989
11.65042 -0.98602 5.72 3688
13.30232 1.05653 5.83 4190
9.41540 -0.90177 5.96 4858
4.19586 -3.19675 5.98 4968
1.91357 -1.40069 5.41 2594
-13.22100 2.79782 5.43 2634
-13.28881 1.69635 5.74 3758
-13.72338 3.37431 5.96 4872
3.31709 1.31464 5.54 3005
-3.06952 2.97039 4.55 957
-4.20381 4.64388 5.73 3747
-8.36752 8.35298 5.05 1722
1.55138 6.22980 5.42 2608
-3.31812 6.64988 5.45 2693
-10.27813 12.85495 5.10 1809
-9.51291 12.22958 5.43 2642
5.85015 10.21818 4.29 712
-7.82492 11.33938 5.07 1764
-11.04681 16.18566 5.95 4809
10.79454 16.45135 6.00 5051
-0.40688 10.21396 4.96 1540
7.02377 13.16226 5.26 2199
9.08897 18.90390 5.28 2249
-6.84740 14.52737 5.46 2750
-6.41876 15.02855 5.57 3122
9.08049 18.90085 5.85 4302
5.40786 14.89693 5.50 2868
-6.31095 17.53707 5.61 3273
