-2.08449 -13.17051 4.97 1554
-14.93714 -12.84059 5.00 1629
1.99917 -13.22627 5.04 1693
-6.41072 -12.99964 5.45 2689
4.14003 -13.64676 5.69 3563
-1.32250 -13.12242 5.70 3614
3.96304 -12.30854 5.17 1991
10.37594 -12.31287 5.54 2991
-5.00701 -12.11793 5.78 3969
10.59900 -11.08841 4.72 1151
2.68072 -9.91204 5.48 2810
13.06089 -10.75530 5.98 4970
-11.33239 -8.81659 5.39 2534
-9.12018 -8.69979 5.78 3979
-4.10180 -9.04029 5.79 4039
-3.59881 -7.33038 5.75 3827
-8.24039 -7.75144 5.95 4778
0.42222 -6.24555 3.93 481
3.45070 -5.75105 5.61 3277
-8.74853 -6.87720 5.90 4535
-2.68042 -5.32965 5.90 4534
-13.56943 -4.84307 5.96 4865
10.78132 -3.90022 5.36 2454
-3.59386 -3.50667 5.86 4328
14.74355 -3.66695 5.96 4869
2.05366 -2.43120 5.49 2827
-13.08474 -1.09764 5.20 2063
-12.34191 -0.53306 5.62 3289
4.36642 -0.59773 5.76 3858
-5.99702 -1.36992 5.82 4156
-4.82611 -1.07634 5.97 4883
-10.22228 0.99547 4.92 1466
-12.77348 0.96536 4.99 1592
-0.92951 1.21693 5.13 1898
6.76064 1.78959 4.93 1484
-8.85654 1.47062 5.75 3848
9.83232 2.72998 4.34 745
7.29824 4.93836 4.68 1101
-3.66507 4.23914 5.59 3177
-9.71021 6.17974 4.15 608
-9.87759 6.44465 5.45 2711
-6.18004 7.10972 5.99 4977
4.03515 9.31307 5.14 1915
-2.72449 9.51635 5.25 2180
7.70322 10.11428 4.39 791
6.33886 9.95613 5.29 2280
-7.13766 10.68028 5.89 4465
-8.90011 11.20978 5.35 2422
-2.35166 11.43451 5.59 3182
-1.98206 11.54741 5.81 4135
0.54832 11.90071 5.94 4756
-14.34009 11.95089 5.97 4910
7.37202 13.69435 5.65 3417
