-9.52166 -11.06175 5.94 4767
4.36026 -9.88913 4.13 597
-9.01791 -10.47205 5.31 2337
13.28497 -9.58641 5.90 4501
-12.33343 -8.81266 3.72 370
-6.80714 -8.65690 4.90 1436
-4.48663 -9.13806 5.65 3424
-11.04106 -8.69213 5.83 4215
-11.36245 -7.02526 4.23 653
3.67180 -7.18644 4.49 890
10.52864 -7.60423 4.88 1407
9.52423 -6.89092 5.73 3734
8.58867 -6.77723 5.88 4442
11.75324 -6.87831 5.95 4796
-6.03377 -6.09648 5.01 1649
10.91639 -5.91133 5.25 2179
14.24201 -5.24658 5.81 4123
11.30740 -3.63164 5.08 1779
-4.36668 -5.16701 5.49 2832
-4.56012 -5.26471 5.69 3545
12.90083 -3.22281 5.92 4647
10.71274 -4.08302 5.94 4757
3.69708 -2.72201 5.71 3619
-13.64963 -0.32508 3.72 371
7.63466 -2.22297 4.51 915
13.02806 -1.29217 4.94 1509
-10.27219 -0.79569 5.00 1620
-4.94462 -2.21774 5.11 1836
9.95849 -0.37479 4.46 856
0.71727 -0.47605 5.60 3229
11.30434 0.17992 5.76 3860
13.10941 0.74209 5.81 4106
-6.23982 1.06393 4.02 535
1.46023 0.03337 5.14 1916
-5.76733 0.72791 5.53 2965
3.32112 0.67506 5.53 2987
4.95670 2.27001 4.57 974
-7.20633 2.45940 5.24 2144
-14.02358 2.88830 5.37 2472
-8.15649 2.79863 5.60 3227
6.81861 4.03536 4.36 760
-12.37674 4.70073 4.55 955
-7.49504 5.66903 5.31 2328
12.98094 6.27488 5.43 2639
-2.95673 5.97723 4.23 652
5.47426 6.36587 4.57 972
12.57766 7.68861 4.95 1516
-8.50634 6.55993 5.69 3546
-5.98441 7.10556 5.75 3805
-9.05315 6.80124 5.76 3861
-14.33106 7.27422 5.90 4504
6.88229 7.61785 3.77 396
2.42746 8.04804 5.40 2570
-13.52147 8.91659 5.61 3250
-13.90834 9.38152 5.81 4138
8.02077 9.51884 4.63 1035
-3.86562 8.62766 4.67 1090
4.98258 10.15663 4.43 830
0.38444 10.86365 5.78 3967
-10.24973 12.72308 5.73 3723
-11.65752 12.59050 5.90 4498
8.25003 12.80527 5.93 4660
