-13.39497 -10.73965 4.84 1349
1.35681 -12.93196 5.27 2223
9.28046 -12.02084 5.70 3616
-2.73408 -12.56644 5.75 3825
-7.30522 -11.37707 2.37 81
-9.28316 -10.77350 5.67 3461
8.52189 -10.62743 5.81 4109
3.04229 -11.49841 5.84 4253
6.65597 -10.54478 3.31 236
-12.12860 -9.44741 5.16 1957
7.48369 -9.25229 5.55 3026
-10.50189 -9.64935 5.80 4057
8.99554 -8.22607 5.35 2424
9.81168 -6.52288 5.50 2863
-8.50970 -7.02086 5.58 3137
11.61195 -4.89540 5.85 4269
-5.87691 -4.04296 1.79 35
-1.26982 -5.35434 5.48 2807
-1.77091 -4.37911 5.83 4223
10.48445 -1.66023 5.89 4474
12.33113 0.08914 6.00 5063
-10.64999 2.39543 4.97 1557
-8.13248 1.92511 5.12 1881
10.64801 2.20992 5.24 2156
-11.69242 2.06548 5.82 4166
0.33446 2.39198 5.30 2314
10.76108 3.92801 5.32 2354
9.05483 3.68880 5.43 2644
-7.19448 4.10470 6.00 5069
-7.29113 5.58810 5.75 3852
-9.71191 6.71698 5.96 4859
-1.04164 5.96061 3.84 431
6.31562 7.26951 3.87 453
6.08139 6.38897 4.95 1515
-6.93888 6.40243 5.00 1625
-0.47924 5.93469 5.20 2064
-13.97865 9.25653 5.69 3530
-5.47991 7.18825 5.93 4689
6.39200 7.61818 4.94 1495
4.08294 7.43674 5.71 3659
12.64028 11.72900 5.50 2850
-11.98316 12.98827 5.17 1989
-12.78954 13.35553 5.72 3688
10.83912 12.63450 5.79 4027
-10.12651 13.06075 5.83 4190
