3.87310 -12.97256 3.69 357
-12.80706 -12.33306 3.91 471
-12.63233 -13.12425 5.33 2387
12.10983 -13.53043 5.50 2875
-2.02505 -13.03059 5.68 3499
-9.95178 -13.03644 5.72 3689
3.37901 -11.07187 3.19 212
-6.66872 -12.21287 5.77 3937
-9.08374 -9.95751 5.29 2284
5.06576 -9.91846 5.33 2393
-0.30645 -9.81319 5.39 2541
-8.35191 -8.32636 4.29 706
3.61199 -8.37155 4.36 774
9.54591 -8.85523 5.34 2411
-12.40115 -9.21928 5.46 2741
14.37420 -8.84483 5.80 4080
-8.88543 -7.79986 4.84 1340
-5.48267 -7.57709 5.12 1873
9.98384 -6.99013 5.43 2633
-13.05209 -6.67726 5.67 3492
-1.46957 -6.64002 4.25 664
5.04465 -6.62727 4.65 1059
-8.62701 -6.76554 5.22 2099
4.97620 -4.86853 5.19 2030
2.02463 -4.51092 5.37 2494
1.49153 -5.28264 5.40 2572
12.22482 -4.82692 5.56 3071
-4.21745 -5.17166 5.88 4431
-13.27462 -3.19185 3.47 278
-0.61611 -3.41024 4.27 681
0.01899 -3.84038 5.46 2727
5.45987 -1.98915 4.07 559
-3.72791 -2.65425 5.03 1672
-3.12132 -1.73186 5.40 2562
-10.37659 -2.03109 5.95 4780
-2.03616 -0.20602 4.65 1066
-4.43941 -0.35922 4.69 1107
4.16281 -0.99830 4.74 1177
-6.67160 -1.25041 5.59 3208
-5.96963 -1.20688 5.72 3682
-3.84683 -0.33011 5.90 4518
-3.73682 1.21788 3.40 259
-6.67786 0.93868 3.65 345
-3.76382 1.34358 3.84 430
-4.50661 0.88292 4.49 889
8.13690 0.66944 4.68 1103
-0.23872 1.25739 4.69 1118
9.84320 0.98959 4.82 1298
-0.27894 1.09534 5.07 1754
-6.42450 0.20131 5.26 2205
-3.08395 0.96460 5.48 2798
-3.25149 0.89264 5.58 3157
5.24396 0.10181 5.81 4134
-1.33978 2.07050 0.85 13
-3.10521 1.65297 4.78 1229
-3.80123 1.88935 4.97 1549
10.48889 1.63275 5.18 2012
-5.44664 2.49141 5.64 3382
-0.60662 1.41585 5.79 4052
-5.58505 3.54671 3.76 387
-4.73800 4.05938 4.29 704
-5.20617 3.40288 4.80 1253
5.69627 3.01426 5.48 2817
-10.52984 3.42546 5.89 4456
8.95981 5.17025 5.00 1624
3.69651 5.29564 5.10 1816
-12.87499 4.72326 5.89 4450
-3.69318 5.76481 3.53 295
-10.02840 6.55285 5.50 2870
-4.88812 5.59631 5.98 4944
-7.34370 7.79227 4.94 1514
8.99964 7.63354 5.30 2319
-5.67707 8.07728 5.91 4601
-0.55898 7.81097 5.92 4624
-5.29802 8.29039 5.99 5002
7.42220 9.20289 4.64 1047
-6.61964 8.55125 5.35 2442
-6.54223 9.42791 5.38 2515
-6.94388 9.17054 5.65 3427
-3.84351 9.14318 5.72 3683
8.98146 9.42749 5.89 4479
-4.67790 10.09958 4.22 643
-4.36551 10.81772 4.28 689
0.71459 10.96809 4.28 697
-11.36284 10.07980 4.36 771
12.66071 10.17994 4.94 1491
-4.66456 9.96795 5.28 2255
-4.04774 11.06608 5.53 2962
-13.90105 10.80479 5.63 3340
-11.15762 9.96523 5.90 4508
5.65104 12.44500 5.79 4036
-11.35575 12.94139 5.47 2788
8.92669 13.02774 5.50 2872
