8.27213 -13.89665 4.29 702
-10.72388 -13.83453 5.84 4232
8.36273 -13.69971 6.00 5067
-7.37117 -11.51422 2.82 137
-12.78200 -12.45024 4.78 1225
7.14224 -11.40026 5.35 2426
-14.68969 -12.34908 5.67 3464
14.69456 -11.51182 4.54 946
-14.72793 -11.65136 4.59 985
-9.48148 -9.12889 0.96 14
4.73452 -9.15154 5.07 1763
4.73549 -9.15350 5.11 1843
-12.13104 -8.12999 2.89 155
-9.31330 -7.28140 4.79 1248
-0.01244 -6.99124 5.86 4308
6.87172 -7.00368 3.27 231
8.28672 -5.92368 4.17 617
-12.42383 -6.15875 4.55 954
5.64545 -5.97300 5.20 2060
0.04931 -6.84942 5.75 3804
9.90104 -5.71195 4.81 1275
-10.89327 -5.05291 5.02 1659
-1.00887 -4.32069 5.58 3147
-10.89387 -5.05140 5.92 4616
6.72435 -1.63510 4.39 790
-8.91585 -2.20714 4.45 844
13.95771 -2.79610 4.87 1383
7.89806 -2.13040 5.85 4281
-11.62369 -0.36389 4.50 895
-2.11168 -0.57965 5.88 4400
-5.83720 0.02486 5.57 3109
-10.77502 1.86838 4.42 822
-6.02389 3.01948 4.96 1543
2.69478 3.26118 5.99 5018
-9.52784 4.47177 4.28 696
3.43156 5.84428 2.43 86
12.54311 6.04004 3.54 299
12.53512 5.79947 5.94 4764
-10.10983 7.31614 5.68 3519
-13.74575 6.72268 5.94 4749
5.11128 7.39564 5.99 5023
14.06511 9.52093 4.26 669
7.02367 9.77493 4.33 741
11.89602 11.90909 5.55 3041
-7.81594 12.96262 2.56 96
-3.46584 12.71698 4.65 1061
3.34606 13.08361 5.56 3070
13.09839 12.32040 5.75 3802
