6.34139 -13.73870 2.70 118
-9.88665 -14.00333 4.29 702
1.51643 -13.25066 4.69 1110
8.41827 -13.83370 5.92 4629
-9.81391 -13.79515 6.00 5067
2.46046 -11.68695 4.57 970
-11.24573 -11.65592 5.35 2426
-1.00741 -11.12146 5.80 4070
-3.80445 -10.83937 4.54 946
5.55542 -9.79305 4.65 1060
14.17615 -10.26873 3.17 207
-13.89539 -9.69219 5.07 1763
-13.89422 -9.69405 5.11 1843
8.72087 -7.67635 2.81 136
14.10153 -7.46687 5.83 4197
-11.91782 -7.28358 3.27 231
-10.59141 -6.04737 4.17 617
-13.25628 -6.38372 5.20 2060
0.89242 -5.87724 5.34 2408
10.68488 -5.85432 5.49 2839
1.21154 -5.98708 5.97 4922
-0.06487 -5.23348 4.76 1195
-9.00038 -5.66404 4.81 1275
3.68514 -5.11328 4.98 1575
12.20452 -5.21639 5.81 4124
0.60256 -3.81162 5.77 3893
4.40220 -1.49771 3.86 442
-12.55552 -1.90979 4.39 790
-5.28100 -2.37639 4.87 1383
4.54386 -2.39890 5.44 2677
-11.32488 -2.29417 5.85 4281
12.52555 -1.82340 5.86 4306
12.17671 -2.28283 5.94 4735
8.15432 -0.90019 4.81 1269
4.87788 -1.05475 5.38 2503
4.88849 -0.58796 5.95 4777
10.27042 1.96496 5.14 1929
9.84090 1.53239 5.66 3455
6.94621 1.45645 5.75 3833
2.55768 3.88738 5.52 2923
5.63240 3.53549 5.75 3836
-7.44208 6.21764 3.54 299
6.66790 5.63792 5.39 2536
-1.21660 5.74186 5.89 4480
-7.42854 5.97916 5.94 4764
9.76438 7.30652 4.70 1127
10.93541 6.84848 5.50 2856
11.25035 6.85344 5.76 3871
-4.12219 7.21440 5.94 4762
9.95982 7.27811 5.96 4823
-6.26294 9.75003 4.26 669
-13.29190 9.59133 4.33 741
7.86965 10.92247 5.73 3710
-8.60173 11.99397 5.55 3041
12.00833 12.28149 5.14 1911
10.76781 12.57329 5.72 3707
-7.45526 12.46195 5.75 3802
