7.89359 -13.72057 5.81 4146
-0.68561 -11.99291 5.31 2329
9.42995 -10.13782 5.72 3675
-6.32963 -10.27884 5.99 4987
-11.76755 -9.06100 5.02 1664
7.20139 -8.80343 5.04 1698
-7.58383 -9.74084 5.07 1767
-10.79825 -8.82108 5.73 3746
13.76183 -8.23627 5.63 3342
-5.69579 -6.64662 5.06 1733
-11.36690 -6.39196 5.61 3282
8.39692 -4.45503 5.47 2764
-11.01070 -3.56546 3.19 211
1.41365 -3.36001 3.60 327
9.21376 -3.54880 5.50 2886
9.45981 -4.04055 5.71 3664
-11.85469 -4.20501 5.75 3822
3.12358 -4.09936 5.87 4364
0.70712 -3.25356 5.87 4367
5.13643 -3.96338 5.96 4850
-6.25261 -1.79424 4.71 1143
8.60528 -2.67160 5.78 3976
-3.76604 -1.07427 2.84 140
3.62425 -1.23593 3.81 411
-12.50242 -0.43272 4.91 1440
-2.84005 -1.20229 5.55 3056
12.56632 -1.65100 5.81 4133
11.35830 -0.67508 5.91 4573
8.99259 0.96377 5.31 2324
12.39563 -0.30857 5.52 2933
-4.51824 0.37036 5.89 4455
1.09089 1.97321 5.73 3717
-6.90457 2.46235 5.96 4844
11.53973 1.80428 5.99 5014
14.05222 2.39545 1.98 48
-2.37180 2.97213 2.58 98
-8.95378 5.05560 3.31 235
8.24533 4.69231 4.93 1474
12.46792 4.06709 5.14 1904
-5.09761 4.09421 5.65 3387
-13.61092 4.62484 5.66 3451
11.95712 4.36639 5.92 4612
2.31184 7.10112 3.55 305
5.48188 7.96596 3.71 366
8.71834 6.82482 4.67 1092
3.20129 7.56063 5.49 2826
9.88930 7.27693 5.56 3063
-6.87295 9.31783 4.29 708
12.04688 8.41205 5.01 1641
-5.52084 8.29914 5.25 2165
-7.50144 8.82598 5.50 2854
-9.03584 9.59594 4.36 765
-13.62861 10.01571 4.79 1242
-6.77036 10.52284 5.30 2302
-11.05119 10.17094 5.97 4882
-9.41606 11.09121 4.45 847
14.16130 11.07905 5.64 3375
4.99301 11.30967 5.66 3448
-9.73228 11.11132 5.68 3520
7.46983 12.92530 4.95 1520
-13.85528 13.24309 5.38 2528
-5.12230 13.33986 5.61 3266
8.73230 13.40450 5.87 4344
