-4.54704 -13.25551 4.42 818
12.03503 -14.18991 5.37 2485
12.33395 -12.82798 4.60 1007
5.78497 -11.27514 5.89 4458
1.92418 -11.45188 5.94 4718
-2.37997 -12.27312 5.97 4889
8.15856 -12.47615 5.98 4960
0.53520 -10.74018 4.00 517
-5.31042 -11.00641 4.05 550
3.51077 -10.81324 5.03 1685
-5.68313 -9.79369 5.94 4717
-9.27722 -9.16217 2.06 57
11.68159 -9.24428 3.56 310
11.98419 -10.12093 4.54 951
13.16630 -10.13299 5.45 2715
0.28457 -8.43381 5.67 3460
1.02751 -7.10872 4.05 547
1.40102 -7.13811 4.92 1460
-13.08453 -8.56140 5.54 2994
-14.44998 -7.01518 4.19 626
-4.99164 -6.68069 5.56 3064
4.49055 -5.37427 5.32 2367
4.19740 -4.59846 5.82 4175
6.64721 -3.80248 5.44 2673
-13.71847 -3.38449 4.73 1167
10.15451 -2.48270 4.91 1453
11.26340 -0.67186 4.34 742
7.82167 -1.49155 5.96 4829
-3.52632 0.65131 4.97 1559
6.69578 2.50474 5.85 4299
3.11436 2.76154 4.41 809
-5.13105 2.98914 4.77 1211
-8.32288 3.52643 5.08 1789
-11.51037 3.08507 5.48 2808
5.66914 3.10272 5.65 3410
-10.35310 4.20575 3.27 228
2.38805 5.34827 5.24 2151
9.35525 4.75333 5.76 3880
2.43996 4.57860 5.77 3942
10.48429 4.87657 5.84 4251
7.49505 6.30667 3.29 234
1.86156 6.24289 4.94 1499
2.28367 5.98756 5.63 3313
-12.54345 6.38447 5.77 3897
-6.49719 5.61034 5.87 4390
-13.02038 6.40194 5.15 1945
4.48420 7.29958 5.30 2307
-4.74463 7.06533 5.32 2362
2.92231 7.87369 5.68 3526
1.00504 6.86481 5.73 3722
1.93847 9.41075 5.81 4136
11.68797 10.11217 5.50 2878
5.63777 11.76480 5.74 3753
