-9.39922 -10.90946 5.56 3079
-8.37095 -12.04774 5.60 3248
9.13092 -10.97819 4.54 939
7.17004 -12.01013 5.18 2025
5.96773 -12.82149 5.81 4142
-7.00630 -10.56710 5.84 4249
8.54130 -8.92705 3.98 511
11.58393 -6.94871 5.16 1975
0.83773 -10.07142 5.87 4396
-11.55139 -5.64208 5.08 1777
5.83281 -8.85664 5.28 2250
-7.82570 -6.50015 5.84 4240
-5.69613 -7.50987 5.98 4931
13.18436 -3.31044 4.87 1386
0.69786 -7.06338 5.41 2590
0.50289 -6.87483 5.66 3441
-7.79463 -4.78869 4.41 817
-10.21116 -3.63113 5.79 4028
-5.25071 -5.78031 5.95 4783
-9.96429 -2.40011 5.68 3506
6.89955 -4.06094 5.22 2094
-4.40509 -2.67065 3.21 216
6.29290 -2.57105 5.38 2525
10.83455 0.76139 5.45 2716
-8.22257 0.74358 5.50 2861
-8.43116 0.81275 5.83 4206
8.63116 2.00437 5.49 2831
1.97488 -0.30953 5.64 3363
-11.08484 6.83142 5.39 2551
-9.81346 5.10887 5.97 4886
10.17486 5.91007 5.10 1809
10.59839 6.78195 5.43 2642
-10.57316 8.34985 5.46 2731
-10.95173 8.07892 5.96 4833
11.06644 8.61522 5.07 1764
6.19993 3.73935 5.78 3960
7.19448 4.45989 5.95 4809
-8.88129 8.49129 5.75 3808
-4.42695 5.42609 4.74 1169
7.75939 8.81516 5.46 2750
7.17924 9.11023 5.57 3122
0.55935 5.10181 5.62 3284
-3.45262 6.77102 4.71 1130
4.79129 8.63259 5.61 3273
-2.91406 8.08708 5.90 4533
-4.55991 15.24548 4.36 764
-3.20878 9.46422 5.27 2215
-4.04020 15.11241 5.79 4049
0.64464 8.64302 4.25 658
3.70315 10.94990 5.86 4323
-1.16396 10.24964 5.58 3165
4.01336 14.93628 5.07 1759
0.47868 12.91865 2.02 52
