15.19003 -13.65023 5.43 2646
14.65594 -9.89691 4.33 734
14.65594 -9.89691 5.23 2124
-3.25890 -10.40242 5.95 4811
11.63324 -9.32537 4.62 1020
-0.75638 -8.78045 5.16 1961
13.96766 -9.43180 5.88 4436
9.82280 -8.64262 5.91 4603
7.34703 -6.15918 4.44 842
-3.97692 -5.95872 5.52 2937
-10.88204 -6.40796 5.75 3814
-5.17436 -5.94262 6.00 5077
3.47686 -5.28020 4.84 1337
-11.17677 -4.37425 5.99 5019
-5.79826 -2.86106 4.28 688
-10.70118 -3.21228 4.43 827
-2.12963 -3.31852 5.24 2150
-10.84678 -3.60447 5.93 4704
8.61726 -1.07734 4.26 676
-11.12251 2.87048 5.50 2853
10.43315 1.56368 5.94 4739
5.73667 2.97920 5.57 3125
14.35967 5.07915 5.94 4763
-4.95665 6.83176 5.68 3517
3.81064 7.36720 3.62 335
-11.16071 7.73977 5.38 2512
-14.49372 7.54570 5.89 4468
-10.29244 9.75584 5.07 1758
9.34045 9.74084 5.84 4245
6.51851 8.88838 5.97 4909
-1.94304 8.43847 5.98 4932
12.38913 11.08460 5.10 1813
5.24945 10.29207 5.80 4081
4.87112 11.72115 5.89 4462
11.05036 13.11045 4.75 1192
11.05028 13.11361 4.83 1312
2.04927 12.67801 5.38 2514
2.19301 12.77505 5.50 2871
-3.33114 13.37834 5.55 3021
-8.35491 12.84573 5.74 3785
