5.06442 -13.68098 5.16 1956
-9.46766 -14.61029 5.74 3751
8.22858 -12.23826 4.39 797
-13.96389 -12.95182 5.75 3821
7.40896 -11.86352 5.75 3842
-6.80878 -11.25111 4.94 1497
-5.40823 -10.49616 5.65 3392
0.85893 -9.53004 4.51 908
2.46206 -9.13845 5.05 1718
4.38911 -8.76702 5.76 3877
-0.56549 -3.14168 3.11 192
-11.54933 -4.43415 5.94 4733
2.24680 -1.71399 4.89 1415
-9.49242 -0.73132 5.81 4116
9.74248 -0.63577 6.00 5029
-1.48475 0.64883 5.11 1856
13.01837 -0.86699 5.57 3118
2.09094 1.35823 5.11 1842
11.91878 2.52953 5.51 2919
-4.46777 3.92892 5.59 3198
-4.07811 3.43474 5.64 3365
-11.46500 3.54237 4.13 596
13.52399 4.22123 5.29 2288
6.80984 4.69502 5.53 2977
11.54567 4.73914 5.77 3904
10.62409 5.12763 4.82 1307
8.46428 6.10610 5.83 4207
8.80166 7.25244 5.26 2201
-12.76289 6.17135 5.33 2396
3.61112 7.05736 5.35 2439
1.68947 7.95599 5.50 2881
6.18709 8.56188 5.30 2317
6.05825 8.71080 5.94 4726
-9.94279 9.22516 4.77 1218
2.99786 9.70957 5.52 2953
12.70022 9.07373 5.63 3330
-10.88849 9.46444 5.95 4799
-8.07948 11.98178 5.32 2348
9.30479 11.42569 5.96 4822
-11.46163 12.85325 4.37 784
