-9.45320 -12.76727 4.87 1381
-9.46800 -12.74867 4.88 1399
4.44253 -12.89069 5.04 1706
7.95886 -12.31366 5.48 2796
-4.99955 -10.96001 3.75 384
9.74497 -10.29033 5.12 1868
2.36418 -10.90825 4.77 1220
9.91360 -9.04555 4.99 1582
6.74521 -9.42862 5.66 3446
11.09243 -8.87764 5.91 4597
0.69717 -8.51759 4.98 1567
5.45959 -7.38732 4.66 1086
-9.28588 -5.83627 5.65 3403
-7.25546 -3.65230 5.23 2120
4.03428 -5.23253 5.99 5021
-10.47193 -1.52949 5.56 3081
2.77457 -3.29462 5.74 3759
-0.90291 -0.81463 5.03 1673
-9.94988 2.39939 3.17 208
8.49479 2.00974 4.59 995
0.84761 0.78190 4.82 1303
-11.96034 2.19502 4.89 1414
5.20903 0.73015 5.63 3347
6.81455 4.37415 3.07 188
13.03944 6.69776 4.51 910
-5.33397 5.62293 4.80 1260
-6.10977 4.89461 5.05 1717
-0.58633 5.15619 5.95 4784
8.55822 7.67865 4.68 1099
-14.10962 9.12239 5.25 2169
10.08617 7.71103 5.92 4614
10.08976 9.09168 3.83 420
0.08358 8.71457 4.22 638
3.79061 8.92980 4.82 1301
0.10836 10.65416 3.57 313
-4.01438 10.16122 4.58 982
-2.64093 9.77776 5.45 2708
-4.00973 10.17183 5.79 4010
-4.44406 10.66863 5.86 4320
5.47143 12.16907 4.45 854
-12.00924 14.84454 5.98 4967
11.42864 17.07682 5.20 2059
2.44726 12.68116 5.27 2227
