-1.82718 -13.68500 2.95 163
11.13490 -13.43732 4.13 595
0.08880 -13.01092 4.77 1215
-13.18684 -14.64764 5.65 3400
10.86904 -12.02944 5.46 2721
-13.47278 -13.41360 5.65 3398
-6.46993 -12.55576 5.84 4227
-9.07218 -12.52872 6.00 5054
-3.90723 -10.39139 5.25 2190
11.75567 -10.89118 5.70 3586
13.80979 -12.24545 5.86 4324
-1.02930 -8.95422 4.59 992
-4.96128 -9.29121 5.48 2816
0.29954 -9.52580 5.79 4018
11.28615 -9.04165 3.51 289
7.48742 -8.55265 4.53 936
12.45775 -9.14899 4.96 1538
12.55750 -8.94133 5.07 1751
-3.15153 -8.09520 5.29 2278
4.12508 -6.06355 4.86 1365
-7.18141 -6.57766 5.08 1783
-3.88845 -5.80368 5.12 1870
10.96281 -6.37998 5.25 2168
8.85204 -6.25634 5.46 2746
-5.22778 -5.83391 5.76 3869
-6.96767 -4.73121 3.33 241
12.99457 -5.82946 5.72 3685
6.69318 -4.96545 5.77 3906
6.69318 -4.96545 5.77 3909
-11.65127 -4.98887 5.96 4841
-0.67197 -4.11155 1.87 40
-11.55147 -4.00989 3.62 331
13.64293 -4.24622 4.64 1048
-11.70236 -4.03139 4.73 1163
1.18334 -3.74797 5.87 4369
-11.56520 -4.17613 5.88 4402
4.55275 -2.46845 4.88 1408
-12.54226 -2.56241 5.22 2100
-11.79324 -3.26595 5.45 2717
8.56071 -2.24047 5.47 2753
-11.66418 -2.33311 5.77 3931
-1.77263 -1.62486 5.84 4238
8.00979 -2.22126 5.86 4307
1.98575 -0.19501 3.03 182
2.66860 -0.16221 4.81 1281
-14.42521 -2.29354 5.71 3643
2.99481 -1.10720 5.96 4831
0.66184 1.32617 2.41 84
13.88316 -0.61199 5.16 1971
-14.17908 -0.19604 5.48 2812
-7.33863 0.39241 5.67 3495
-13.06127 1.82589 3.08 189
-12.93918 1.88368 3.57 314
-0.92378 1.86483 4.29 703
11.36561 1.18212 5.10 1817
12.96962 0.50956 5.64 3356
-9.77074 2.05388 5.91 4593
-6.54107 1.70840 5.96 4825
-1.74759 3.95455 1.63 24
-2.51891 3.67501 2.69 116
2.69810 4.01741 3.21 215
-4.66670 3.70372 5.93 4690
-9.21416 3.38899 5.98 4952
10.37557 3.92754 3.11 195
11.85454 3.90054 5.34 2415
0.78089 4.18338 5.54 3014
12.09461 4.47684 5.55 3054
5.19713 4.17748 5.74 3775
7.34032 5.20988 5.95 4772
-10.99176 5.02002 5.97 4918
6.91777 5.40156 6.00 5080
12.61065 7.02243 1.85 37
-14.26806 6.95868 2.29 76
-10.05807 7.64037 4.87 1387
3.77622 6.94551 5.60 3223
3.49988 7.61655 5.84 4235
3.45284 7.08877 5.90 4538
-5.93299 6.72162 5.91 4552
4.10102 7.52774 5.96 4834
3.93265 7.13765 5.96 4840
-12.40951 8.63124 5.48 2792
-7.09879 8.65958 5.53 2983
-11.20496 10.32470 5.03 1678
-6.67621 9.92081 5.55 3037
-1.53949 10.20605 5.70 3582
2.70131 11.41270 4.83 1331
7.74296 13.01234 2.99 169
5.73374 13.35546 5.16 1963
8.99950 12.50173 5.53 2981
13.50750 12.07897 5.60 3230
-9.37489 12.93730 5.97 4913
