11.04202 -12.86806 2.87 146
9.94170 -12.45205 5.06 1746
14.39060 -11.38666 5.92 4641
0.33998 -11.11722 5.01 1642
3.97510 -10.91998 6.00 5026
12.26889 -9.95596 5.62 3291
12.06336 -8.69777 5.91 4554
-1.18136 -8.43057 5.77 3921
-8.66673 -7.52409 5.05 1714
7.56894 -7.45876 5.96 4824
8.01362 -6.06698 4.48 875
-1.47259 -5.87108 4.92 1461
13.53966 -5.31580 5.05 1725
0.04983 -6.12861 5.38 2519
6.87368 -6.07819 5.53 2984
9.13342 -5.49319 5.96 4835
-13.55114 -3.33539 2.23 70
6.31009 -4.16112 3.79 401
7.37653 -4.72835 5.73 3732
11.62692 -2.38424 4.92 1468
10.44320 -1.83085 5.03 1676
-5.45455 -3.38048 5.36 2467
-1.73618 -2.74869 5.51 2918
5.74726 -3.39902 5.75 3820
1.76165 -3.50207 5.81 4112
-2.73892 -2.69282 5.88 4412
-4.22744 -3.69579 6.00 5044
3.49512 -2.12986 3.77 394
1.00473 -2.18749 5.38 2520
13.60540 -0.92726 5.85 4297
7.60104 0.49084 5.82 4162
-9.88763 -0.10691 5.95 4790
-3.36452 0.84389 5.04 1706
0.13969 0.90173 5.48 2796
-12.43211 4.08680 3.75 384
13.83613 4.01309 4.30 717
2.18620 2.59348 5.12 1868
-5.10975 3.05936 4.77 1220
2.54881 3.77247 4.99 1582
9.79865 4.42436 5.14 1914
-0.59336 3.86149 5.66 3446
3.71694 3.76406 5.91 4597
9.91602 6.31758 4.96 1546
-6.41182 5.64577 4.98 1567
-1.53826 6.04658 4.66 1086
12.35716 9.49865 5.79 4051
-13.75821 11.75292 5.23 2120
10.58791 10.98358 5.39 2529
-2.61550 8.39187 5.99 5021
13.98445 13.50945 4.22 641
12.73865 11.98591 5.72 3691
-3.57402 10.52334 5.74 3759
11.52703 11.35893 5.75 3830
12.28217 14.39941 5.69 3569
8.99975 12.81881 5.96 4828
-6.90163 13.62174 5.03 1673
9.05863 14.70474 5.27 2233
