-3.03813 -12.97616 3.69 357
10.67625 -12.42441 4.20 630
5.10592 -13.59932 5.50 2875
-8.96926 -12.98330 5.68 3499
8.68266 -11.88309 1.64 26
-3.48904 -11.07129 3.19 212
-13.67246 -12.11619 5.77 3937
-1.77934 -9.93803 5.33 2393
-7.16051 -9.76819 5.39 2541
13.12739 -10.12735 5.88 4432
-3.19512 -8.37438 4.36 774
2.68691 -8.93483 5.34 2411
7.42736 -8.98645 5.80 4080
11.98330 -6.79579 3.54 303
12.63321 -7.67902 4.09 574
11.89776 -7.41944 4.41 807
-12.35565 -7.44779 5.12 1873
3.16057 -7.08875 5.43 2633
11.98441 -6.79460 5.61 3251
-8.26202 -6.56473 4.25 664
-1.72620 -6.65288 4.65 1059
11.99562 -6.36855 5.60 3232
-1.75476 -4.89642 5.19 2030
-4.69679 -4.48723 5.37 2494
-5.24911 -5.25087 5.40 2572
5.41272 -4.97946 5.56 3071
-11.01292 -5.04160 5.88 4431
12.58894 -5.24251 5.94 4751
-7.32709 -3.33502 4.27 681
-6.69690 -3.77870 5.46 2727
-1.20825 -2.03252 4.07 559
-10.45813 -2.51390 5.03 1672
-9.82171 -1.59743 5.40 2562
-8.68815 -0.08589 4.65 1066
-11.12842 -0.18590 4.69 1107
-2.47854 -1.01639 4.74 1177
-13.42361 -1.03607 5.59 3208
11.32294 -0.74366 5.64 3354
-12.70605 -1.00731 5.72 3682
-10.52573 -0.16991 5.90 4518
-10.37867 1.38697 3.40 259
-13.37973 1.17631 3.65 345
-10.40320 1.51425 3.84 430
-11.16832 1.06794 4.49 889
1.50798 0.55747 4.68 1103
-6.84061 1.34218 4.69 1118
3.20036 0.83607 4.82 1298
-6.88481 1.18052 5.07 1754
-13.13792 0.42526 5.26 2205
-9.72226 1.11620 5.48 2798
9.18235 1.34948 5.50 2862
-9.89375 1.04776 5.58 3157
-1.37607 0.05802 5.81 4134
10.10065 0.67129 5.94 4734
-7.93258 2.18569 0.85 13
-9.72810 1.80965 4.78 1229
13.68955 2.45305 4.86 1373
-10.42870 2.06496 4.97 1549
3.85083 1.45910 5.18 2012
-12.08815 2.71369 5.64 3382
-7.20776 1.51014 5.79 4052
-12.20497 3.78237 3.76 387
-11.33091 4.27658 4.29 704
-11.82236 3.62708 4.80 1253
8.01309 3.39337 4.99 1603
8.89619 4.22306 5.42 2628
10.61955 3.03908 5.46 2745
-0.86041 2.95197 5.48 2817
12.23382 3.08581 5.54 2992
9.21148 3.23472 5.77 3947
10.53388 5.16556 4.38 789
2.42227 5.01077 5.00 1624
-2.80199 5.28301 5.10 1816
10.97153 5.11030 5.69 3529
-10.23046 5.96570 3.53 295
-11.44843 5.83067 5.98 4944
-13.90280 8.12266 4.94 1514
2.51675 7.45700 5.30 2319
-12.19488 8.35769 5.91 4601
-7.01433 7.92838 5.92 4624
-11.80390 8.56063 5.99 5002
12.18383 8.80765 3.00 174
0.99183 9.06674 4.64 1047
8.87723 9.74770 4.88 1404
-13.14546 8.86657 5.35 2442
-13.04630 9.74967 5.38 2515
-13.46243 9.50296 5.65 3427
-10.30581 9.37308 5.72 3683
2.53897 9.23983 5.89 4479
-11.13154 10.36472 4.22 643
-10.79761 11.07785 4.28 689
-5.66095 11.05311 4.28 697
6.17422 9.86618 4.94 1491
-11.12099 10.23157 5.28 2255
-10.46917 11.31702 5.53 2962
-0.69312 12.35608 5.79 4036
11.29927 12.84342 5.38 2521
2.56550 12.81841 5.50 2872
