9.64911 -13.86703 5.11 1857
-12.39112 -13.91137 5.79 4016
-13.51303 -14.14087 5.90 4509
-15.12699 -13.13180 5.14 1926
-9.04529 -10.52843 4.46 858
6.52487 -9.71687 5.00 1609
8.32947 -7.35238 5.54 3015
-13.15343 -7.56040 5.75 3792
-12.48015 -7.70717 5.83 4213
12.14202 -8.09289 5.93 4671
7.94268 -6.17737 5.90 4521
-2.38064 -5.48849 3.87 450
-14.07689 -5.10512 4.90 1432
-5.56499 -4.34304 5.89 4492
-0.58731 -5.20831 5.91 4547
-9.15137 -4.31416 5.39 2543
13.98049 -4.28240 5.59 3186
1.94101 -3.18768 5.93 4666
-6.32708 -0.49574 5.71 3624
10.54829 0.20697 4.65 1056
12.58136 0.89986 4.66 1076
-0.13124 1.20091 5.61 3259
-5.53265 1.79879 4.09 575
8.47806 2.20121 4.23 646
8.69211 1.32855 5.24 2153
-7.09577 1.41694 5.45 2706
0.43921 1.86864 5.52 2934
-6.88927 1.77717 5.84 4250
-0.51653 3.40931 4.88 1395
-8.39810 3.41063 5.95 4800
-0.15392 4.44453 3.69 359
4.39956 4.56745 4.27 678
-9.31701 5.26892 4.75 1189
9.20606 5.41416 5.81 4121
-11.46693 8.55848 4.47 868
-0.42894 8.85616 5.71 3625
5.37330 10.31767 5.23 2116
