-7.08360 -12.15882 4.85 1354
-12.71978 -13.30868 5.37 2482
-3.12822 -12.46346 5.37 2489
-3.99960 -10.81787 4.12 594
8.15375 -11.22975 5.13 1894
1.38321 -10.65445 5.52 2929
-6.77649 -9.05123 3.49 285
0.89774 -9.48929 5.75 3838
6.00194 -7.45313 5.18 2023
-4.09456 -8.30898 5.68 3518
-2.78073 -7.87271 5.83 4221
9.08874 -7.96532 5.53 2976
10.44129 -6.39160 5.70 3578
9.30100 -5.85536 5.71 3621
-5.32947 -4.27042 5.70 3601
-8.71775 -3.55196 5.98 4973
-8.75716 -3.10392 2.10 61
-8.09788 -2.56080 5.51 2898
-2.32390 -0.37250 3.90 468
4.28600 -0.79354 4.74 1181
-13.60938 -2.49125 5.62 3309
11.84942 -1.94225 3.88 458
-0.81535 0.69538 5.92 4648
-12.65883 1.09202 3.97 501
-12.48109 0.76272 4.11 584
-3.25902 1.96210 4.28 694
3.80325 3.18307 4.71 1146
-2.52295 2.89344 5.81 4127
-9.41307 4.41857 4.85 1355
-1.29887 5.33184 5.77 3939
-4.11569 4.73318 5.79 4048
-0.47663 5.72684 5.53 2971
-2.56528 6.01271 5.83 4209
-11.25777 5.35786 5.86 4327
-7.74230 7.71831 5.42 2609
-13.78281 7.08019 5.47 2778
-3.51358 8.33227 5.61 3255
3.53710 9.82442 4.37 785
14.79741 12.66712 5.25 2183
