13.34437 -15.05788 5.29 2291
11.68668 -15.24551 5.67 3496
-5.07958 -13.61895 5.97 4884
-9.17168 -12.90774 4.82 1291
7.20308 -10.97857 3.69 358
1.80809 -10.11465 3.97 508
3.34879 -10.33361 4.81 1274
-7.03050 -11.52807 5.16 1969
-3.57602 -10.98160 5.47 2766
8.04416 -11.47653 5.57 3116
4.61943 -10.27266 5.92 4626
12.69554 -10.60949 3.40 260
6.49763 -9.19459 4.52 919
-8.42104 -9.49564 4.76 1200
11.35633 -10.54025 5.60 3222
4.12608 -9.76848 5.77 3891
3.94238 -9.32977 5.99 5005
-0.83534 -7.76281 3.84 429
-10.18069 -8.85552 5.17 2003
-10.57853 -8.54356 5.60 3241
-10.75700 -8.90712 5.74 3764
-1.05248 -7.36574 5.78 3982
-12.03545 -8.88997 5.78 3997
0.12724 -8.19667 5.79 4056
-10.24018 -9.20982 5.81 4145
10.50527 -8.69440 5.94 4722
-6.52815 -6.65085 1.86 38
2.99722 -5.96177 2.25 72
6.04665 -6.19450 4.08 569
-3.35288 -6.65783 4.33 735
-0.53155 -5.80530 4.92 1465
-0.10551 -5.60164 5.16 1973
2.25831 -6.11206 5.54 3018
8.93346 -6.93809 5.79 4030
1.94008 -5.48084 3.44 270
-4.48041 -4.32954 4.86 1375
-4.46686 -4.62645 5.26 2207
12.99803 -5.93903 5.72 3671
5.46529 -4.91819 5.88 4422
5.81857 -3.12035 3.13 197
2.97984 -3.57143 4.34 747
7.39513 -4.64851 5.32 2350
-1.53922 -3.63279 5.59 3209
-12.03959 -4.60568 5.63 3319
7.60109 -3.67041 5.80 4087
-7.05078 -4.58282 5.97 4906
-2.49473 -2.48476 4.49 892
-13.41926 -3.67525 5.59 3187
-9.63323 -2.37018 5.66 3433
4.34096 -0.18654 2.50 93
2.76805 -0.85145 5.27 2216
4.23203 -0.87155 5.63 3337
8.16258 -0.90629 6.00 5050
-3.02551 0.31697 1.96 45
11.28557 -0.55480 3.54 300
-13.46441 -0.75697 5.70 3611
-0.94368 0.03907 5.71 3617
-11.86492 -0.08637 5.87 4395
-3.61348 2.47281 4.86 1378
-6.66438 2.24100 5.09 1802
5.37367 1.97228 5.11 1851
-4.12611 2.52013 5.19 2039
7.54876 1.32868 5.45 2684
-4.20323 1.98524 5.48 2821
-3.63730 2.49044 5.52 2936
-11.29911 1.50292 5.53 2972
8.81947 0.83636 5.56 3069
-4.06202 2.57924 5.61 3283
-5.72724 2.16909 5.69 3547
-13.04463 1.31760 3.47 279
-4.07035 2.70712 3.62 336
-0.76295 3.11402 4.69 1104
0.36634 3.85225 5.23 2128
-7.80545 3.44168 5.85 4282
7.33399 4.70745 5.01 1637
-7.32589 4.05121 5.17 1990
3.90416 5.29591 5.26 2210
6.42271 4.44405 5.45 2688
3.98817 4.58782 5.87 4340
11.59687 4.21623 5.93 4694
-10.21900 5.79303 5.51 2902
12.06317 5.40892 5.72 3692
-5.21614 5.31369 5.80 4090
-12.06422 4.91691 5.95 4808
8.25657 7.24803 4.35 752
-13.89424 6.47342 4.41 811
-5.59101 6.70428 5.01 1648
7.62297 7.81292 5.12 1859
-3.62150 7.00995 5.16 1964
-8.56308 8.42405 4.82 1306
-4.08466 9.37732 5.51 2889
-11.57444 7.70951 5.70 3610
-11.16678 8.09279 5.82 4155
-0.47186 8.83607 5.87 4372
-4.27887 8.21988 5.90 4502
-1.68481 9.11445 5.91 4551
-11.83081 9.58667 1.78 33
0.97763 10.88377 3.75 382
-11.83905 9.57223 4.27 680
-4.39942 10.45080 4.77 1223
-0.26470 10.69877 5.18 2026
-11.63497 8.76194 5.23 2115
-7.15095 9.37076 5.33 2373
-1.43525 10.28610 5.33 2383
3.17804 10.48452 5.92 4607
-4.60276 11.37450 3.84 425
-3.36159 12.29366 3.91 475
12.32201 10.63508 4.58 983
-2.24843 11.65110 5.10 1824
-10.95481 10.21643 5.13 1884
12.33032 11.14218 5.62 3287
11.98852 10.13593 5.73 3731
5.38989 12.16806 5.75 3834
-3.04469 12.14705 5.75 3847
-11.41862 10.64217 5.76 3874
2.74823 11.55763 5.79 4011
-7.23505 11.61154 5.99 5006
-2.49283 13.36002 4.93 1485
-13.06346 12.35839 5.05 1726
12.11503 11.84048 5.08 1775
-4.40092 13.13002 5.23 2130
-3.25440 12.47962 5.46 2729
-4.75415 13.41949 5.71 3632
13.29641 12.29333 5.71 3642
-11.03335 11.85913 5.83 4185
