11.65957 -14.68766 2.95 163
-8.35024 -13.26479 4.65 1065
13.71640 -14.41022 4.77 1215
-3.94947 -13.34807 5.33 2375
0.37547 -13.34436 5.65 3400
0.30558 -12.09514 5.65 3398
7.22464 -12.63118 5.84 4227
-11.44492 -13.26031 5.84 4243
4.68236 -12.09163 6.00 5054
-2.98763 -10.46828 4.47 869
-5.79131 -10.38367 5.14 1922
10.13321 -10.99837 5.25 2190
13.27766 -10.13015 4.59 992
-2.45254 -8.62356 5.35 2417
9.26876 -9.70454 5.48 2816
-8.13864 -7.52808 4.72 1152
11.28132 -8.86466 5.29 2278
-14.47020 -7.71359 4.64 1046
-1.45969 -5.56190 4.94 1488
7.52834 -6.60966 5.08 1783
10.93214 -6.44907 5.12 1870
9.58891 -6.23299 5.76 3869
8.04974 -4.82848 3.33 241
-0.38955 -4.66039 5.83 4218
-4.33337 -5.48087 5.88 4406
3.43566 -4.25198 5.96 4841
3.69392 -3.31477 3.62 331
3.54472 -3.30963 4.73 1163
-5.22206 -3.82442 5.45 2695
-0.91086 -3.92308 5.47 2752
3.65315 -3.47454 5.88 4402
-10.38724 -3.00242 4.99 1596
2.97836 -1.73491 5.22 2100
-2.12036 -2.51456 5.33 2391
3.58364 -2.54764 5.45 2717
3.86259 -1.65960 5.77 3931
13.78253 -2.66391 5.84 4238
-7.41870 -1.83951 5.86 4330
-14.29891 -3.65565 5.94 4746
1.22009 -1.15818 5.71 3643
-4.24256 1.01158 5.40 2568
1.79891 0.83593 5.48 2812
8.54585 0.29181 5.67 3495
3.20315 2.62360 3.08 189
-10.74731 1.61333 3.41 265
3.33016 2.66065 3.57 314
-9.82734 1.42337 4.89 1410
6.43253 2.32417 5.91 4593
9.55868 1.46174 5.96 4825
13.93523 2.76578 2.69 116
-4.20485 3.24868 5.42 2605
-3.21140 3.81572 5.79 4029
-9.60241 2.47140 5.90 4496
-0.24929 3.81301 5.91 4584
11.77038 3.13978 5.93 4690
7.20118 3.54868 5.98 4952
-9.19965 3.98053 4.23 649
-9.01679 4.06113 5.73 3714
-11.86845 4.57668 5.80 4085
-1.01691 6.50720 4.16 616
5.73549 5.42519 5.97 4918
2.88971 7.80429 2.29 76
-2.43649 7.24618 4.23 654
7.08494 7.85994 4.87 1387
11.01437 6.33844 5.91 4552
-14.16689 7.91510 3.95 489
-12.37493 7.63722 5.12 1861
4.95811 9.17054 5.48 2792
10.17956 8.43521 5.53 2983
-8.67298 8.55838 5.54 3012
-12.37193 7.64066 5.62 3305
0.50763 9.42918 5.87 4349
-7.42699 9.38968 5.92 4623
6.41135 10.66188 5.03 1678
10.81452 9.62591 5.55 3037
-6.09289 12.41636 5.49 2825
8.64487 12.98635 5.97 4913
