-12.80250 -8.11705 4.95 1535
-1.18942 -13.18806 5.35 2441
-5.42104 -10.25133 5.04 1707
0.73690 -11.62667 5.13 1902
-12.67965 -6.26102 5.56 3076
-12.69704 -4.22087 4.32 729
4.98867 -9.29095 4.39 796
-2.24615 -10.11787 5.64 3370
9.97151 -8.01700 5.95 4769
-9.65448 -7.38266 5.98 4966
12.21136 -2.55159 5.50 2861
-9.45104 -5.03257 5.56 3068
12.12012 -2.75199 5.83 4206
8.48741 -7.10868 5.91 4546
5.85145 -4.71897 5.39 2551
-3.53123 -6.40021 5.68 3512
-5.72926 -5.41534 5.72 3693
7.67436 -3.65864 5.97 4886
4.40783 -4.05370 5.46 2731
4.63865 -4.45267 5.96 4833
-6.02041 -2.26349 4.23 645
-9.12682 2.07780 5.64 3378
4.42331 -2.38372 5.75 3808
-9.82511 5.01929 5.98 4936
7.87349 1.70636 4.74 1169
-9.08927 7.29357 5.28 2249
-9.08175 7.29787 5.85 4302
8.68107 6.66984 5.62 3284
6.62569 2.80510 4.71 1130
5.37039 3.46416 5.90 4533
-1.74734 2.51126 4.36 764
3.98447 3.30003 5.27 2215
-1.57620 3.00651 5.79 4049
5.14998 7.06172 4.25 658
3.14848 10.31421 5.86 4323
-0.72417 10.93420 5.07 1759
3.39766 5.39927 5.58 3165
0.93186 7.26052 2.02 52
