13.68176 -10.78973 3.76 389
-5.73356 -13.32184 4.33 738
8.23290 -12.00422 5.17 1978
-10.81400 -12.44083 5.42 2625
2.38021 -13.57458 5.52 2954
12.49148 -12.24562 5.77 3941
-11.31599 -10.42807 2.23 67
-9.33024 -9.00230 3.44 272
-0.34263 -9.66376 5.56 3078
6.95593 -9.27971 5.75 3797
7.05034 -9.80682 5.98 4975
-7.96690 -7.60805 4.83 1325
-3.61379 -9.17727 4.98 1576
5.16997 -8.76764 5.67 3474
-1.18898 -9.16415 5.70 3596
-5.69603 -8.93229 5.79 4037
-7.62444 -7.37168 4.63 1033
-1.06812 -7.91328 4.71 1144
-11.91184 -5.30993 5.94 4728
-7.25315 -5.27552 2.47 91
-2.41831 -6.47462 2.68 110
-7.32380 -5.76012 5.55 3053
0.56189 -6.10095 5.78 3990
-10.75402 -5.10653 5.79 4043
-7.75561 -4.61622 4.82 1286
-12.08474 -2.57730 5.40 2563
12.33025 -2.95402 5.59 3215
-13.45774 -2.58176 5.74 3754
-5.81337 -4.28905 5.84 4233
-6.02874 -4.96255 5.92 4611
-10.38107 -1.47177 4.16 613
2.18576 -1.76005 3.38 256
1.16886 -1.55423 5.63 3346
2.87923 -0.40697 5.26 2208
-7.30430 -0.32051 5.39 2550
-4.25245 -0.85277 5.55 3031
3.40181 -0.68126 5.58 3141
-13.76758 1.46501 5.59 3194
12.93609 0.95308 5.89 4489
3.31974 0.01514 6.00 5034
13.89688 3.69992 4.84 1338
-4.08820 0.25504 5.57 3106
8.06029 1.94949 5.78 3989
-7.98141 2.49949 5.83 4184
-13.31182 4.13117 5.86 4315
-5.68251 2.32455 5.97 4927
6.43496 3.93084 4.52 921
-12.48208 5.39704 5.67 3470
8.32848 4.97073 5.95 4776
-1.79593 4.34169 4.74 1174
1.99429 5.11855 4.99 1590
-3.63897 5.39983 5.29 2273
0.30017 4.17247 5.59 3184
8.81619 6.63843 5.80 4096
2.46969 8.23014 4.54 939
0.33461 7.72621 5.18 2025
-1.01798 7.24820 5.81 4142
-13.16356 12.65500 5.84 4249
13.90763 12.58199 4.63 1040
2.44088 10.34004 3.98 511
5.88452 11.49558 5.16 1975
-5.30539 11.15390 5.87 4396
-0.14977 11.08317 5.28 2250
-13.09862 16.94354 5.84 4240
-11.17833 15.36239 5.98 4931
8.43144 14.65344 4.87 1386
-4.71659 14.14822 5.41 2590
-4.86302 14.38594 5.66 3441
