1.38042 -13.38437 5.47 2756
2.07060 -11.20979 5.28 2257
3.35752 -14.87795 5.49 2841
-5.67422 -16.02661 5.42 2631
-5.25223 -9.55512 5.46 2747
-3.71789 -9.29840 5.58 3131
5.61322 -14.12394 5.77 3911
-1.21121 -6.22418 5.57 3105
-2.11855 -6.89172 5.91 4544
-4.11659 -6.06200 4.32 724
-3.07330 -4.67044 5.65 3395
-3.10286 -4.95611 5.65 3421
10.06829 -12.52970 5.29 2296
-5.93117 -5.57207 5.95 4821
-6.23781 -3.05684 4.91 1445
10.89864 -8.57440 5.91 4550
-6.64284 -1.86626 5.06 1743
11.17918 -8.13102 5.77 3936
3.82900 -1.77083 5.88 4421
7.15130 -2.36173 5.95 4779
-5.85069 0.13763 3.83 423
0.88640 1.48478 3.89 463
0.02327 1.78620 4.68 1097
0.03006 1.82539 5.27 2224
-11.51308 -2.71274 5.85 4278
1.70661 3.31759 4.24 657
-5.97047 2.86674 5.93 4657
-6.37429 3.44998 5.34 2414
-10.01712 1.43588 5.50 2848
-3.13126 5.11997 5.95 4792
10.50466 3.98787 5.47 2763
8.99150 3.47107 5.86 4313
-4.74663 8.60660 5.49 2837
-8.47711 7.80381 5.60 3220
-3.87595 8.68909 5.65 3408
10.52953 6.15292 5.85 4287
12.03744 4.82268 5.89 4446
-1.46852 10.42428 5.70 3615
1.00232 13.69774 4.91 1457
7.26320 12.71545 5.41 2592
1.61631 12.39525 5.50 2869
-7.69043 12.66343 5.81 4113
