-5.49348 -13.05293 3.94 486
11.50088 -13.31277 5.85 4296
-5.10295 -11.79003 5.80 4059
-8.12231 -9.10731 5.32 2355
3.01677 -7.44035 2.14 63
12.04468 -6.75918 5.10 1827
2.88361 -7.83976 5.88 4404
-8.55925 -6.14365 3.34 245
5.18934 -5.92486 5.53 2964
-3.41281 -6.27392 5.74 3774
-4.74003 -4.81650 5.57 3123
-1.73727 -4.38499 5.95 4819
13.40143 -2.65903 4.74 1179
-3.09395 -2.15797 5.52 2935
-8.33075 0.88221 2.56 97
-12.19516 0.59263 4.42 819
2.56606 0.31520 4.53 931
10.36451 0.99771 5.57 3099
0.25035 1.85298 5.26 2200
7.76100 2.14917 5.87 4365
-7.84454 4.41002 4.63 1042
11.47388 5.78204 4.95 1517
-13.98486 7.08984 4.50 893
-9.78112 6.67210 5.68 3497
13.28260 8.57481 4.81 1279
9.91328 8.36959 5.66 3457
14.61507 10.07463 5.00 1610
13.83324 8.97649 5.18 2021
12.52520 9.60348 5.54 2996
14.38485 10.68177 4.95 1526
-1.13168 10.72563 5.80 4064
14.45426 12.11265 4.36 759
11.45246 12.79878 5.70 3573
