2.51187 -13.41237 5.20 2055
-7.36885 -13.05169 5.22 2091
7.34099 -13.13338 5.79 3998
5.29926 -12.57852 5.80 4098
-13.64209 -13.35123 5.93 4680
-8.79220 -12.46300 6.00 5078
-9.57201 -11.21055 4.78 1231
-13.10168 -11.73335 4.91 1441
-7.48620 -11.24320 5.90 4525
-11.65723 -12.17348 5.95 4774
9.66060 -10.42680 4.47 870
2.52979 -9.75943 5.55 3032
-3.80968 -10.32620 5.73 3724
-10.24762 -10.96915 5.98 4938
8.14964 -8.31131 5.90 4532
13.51971 -8.72481 5.97 4910
1.29179 -7.42577 4.44 837
-14.15758 -7.98713 4.57 973
-5.16483 -8.01460 5.63 3328
4.22354 -7.05369 5.84 4237
-10.27033 -7.60903 5.97 4917
-5.14607 -6.26918 5.67 3469
-0.93494 -6.72551 5.71 3634
-10.97470 -4.77539 5.27 2235
-8.46964 -3.49406 0.50 10
4.39051 -3.63891 4.50 903
-14.41717 -3.19491 5.88 4432
1.77542 -3.99157 5.98 4949
9.31243 -2.61108 4.77 1213
11.19514 -2.10153 5.77 3892
9.02556 -1.85689 5.93 4701
-14.72767 -0.74732 4.09 574
-5.95705 -0.44433 4.12 590
7.09395 -0.08718 4.66 1077
-0.97457 -0.07768 5.39 2555
-11.26179 -0.51938 5.79 4050
-10.15910 -0.06252 5.80 4078
5.16358 0.01391 5.88 4420
12.38362 0.11081 5.92 4632
14.80580 -0.95724 5.97 4904
-7.97296 -0.60371 5.99 4994
14.83850 1.57253 5.13 1890
3.96440 2.13589 5.23 2113
-7.80198 2.16236 5.87 4357
-14.58890 1.67979 5.94 4751
8.48281 4.07321 3.36 248
-10.23970 3.78235 4.91 1451
-1.19082 3.11514 5.04 1696
-1.42176 3.49863 5.33 2377
-7.07555 3.92154 5.70 3576
6.62743 4.15308 5.97 4885
14.84033 3.86612 5.98 4972
0.87246 3.52276 6.00 5062
8.03474 4.52122 4.49 888
11.64964 4.55750 4.65 1064
-10.82108 5.53230 5.29 2286
10.20616 4.83736 5.65 3393
-1.61875 5.28573 5.91 4577
-4.13230 6.57347 4.42 825
-2.68317 5.78560 4.48 882
-9.87096 6.06483 5.52 2946
4.53198 5.73316 5.53 2961
-9.23689 5.85958 5.59 3197
0.02326 6.38319 5.69 3567
-10.96866 6.35605 5.72 3676
14.17312 7.67673 5.74 3788
-11.07800 8.22138 6.00 5072
5.86414 8.86396 1.93 43
-12.89937 9.29915 4.86 1373
-2.62887 8.44002 4.95 1536
-1.51556 8.44884 5.30 2306
13.44826 8.68559 5.68 3507
14.20360 9.56315 5.82 4150
9.91627 8.70873 5.85 4274
7.39665 10.64258 5.21 2072
-10.78267 10.88469 5.49 2836
-14.31563 10.08679 5.54 2992
-1.81689 10.90294 5.88 4408
14.10847 11.08874 5.94 4707
-5.41869 13.46499 5.14 1921
-1.68776 12.65277 5.20 2044
-2.60897 13.55469 5.75 3835
-8.22110 13.63573 5.92 4644
