-1.48927 -12.79620 5.91 4582
8.35078 -11.84417 5.39 2544
2.38614 -11.08766 5.52 2952
6.55750 -11.50735 5.91 4585
9.67422 -9.80410 4.95 1518
5.98474 -11.00409 5.18 2006
0.19253 -8.77642 4.84 1348
11.92350 -9.50212 5.77 3920
-5.71488 -7.19526 5.79 4033
7.23329 -5.41080 4.05 552
0.25478 -5.34691 4.99 1602
-8.60942 -4.11817 5.08 1792
-1.35603 -5.23028 5.81 4141
1.70549 -3.64814 4.63 1037
13.16031 -2.39925 5.36 2462
-11.84580 -1.52700 5.61 3279
-8.48349 -1.77905 5.67 3466
4.76414 -2.63639 5.79 4014
-9.22746 -0.86086 3.85 434
8.08104 0.80181 3.94 486
-3.61852 0.76225 5.34 2407
8.41702 2.05004 5.80 4059
5.30227 4.57661 5.32 2355
-14.60139 5.44192 5.41 2589
-9.29696 5.81358 5.46 2720
-4.52362 5.78743 5.48 2815
4.72615 7.49658 3.34 245
9.89695 7.60650 5.74 3774
8.49365 9.01432 5.57 3123
11.53746 9.60628 5.95 4819
-4.46075 12.31779 5.49 2844
10.06387 11.81355 5.52 2935
-13.20502 14.00944 2.61 102
-13.20339 14.00775 3.80 404
-13.30090 13.48451 4.79 1238
