3.16717 -12.86223 4.82 1295
-10.50858 -13.04819 5.51 2917
8.07822 -11.43133 4.76 1199
-0.17263 -11.53569 5.07 1761
5.26871 -11.39300 5.62 3300
8.87948 -11.46043 5.63 3334
6.48461 -11.34249 5.83 4193
-0.17493 -11.53451 6.00 5027
-4.25936 -10.41224 4.31 720
4.29853 -9.61563 5.45 2707
-13.68567 -9.74044 5.48 2804
12.51615 -9.71523 5.54 3010
-1.27057 -8.22430 5.11 1847
10.59246 -6.67324 5.46 2719
-4.60832 -7.33050 5.50 2865
-10.79438 -7.27284 5.64 3380
-9.98298 -5.78572 3.50 286
-2.13193 -5.59976 5.02 1652
-2.35596 -5.68566 5.02 1663
-0.56887 -6.37532 5.24 2154
12.47097 -3.38627 5.04 1710
13.75592 -2.41032 4.20 629
3.20579 -3.43204 4.62 1023
3.91586 -3.24519 5.75 3818
8.06403 -3.21994 5.87 4376
3.65843 -2.46994 5.37 2478
6.98161 0.22091 4.26 674
12.45714 1.82930 5.65 3404
9.42152 2.39109 3.89 464
5.42328 1.61411 4.76 1203
-12.07772 2.49534 5.74 3762
-0.40565 2.46378 5.75 3817
13.27926 3.39925 5.79 4055
-8.37417 4.12804 4.76 1201
13.30276 6.68335 4.90 1431
-7.92037 4.76593 5.57 3115
-11.42418 6.05020 5.69 3543
-9.72592 7.06172 5.63 3326
8.83344 6.11193 5.91 4560
-0.31294 7.44964 5.84 4252
-4.23386 9.72218 5.66 3431
11.75109 12.08839 5.08 1781
0.59973 10.13861 5.51 2907
11.74932 12.05328 5.53 2986
4.60635 11.08827 5.93 4695
-0.96494 12.32543 5.97 4921
3.56741 13.59628 4.95 1521
-6.79494 13.62284 5.25 2175
-0.81372 13.31951 5.74 3757
-12.61351 13.86037 5.85 4265
-0.49711 13.14442 5.87 4359
