5.61528 -12.94369 4.94 1514
-12.16055 -12.43398 5.09 1808
7.27111 -12.54976 5.91 4601
12.50381 -12.49531 5.92 4624
7.63820 -12.30946 5.99 5002
-12.61685 -11.83006 5.28 2253
6.29150 -12.12984 5.35 2442
6.31089 -11.24189 5.38 2515
5.92639 -11.52668 5.65 3427
9.04427 -11.35187 5.72 3683
8.13249 -10.44425 4.22 643
8.39380 -9.70438 4.28 689
13.52648 -9.20220 4.28 697
1.50390 -10.90659 4.36 771
8.15543 -10.57543 5.28 2255
8.69434 -9.43469 5.53 2962
-0.99931 -10.35739 5.63 3340
1.71068 -11.00688 5.90 4508
-4.30555 -8.26558 4.18 620
-3.68674 -9.01133 5.45 2686
-3.93435 -8.05702 2.87 148
-3.40836 -8.13962 3.63 340
-4.75599 -8.02513 3.70 360
-4.44528 -7.68061 3.87 455
-4.63513 -7.53788 4.30 718
-3.39776 -8.02435 5.09 1798
-4.77047 -7.78055 5.46 2736
1.37035 -8.09463 5.47 2788
-11.20821 -6.87781 5.50 2876
-4.63310 -7.02306 5.64 3376
-4.41218 -7.42257 5.76 3865
-8.02393 -7.41765 5.92 4619
-3.00078 -6.03803 5.26 2209
7.00578 -5.84714 5.37 2479
3.32705 -4.79004 5.41 2580
6.20677 -3.50347 4.95 1523
2.00651 -3.27504 5.20 2056
-11.54621 -2.83550 5.52 2938
-14.69254 -3.05465 5.79 4054
-12.31364 -3.52249 5.90 4495
-8.73285 -3.07371 5.96 4866
12.51165 -1.35504 5.78 3954
10.42622 -1.04055 5.88 4419
-11.94714 -0.80008 4.47 864
2.09916 -1.35206 5.23 2133
-13.27019 1.42174 5.52 2949
-1.70703 2.59187 2.85 142
7.64753 2.19830 5.28 2267
-4.54630 3.21846 3.83 422
-5.02210 5.54650 4.97 1550
-3.00477 4.27490 5.11 1855
-10.19880 5.28622 5.61 3267
-9.05755 5.57097 5.61 3278
3.13990 4.95967 5.72 3701
7.02427 5.64253 5.76 3875
-11.78781 6.39326 4.82 1302
5.78089 6.41341 4.93 1475
6.97248 5.87588 5.73 3744
-2.29777 6.00393 5.77 3940
-0.28889 7.95776 4.04 543
-0.99055 6.98069 5.49 2843
-7.67695 7.76899 5.90 4513
-4.29217 8.97061 5.59 3199
13.79233 11.23872 4.88 1405
-5.17059 10.57195 5.57 3095
2.34512 11.10972 5.51 2911
11.42947 12.07343 5.99 5020
-13.13165 14.19277 4.63 1036
-7.05845 13.95783 5.81 4105
-11.40772 13.50119 5.96 4861
