9.45199 -13.52588 4.22 636
-8.05238 -12.57130 5.47 2760
-4.76450 -13.49587 5.77 3917
-7.07751 -13.60943 5.87 4354
-6.76155 -12.01120 4.62 1028
15.00674 -12.09646 5.42 2626
-1.07549 -11.03730 6.00 5070
0.45221 -10.88574 3.26 225
3.33985 -9.61568 5.39 2535
4.11669 -8.25260 5.94 4738
6.06309 -7.29282 5.75 3800
9.15245 -8.20234 5.90 4529
2.47726 -6.59370 5.21 2074
-8.16305 -5.93541 5.82 4163
-7.90501 -6.77230 5.97 4903
-6.27130 -5.06082 4.45 852
15.10142 -4.31491 5.83 4186
-9.44578 -5.05400 5.95 4814
-11.06013 -3.10470 3.75 380
-6.63744 -2.81922 3.97 507
-4.98610 -3.41950 4.03 541
8.54002 -4.01286 5.02 1651
12.87393 -3.33078 5.57 3128
0.29686 -2.22277 4.86 1377
-3.19127 -2.29174 5.51 2905
-3.45664 -2.57160 5.69 3557
-3.56726 -1.37300 5.73 3721
-12.57095 -0.51271 2.77 126
12.47061 -1.01824 4.62 1018
-6.75410 -0.84248 4.64 1053
12.47880 -1.02047 4.98 1577
8.71634 0.73080 5.83 4196
5.67430 2.31415 5.45 2712
12.15872 2.32114 5.57 3102
2.71765 1.64062 5.73 3730
-9.15317 1.56529 5.77 3930
-13.21330 1.92025 5.95 4815
-0.28606 3.09610 5.39 2532
-4.30859 5.13855 4.64 1043
1.91723 4.15908 5.65 3407
-4.28835 6.28271 3.73 373
5.58873 5.68697 5.39 2531
0.87326 9.67487 5.89 4445
13.28125 12.16798 5.23 2132
13.16682 12.56753 5.89 4449
