-11.33676 -15.58008 3.19 210
-8.35870 -13.39205 5.17 1986
4.23698 -12.74395 5.27 2218
-4.83968 -13.48806 5.71 3635
-0.75205 -11.63594 2.85 143
2.36970 -12.05823 3.85 433
-6.50935 -12.42722 4.86 1380
-10.27291 -13.54226 5.87 4371
-9.97230 -11.96424 5.11 1848
-11.72790 -12.58643 5.36 2460
13.18020 -13.03227 5.70 3600
5.04455 -9.42574 5.20 2041
-13.43862 -10.10911 -0.01 4
-13.43795 -10.10931 1.33 21
-7.18754 -8.78284 5.09 1797
-11.01268 -8.37823 5.20 2043
-6.97016 -8.09891 5.46 2740
-6.20427 -8.20939 5.67 3477
-7.25546 -8.71864 5.73 3741
-0.66083 -7.53596 5.76 3862
-0.76272 -7.11621 5.77 3929
8.78154 -6.36661 3.76 390
-6.41186 -6.37090 4.51 916
13.69260 -8.51322 5.91 4572
-3.45504 -6.86927 5.95 4771
-7.54648 -5.81421 4.07 557
8.51210 -5.33286 5.58 3140
5.04811 -5.20235 5.69 3540
8.30043 -5.52331 5.74 3766
0.64547 -3.80762 4.63 1039
1.69426 -4.05110 5.57 3111
2.88207 -4.07585 5.63 3320
11.77942 -5.12706 5.73 3729
9.82751 -4.97444 5.94 4706
11.22170 -2.55256 3.13 200
-9.48515 -1.30668 5.54 3001
-1.74256 -0.10415 5.73 3736
3.99563 -0.33787 5.77 3912
2.59123 -0.80300 5.81 4144
2.67099 0.44185 4.94 1510
11.91982 -0.72942 5.65 3394
12.24102 1.23837 4.06 556
12.94926 0.97612 5.29 2275
3.38019 1.52871 5.44 2683
-2.02771 2.41772 5.77 3932
2.69408 1.75640 5.83 4200
9.17600 1.81267 5.96 4836
-10.05160 3.14604 3.41 261
-13.20043 1.52856 5.38 2527
-4.43076 3.43780 5.44 2667
11.84781 2.56019 5.94 4709
4.36796 6.50399 4.02 531
3.75320 6.66280 4.99 1594
12.70681 4.72049 5.55 3050
0.72242 7.92470 4.65 1065
5.01121 7.26707 5.33 2375
9.28243 6.69755 5.65 3400
-11.86257 7.08601 5.77 3903
-10.92851 7.73991 3.87 447
9.39134 7.93222 5.65 3398
-8.76146 8.64197 5.65 3414
-10.92140 7.73278 5.69 3565
-2.27225 8.33068 5.84 4243
-10.17245 8.79475 5.95 4795
13.78039 7.35374 6.00 5054
-9.60457 9.15624 4.27 687
6.33686 9.97282 4.47 869
-12.94790 9.80423 4.72 1148
-12.94790 9.80423 4.82 1296
-8.75829 9.19171 5.00 1619
3.56888 10.41932 5.14 1922
-7.25846 11.04321 5.24 2161
7.12014 11.74781 5.35 2417
-12.52635 12.42796 4.05 548
1.58968 13.57381 4.72 1152
