-11.08386 -13.41115 5.63 3322
-14.24124 -11.37625 4.77 1212
12.52734 -11.75851 4.82 1311
8.30118 -11.68050 5.66 3444
-2.84737 -10.15474 4.95 1529
2.17520 -8.76750 5.07 1765
4.90360 -8.86084 5.15 1941
-13.52671 -9.10516 5.43 2636
-0.26167 -9.49259 5.67 3478
12.25194 -8.27126 5.91 4580
-9.82051 -7.04540 4.44 839
-2.05493 -8.12410 4.58 981
12.18318 -7.66409 5.04 1708
0.63056 -6.94866 5.22 2104
5.25087 -7.23777 5.32 2349
-1.71877 -7.79596 5.52 2943
6.92120 -7.49074 5.54 3007
-2.48420 -6.85677 5.57 3098
-9.73317 -6.90595 5.81 4108
0.54455 -7.13916 5.88 4441
4.73193 -5.97997 4.78 1234
14.06232 -5.89956 4.91 1444
-5.03999 -5.72228 5.49 2842
-3.78498 -6.29164 5.95 4805
-11.49751 -4.71121 5.18 2019
3.61321 -4.33236 5.49 2838
3.22961 -4.20980 5.52 2924
11.45200 -4.43664 5.59 3189
-8.81042 -4.39036 5.87 4356
3.69001 -4.78463 5.92 4625
-8.89037 -2.52833 3.08 191
4.78293 -2.91784 4.52 920
0.33403 -3.07738 4.64 1051
-8.87969 -2.52128 5.11 1834
4.28145 -1.72383 5.18 2016
-10.73154 -0.10248 4.97 1551
-7.51640 -0.53222 5.38 2498
1.07541 -0.13726 5.71 3670
8.71236 0.78764 4.01 520
13.55045 1.67754 4.22 642
-6.11525 0.34827 4.69 1114
-0.40118 1.34769 5.49 2824
11.59090 0.95717 5.68 3501
-13.25269 1.37775 5.85 4267
-2.71600 4.02449 4.23 650
6.93337 3.19301 4.43 834
11.96220 3.73566 5.51 2895
1.33390 3.04680 5.64 3381
-4.99674 3.42605 5.94 4737
13.25627 6.19668 2.46 90
-3.87550 5.17586 4.99 1604
4.39640 5.19646 5.66 3438
-8.01614 6.39075 4.74 1176
13.48003 6.79005 4.92 1469
5.25812 6.96380 5.17 1980
-1.03882 6.98419 3.89 465
9.55780 7.62110 4.61 1013
1.77289 8.22294 5.36 2463
13.23666 9.74902 4.53 930
2.60208 9.44328 4.93 1480
4.01487 9.44150 4.97 1552
-9.43186 9.10250 5.15 1933
5.09567 9.75829 5.58 3171
-1.43122 9.63810 5.76 3878
8.15513 9.18916 5.88 4427
-4.31794 10.21739 4.89 1413
-0.02202 9.69315 5.19 2035
5.09567 9.75829 5.58 3171
6.51775 10.50390 5.90 4517
-11.94550 11.92491 4.36 767
4.84891 11.19014 4.81 1280
-1.12130 11.71363 4.94 1487
-2.54983 12.07082 5.12 1871
7.49327 11.92596 5.62 3292
-3.40149 11.65490 5.77 3900
-12.52403 13.44268 4.39 794
