9.32849 -14.23910 5.57 3110
0.90881 -13.38563 5.71 3636
3.48382 -11.80574 5.48 2801
9.80818 -10.26458 4.97 1555
13.15788 -10.82115 5.02 1655
-10.48707 -10.36399 5.05 1716
2.26871 -9.97924 5.57 3117
8.93722 -10.90383 5.63 3324
8.67324 -8.27055 3.12 196
3.14166 -7.55896 3.87 449
10.58829 -7.75961 4.36 776
-4.37069 -7.61854 4.55 958
-1.53781 -8.22588 5.76 3859
3.69104 -7.11828 5.78 3958
12.81924 -8.31793 5.80 4071
-13.90974 -8.64740 5.96 4863
5.59372 -5.72329 2.64 107
-0.70879 -6.72212 4.83 1318
6.29752 -6.58078 5.29 2285
13.45466 -6.69955 5.83 4202
-8.06310 -7.02383 5.86 4317
9.47975 -5.59573 4.87 1389
11.82803 -5.96213 5.55 3057
4.38661 -4.30161 5.78 3968
7.54816 -3.38929 5.17 1981
5.73186 -3.73681 5.45 2692
12.95477 -3.64624 5.65 3389
10.68106 -2.33568 5.50 2873
-5.13684 -2.53056 5.94 4731
-13.20656 -1.42321 3.82 414
-10.89750 -1.49750 5.68 3523
-13.93605 -0.38465 4.51 905
13.81572 -0.36134 5.81 4146
5.33686 1.69572 5.31 2329
-0.18413 3.60543 5.99 4987
-5.49441 5.01326 5.02 1664
13.41260 4.53179 5.04 1698
-1.40445 4.18335 5.07 1767
-4.54091 5.21216 5.73 3746
0.55249 7.17672 5.06 1733
-12.57261 7.12237 5.58 3167
-5.05354 7.63624 5.61 3282
-4.64809 10.45244 3.19 211
7.82919 10.24034 3.60 327
-5.49545 9.83795 5.75 3822
9.53126 9.42829 5.87 4364
7.11671 10.37292 5.87 4367
11.59151 9.49650 5.96 4850
0.14474 12.09090 4.71 1143
-11.33644 11.71118 5.72 3700
2.67494 12.74747 2.84 140
10.19337 12.34469 3.81 411
-6.07408 13.67556 4.91 1440
3.60722 12.58678 5.55 3056
