0.44520 -15.24201 5.47 2756
-1.03281 -17.26160 5.49 2841
2.61186 -15.95904 5.28 2257
-2.12191 -8.17105 5.42 2631
4.20483 -8.51358 5.46 2747
4.47472 -10.05310 5.58 3131
7.60052 -12.58738 5.57 3105
6.90958 -11.66068 5.91 4544
7.71494 -9.62153 4.32 724
9.14542 -10.67225 5.65 3395
8.85416 -10.64405 5.65 3421
-0.89340 -3.07158 5.52 2928
-10.33888 -12.03782 5.85 4285
8.17694 -7.78240 5.95 4821
10.71784 -7.43863 4.91 1445
1.44781 -0.82028 4.45 851
11.92225 -7.01163 5.06 1743
-2.47050 -1.53555 5.11 1852
-3.03372 -1.44441 5.36 2458
1.42928 -0.72101 5.47 2787
-10.38293 -6.44917 5.64 3358
-6.01247 -2.78301 5.69 3532
7.21511 -0.93059 4.26 671
-11.30598 -4.49033 5.45 2713
-10.33020 -2.81628 5.53 2979
-5.71883 -0.49205 5.79 4012
1.32527 0.23447 5.97 4911
1.04559 1.87225 4.11 583
6.76999 0.97139 4.91 1438
-6.28910 0.06977 5.47 2771
10.93934 -2.15841 5.85 4278
-8.51073 1.23106 4.35 750
-9.03885 1.82923 4.07 560
8.12237 2.93147 5.04 1701
-2.63162 4.23067 5.45 2705
9.05830 4.25069 5.18 2007
6.35507 4.57713 5.65 3406
0.41616 8.19878 4.00 516
-5.54495 6.27169 5.29 2294
-5.60079 6.48555 5.86 4329
1.09768 9.30021 4.93 1472
-11.17736 6.24105 5.29 2274
-4.82643 9.02841 5.47 2782
12.70551 6.00037 5.88 4433
13.39366 7.01491 3.87 454
-7.61069 8.97960 4.48 880
6.68403 9.76306 5.59 3205
1.10421 11.01261 4.74 1172
-12.68810 8.43967 5.37 2475
-5.73427 10.94533 5.47 2765
-12.67593 8.46205 5.65 3419
-0.74316 13.77119 3.32 239
-8.47440 11.74916 4.71 1132
10.34835 11.55168 4.97 1561
-11.44970 10.84092 5.20 2058
-12.89841 10.61283 5.53 2960
5.28864 12.07920 5.57 3114
3.84835 12.54870 5.99 4984
