0.72820 -12.75344 4.65 1065
5.06235 -13.42309 5.33 2375
9.39499 -14.00540 5.65 3400
-11.99086 -13.60797 5.77 3903
-11.02266 -12.94131 3.87 447
9.46620 -12.74580 5.65 3398
-8.81051 -12.02639 5.65 3414
-11.01576 -12.94856 5.69 3565
-2.28734 -12.34150 5.84 4243
-10.22421 -11.87197 5.95 4795
13.91700 -13.33467 6.00 5054
-9.64188 -11.50722 4.27 687
6.34432 -10.68651 4.47 869
-12.97037 -10.85559 4.72 1148
-12.97037 -10.85559 4.82 1296
-8.79128 -11.47148 5.00 1619
3.56782 -10.23962 5.14 1922
-7.24141 -9.61737 5.24 2161
7.08698 -8.91770 5.35 2417
-12.44023 -8.24538 4.05 548
1.57285 -7.11946 4.72 1152
-9.13902 -6.96222 3.37 252
-5.87026 -7.02648 4.54 950
-4.59922 -6.53017 4.64 1046
-11.60752 -7.01862 4.82 1308
8.42841 -5.98638 4.94 1488
-5.84529 -6.24610 5.43 2645
9.60815 -5.21532 5.83 4218
5.56343 -5.55552 5.88 4406
13.53988 -5.27127 5.96 4841
13.91148 -4.35798 3.62 331
-5.54489 -3.69816 4.33 736
13.75939 -4.33478 4.73 1163
4.86584 -3.80332 5.45 2695
9.16615 -4.41461 5.47 2752
-12.97484 -4.92461 5.85 4266
13.85144 -4.51413 5.88 4402
-6.41692 -1.82756 2.78 129
-0.12650 -2.38964 4.99 1596
-14.21533 -2.58119 5.15 1946
-11.32010 -2.76364 5.16 1960
13.36076 -2.68038 5.22 2100
8.10930 -2.86359 5.33 2391
13.88656 -3.57126 5.45 2717
14.27406 -2.70872 5.77 3931
2.91442 -1.58077 5.86 4330
-3.99024 -2.58312 5.94 4746
-10.06980 -1.44086 3.22 217
-10.68612 -1.70667 5.59 3183
11.63572 -1.89464 5.71 3643
-13.55426 -1.80039 5.79 4008
-6.81605 -0.33940 5.82 4152
-9.31230 -0.06174 5.37 2485
6.38333 0.89347 5.40 2568
12.45179 0.04348 5.48 2812
14.08991 1.68729 3.08 189
0.03267 2.19577 3.41 265
-9.28728 1.29406 4.60 1007
0.91083 1.90987 4.89 1410
-13.39504 0.73681 5.98 4960
-4.72870 3.41953 5.24 2139
6.67256 3.11723 5.42 2605
7.72986 3.57699 5.79 4029
1.24736 2.91994 5.90 4496
10.71189 3.25883 5.91 4584
-10.60761 4.60176 3.56 310
1.80994 4.36793 4.23 649
-10.14403 3.81520 4.54 951
-9.00691 4.04501 5.45 2715
1.99846 4.42864 5.73 3714
-0.73248 5.22944 5.80 4085
10.24179 6.04010 4.16 616
14.36294 6.94695 2.29 76
8.89496 6.92363 4.23 654
-5.74863 7.53238 4.67 1089
-4.89831 7.15805 4.75 1193
-3.75188 7.24062 5.61 3268
-2.59405 8.73444 3.95 489
-0.88749 8.28963 5.12 1861
2.83688 8.84182 5.54 3012
-0.88419 8.29273 5.62 3305
12.11869 8.82055 5.87 4349
4.15926 9.54624 5.92 4623
-13.47606 10.99160 4.91 1453
-12.74335 13.02517 4.34 742
5.82116 12.42869 5.49 2825
