-3.59593 -12.79975 4.40 803
3.76962 -13.27101 5.42 2623
-14.31943 -13.87876 5.74 3765
-13.12720 -13.74595 5.93 4691
-6.62677 -11.67773 4.61 1014
11.65085 -11.64772 5.75 3799
-10.04552 -10.14985 5.18 2011
0.62884 -10.45063 5.75 3813
-3.48221 -8.61374 5.68 3505
12.92511 -8.73631 5.86 4332
12.16873 -9.51169 5.96 4852
7.20898 -8.26244 4.88 1396
-13.26171 -7.53202 4.94 1503
-2.20804 -7.96231 4.99 1587
-11.39725 -6.47696 5.04 1693
-9.23628 -6.79608 5.69 3563
-14.77684 -6.52163 5.70 3614
1.96817 -6.77397 5.98 4962
8.83163 -4.98390 4.32 723
-9.44752 -5.48645 5.17 1991
-3.11257 -5.22532 5.54 2991
-2.91751 -4.02405 4.72 1151
6.71602 -3.45520 4.98 1578
-10.80086 -3.16452 5.48 2810
2.24128 -3.48001 5.54 2997
-0.53563 -3.60709 5.98 4970
-13.20419 0.42903 3.93 481
-10.13495 1.01301 5.61 3277
2.98690 0.33487 6.00 5037
8.07715 3.73857 4.62 1019
-2.86967 3.04468 5.36 2454
10.80413 3.77536 5.54 3016
5.25572 2.73960 5.72 3690
0.98517 3.36537 5.96 4869
-11.64719 4.32225 5.49 2827
-9.34306 6.22139 5.76 3858
11.81247 6.18114 6.00 5068
-14.83436 7.99274 5.13 1898
1.94455 8.37446 3.90 470
-6.98359 8.67023 4.93 1484
10.15453 8.97901 5.31 2322
2.21669 8.26160 5.59 3181
1.57529 8.59019 5.61 3252
-3.93237 9.65094 4.34 745
9.03461 10.94002 5.70 3605
4.84997 10.80949 5.81 4118
-6.51449 11.86990 4.68 1101
9.46209 11.15156 5.29 2281
14.73179 13.14239 5.67 3491
