2.20847 -12.91539 5.75 3849
8.59626 -13.83891 5.77 3944
-11.65959 -13.79579 5.80 4058
13.78184 -13.81207 5.89 4464
-4.71845 -11.29339 5.55 3027
-7.99924 -10.94775 5.08 1768
0.93263 -10.24283 5.15 1935
-13.49524 -11.58821 5.15 1951
14.11634 -12.08636 5.47 2759
9.31984 -8.75769 5.13 1888
2.30769 -8.59672 5.48 2802
14.14819 -8.18466 4.27 686
-3.52757 -7.62333 4.91 1449
-6.90403 -7.93503 5.39 2542
-7.13378 -7.74305 5.64 3372
10.54641 -7.44044 4.64 1050
7.58135 -5.84015 5.44 2674
9.53367 -7.16801 5.80 4063
13.83902 -7.43326 5.98 4961
3.58475 -5.45513 5.76 3872
6.35143 -5.57151 5.79 4019
-9.36921 -4.19803 5.89 4459
-4.51975 -3.09954 5.98 4941
-10.21305 -2.08002 5.00 1617
-9.58782 -1.88172 5.22 2090
6.59375 -0.76208 5.32 2361
7.11119 -0.48222 5.73 3712
-5.57322 0.21238 4.70 1123
-2.01516 1.47807 4.28 699
14.51115 0.46918 4.91 1439
-6.69383 1.76931 5.74 3786
13.48390 1.54872 5.86 4325
-5.28523 3.31269 5.22 2106
7.75173 2.72624 5.55 3020
-7.35928 2.74865 5.98 4946
-7.88215 4.06153 3.54 302
-7.98388 5.12188 5.04 1700
-2.44886 5.69075 5.85 4290
11.63085 5.77743 5.89 4466
-8.34668 7.63679 5.64 3349
-8.34748 7.63365 5.81 4137
13.45048 8.56497 5.48 2794
-1.31210 8.96543 5.93 4687
11.65909 10.39034 5.45 2690
-3.47636 11.33774 5.11 1838
-1.65405 12.82039 5.30 2303
