12.37208 -15.05048 2.76 125
12.23532 -15.11226 4.82 1304
12.95106 -15.23557 4.85 1358
12.95109 -15.05418 5.23 2123
10.36765 -14.09994 5.29 2291
12.80808 -15.38381 5.34 2401
8.75115 -14.41819 5.67 3496
12.56630 -14.89803 5.77 3895
-8.04380 -14.14621 5.97 4884
-12.22062 -13.76348 4.82 1291
12.72800 -14.52100 4.82 1299
4.02279 -10.53875 3.69 358
-1.39873 -10.09870 3.97 508
0.15138 -10.19703 4.81 1274
-10.15852 -12.20761 5.16 1969
-6.72270 -11.38650 5.47 2766
4.89043 -10.96785 5.57 3116
1.41028 -10.03758 5.92 4626
11.73982 -10.84518 3.32 238
9.41578 -9.74729 3.40 260
3.19718 -8.82018 4.52 919
-11.70826 -10.27868 4.76 1200
8.09300 -9.78196 5.60 3222
0.88412 -9.57392 5.77 3891
0.67022 -9.15129 5.99 5005
-4.20696 -7.95569 3.84 429
14.07110 -9.91615 4.57 969
-13.53398 -9.77369 5.17 2003
-13.95942 -9.49127 5.60 3241
-14.11394 -9.87064 5.74 3764
-4.45267 -7.57565 5.78 3982
-3.21346 -8.31512 5.79 4056
-13.56861 -10.13435 5.81 4145
7.12359 -8.01725 5.94 4722
-10.00335 -7.27850 1.86 38
-0.51040 -5.86819 2.25 72
2.53668 -5.87117 4.08 569
-6.80909 -7.04328 4.33 735
13.81563 -7.80273 4.66 1074
-4.04322 -5.97742 4.92 1465
13.24879 -8.19048 5.08 1780
-3.63176 -5.74199 5.16 1973
-1.23577 -6.07353 5.54 3018
5.44750 -6.39347 5.79 4030
-1.59808 -5.46802 3.44 270
12.06537 -6.66989 3.82 415
-8.10901 -4.79786 4.86 1375
-8.07405 -5.09416 5.26 2207
13.76161 -7.13050 5.45 2703
9.38310 -5.09963 5.72 3671
1.86899 -4.64485 5.88 4422
14.00165 -7.32420 5.92 4604
11.60619 -6.32032 5.95 4781
12.96210 -6.80519 6.00 5073
2.09167 -2.83010 3.13 197
-0.69826 -3.48731 4.34 747
13.87552 -5.45563 4.45 849
12.35035 -5.16316 4.66 1070
3.76320 -4.23386 5.32 2350
-5.20746 -3.88203 5.59 3209
3.89763 -3.24672 5.80 4087
-10.67925 -5.24435 5.97 4906
-6.24749 -2.80461 4.49 892
11.64437 -2.71987 4.50 900
-13.44826 -3.21575 5.66 3433
11.18828 -2.71486 5.81 4126
0.41487 -0.01640 2.50 93
11.69507 -1.29378 4.57 971
-1.10336 -0.79151 5.27 2216
0.35537 -0.70642 5.63 3337
4.25707 -0.45967 6.00 5050
-6.98112 -0.04025 1.96 45
7.31644 0.11140 3.54 300
13.15788 -1.41227 5.58 3159
-4.87416 -0.16900 5.71 3617
-7.72642 2.07573 4.86 1378
14.46536 -0.07150 4.89 1418
-10.78109 1.62824 5.09 1802
1.28742 2.20592 5.11 1851
-8.24506 2.08705 5.19 2039
3.49060 1.71788 5.45 2684
-8.28415 1.54595 5.48 2821
-7.75162 2.09171 5.52 2936
4.78314 1.31787 5.56 3069
-8.18487 2.15076 5.61 3283
-9.83123 1.62241 5.69 3547
-8.20244 2.27823 3.62 336
-4.91351 2.91660 4.69 1104
-3.83658 3.73242 5.23 2128
-12.01949 2.75270 5.85 4282
10.37929 3.49566 4.86 1367
3.03768 5.06198 5.01 1637
-11.57911 3.39800 5.17 1990
-0.41059 5.41480 5.26 2210
11.47545 4.11647 5.28 2252
2.15284 4.73799 5.45 2688
11.35535 3.40018 5.78 3953
-0.27647 4.71497 5.87 4340
7.28547 4.86375 5.93 4694
7.66050 6.07771 5.72 3692
-9.54272 4.81003 5.80 4090
3.77094 7.64931 4.35 752
-10.02040 6.17841 5.01 1648
3.10328 8.16893 5.12 1859
-8.06041 6.61783 5.16 1964
-13.14487 7.70407 4.82 1306
-8.69623 8.95792 5.51 2889
-5.03198 8.65472 5.87 4372
-8.80838 7.78556 5.90 4502
-6.26724 8.85304 5.91 4551
-3.72864 10.79496 3.75 382
-9.09008 10.01273 4.77 1223
10.81760 9.69870 5.08 1786
-4.95802 10.52980 5.18 2026
-11.78597 8.74870 5.33 2373
-6.10105 10.04120 5.33 2383
-1.50403 10.53873 5.92 4607
-9.36117 10.92512 3.84 425
-8.17879 11.92581 3.91 475
7.54562 11.27568 4.58 983
-7.01464 11.35405 5.10 1824
7.51792 11.77896 5.62 3287
7.25236 10.75945 5.73 3731
0.57731 12.35797 5.75 3834
-7.84981 11.79931 5.75 3847
-2.00915 11.58132 5.79 4011
-12.03247 10.99242 5.99 5006
-7.38263 13.04869 4.93 1485
7.25637 12.45770 5.08 1775
-9.28427 12.69731 5.23 2130
-8.08442 12.11887 5.46 2729
-9.66070 12.96500 5.71 3632
8.38768 12.98086 5.71 3642
