-6.77473 -11.71850 5.74 3773
8.28592 -11.50789 5.90 4520
-8.74756 -10.07276 5.90 4501
-6.89185 -10.69078 5.91 4576
0.24075 -9.38019 5.77 3890
-10.92730 -7.56008 4.88 1407
3.00969 -7.87220 5.22 2101
-11.73224 -6.64354 5.73 3734
-12.62279 -6.32388 5.88 4442
-9.56139 -7.12306 5.95 4796
-10.13431 -5.99995 5.25 2179
3.83701 -6.45891 5.59 3200
-6.78134 -6.09538 5.81 4123
-9.19756 -3.87809 5.08 1779
-6.06003 -4.44826 5.59 3185
-7.56837 -3.84755 5.92 4647
-9.88308 -4.17944 5.94 4757
13.92865 -4.36286 5.72 3681
-4.58342 -3.54233 3.62 332
-4.37812 -2.95909 5.10 1819
1.78740 -2.84170 5.75 3807
-0.03224 -4.00473 5.79 4044
9.36110 -2.69401 5.97 4876
4.52579 -2.24955 4.29 713
-12.43144 -1.64881 4.51 915
-6.97893 -2.01892 4.94 1509
-2.37011 -1.96000 5.94 4766
5.00121 -0.75648 4.14 602
-9.70400 -0.40588 4.46 856
-8.26966 -0.19262 5.76 3860
4.28883 -0.66681 5.80 4086
-6.40930 -0.08399 5.81 4106
4.14569 2.11233 3.82 417
-13.96391 3.41651 4.57 974
6.15231 2.19881 4.95 1531
-2.91670 1.95691 5.33 2384
11.99918 2.42121 5.03 1670
-11.68041 4.66589 4.36 760
8.26861 3.70106 6.00 5040
13.18043 5.26810 5.89 4473
-5.19575 5.24776 5.43 2639
-0.11411 4.97114 5.44 2675
-1.66459 6.06658 4.52 923
-12.42608 7.29488 4.57 972
-0.50757 5.50937 4.85 1353
-5.23597 6.70323 4.95 1516
-2.74167 5.94938 5.70 3603
-10.73008 8.13849 3.77 396
-3.49134 7.02918 4.65 1062
4.19086 7.65135 5.30 2311
-9.15222 9.67504 4.63 1035
8.27060 9.33117 4.80 1256
-11.96706 11.13248 4.43 830
13.69673 11.19653 5.57 3107
-0.68252 11.32925 5.54 2999
-8.12416 12.78725 5.93 4660
13.58501 12.66030 5.74 3761
14.51878 15.05368 4.73 1161
