8.33659 -12.60033 5.85 4269
-9.16597 -10.36833 1.79 35
-4.62818 -12.06337 5.48 2807
-5.05033 -11.03276 5.83 4223
7.44012 -9.24760 5.89 4474
9.39724 -7.63779 6.00 5063
-13.38658 -3.48879 4.97 1557
-10.89694 -4.16405 5.12 1881
7.87494 -5.38566 5.24 2156
-2.37147 -4.37866 5.30 2314
8.10675 -3.68535 5.32 2354
6.40106 -3.78619 5.43 2644
-9.75692 -2.05975 6.00 5069
-9.72006 -0.57428 5.75 3852
-12.04016 0.74574 5.96 4859
-3.45005 -0.71435 3.84 431
3.95123 -0.01851 3.87 453
3.65413 -0.86930 4.95 1515
-9.29470 0.20590 5.00 1625
-2.89240 -0.78586 5.20 2064
-7.76836 0.86530 5.93 4689
4.05252 0.31920 4.94 1495
1.75509 0.32845 5.71 3659
10.48553 3.83904 5.50 2850
-13.72316 7.11782 5.17 1989
8.78306 4.86996 5.79 4027
-11.86910 7.03268 5.83 4190
11.89375 11.68799 4.25 665
-7.08616 9.14264 4.84 1343
1.65648 7.15206 5.38 2499
0.41027 9.50742 5.80 4060
9.20259 13.01304 4.82 1288
0.90322 10.51534 5.14 1930
5.81530 13.03466 5.77 3943
7.14805 12.72573 5.91 4596
