3.30309 -12.84640 3.23 219
-8.31014 -12.20290 3.83 420
9.63509 -10.99859 5.47 2775
8.23463 -12.42593 5.50 2866
4.63048 -11.58314 4.56 967
-13.37117 -8.40845 4.82 1301
0.70420 -11.81182 5.87 4391
7.21980 -9.48548 4.79 1239
4.49580 -10.17263 5.17 1997
-10.00938 -6.90083 4.45 854
5.85555 -8.64979 5.03 1682
9.06065 -6.88623 5.08 1777
-2.53631 -6.77380 5.20 2059
-12.05142 -4.61518 5.27 2227
11.97198 -4.42429 5.84 4240
10.58638 -3.38549 4.41 817
-10.97855 -3.06727 5.35 2441
8.21414 -4.63475 5.79 4028
12.92441 -1.92077 5.95 4783
-8.53407 -2.66474 5.13 1902
7.35949 -3.71321 5.68 3506
10.86819 0.60620 3.21 216
-3.69973 -2.73056 4.39 796
-10.40473 0.09699 5.64 3370
1.20903 -4.05470 5.95 4769
5.82840 -0.47433 5.50 2861
5.65094 -0.60142 5.83 4206
0.38676 -2.56207 5.91 4546
-0.69898 0.77495 5.39 2551
-9.70909 3.96255 5.68 3512
-11.16477 5.92458 5.72 3693
1.39683 0.79327 5.97 4886
-1.61716 2.05973 5.46 2731
-1.61507 1.60121 5.96 4833
-9.86545 8.84173 4.23 645
-0.77497 3.49756 5.75 3808
4.24313 5.33119 4.74 1169
7.43352 9.24907 5.62 3284
3.71904 6.90914 4.71 1130
7.03987 14.84992 5.61 3273
2.96532 8.11375 5.90 4533
-3.71800 10.87928 4.36 764
1.68219 8.66790 5.27 2215
-3.31991 11.22911 5.79 4049
4.58533 11.37832 4.25 658
4.49337 15.27377 5.86 4323
2.22712 10.80649 5.58 3165
1.42214 17.82975 5.07 1759
1.01522 13.70718 2.02 52
