2.91398 -12.87583 2.29 76
-2.46152 -13.44441 4.23 654
7.14313 -12.81926 4.87 1387
11.16131 -14.37372 5.91 4552
-14.28063 -12.76319 3.95 489
-12.48582 -13.04582 5.12 1861
4.97714 -11.49282 5.48 2792
10.24357 -12.23561 5.53 2983
-8.72394 -12.11094 5.54 3012
-12.48265 -13.04231 5.62 3305
0.50915 -11.23241 5.87 4349
-7.45008 -11.27215 5.92 4623
6.40433 -9.99740 5.03 1678
10.83968 -11.03463 5.55 3037
-6.05123 -8.25682 5.49 2825
8.56977 -7.69564 5.97 4913
-13.02390 -6.38257 3.88 457
14.24838 -7.41913 4.29 702
-8.69572 -6.33081 5.13 1886
-4.58109 -6.53334 5.84 4232
14.34897 -7.22870 6.00 5067
-1.24391 -4.41402 2.82 137
-6.54873 -5.10427 4.78 1225
13.21960 -4.90088 5.35 2426
-8.39436 -4.92788 5.67 3464
-8.41744 -4.24965 4.59 985
-3.25015 -1.99474 0.96 14
-12.75031 -2.03119 2.89 154
10.88597 -2.57028 5.07 1763
10.88687 -2.57227 5.11 1843
-9.82816 -2.12071 5.38 2508
-13.78921 -2.32811 5.62 3308
-5.81807 -0.91498 2.89 155
-14.49929 -1.07798 4.59 990
-3.03709 -0.18503 4.79 1248
-11.36362 -1.58234 5.00 1616
6.19986 -0.24046 5.86 4308
-14.17559 -0.93358 5.87 4374
13.14253 -0.50971 3.27 231
14.63204 0.52110 4.17 617
-6.05919 1.03256 4.55 954
11.94348 0.56815 5.20 2060
-14.50339 0.03165 5.39 2558
-12.97291 -0.26276 5.43 2638
6.26694 -0.10168 5.75 3804
-4.53304 2.07012 5.02 1659
5.29819 2.45783 5.58 3147
-9.85213 1.52978 5.88 4403
-4.53359 2.07163 5.92 4616
-10.69419 1.59141 5.92 4621
-12.64139 2.83651 2.32 80
13.23434 4.90272 4.39 790
-2.51078 4.82922 4.45 844
-10.72083 5.66659 3.96 499
-10.50879 5.39994 4.32 731
-5.13843 6.75130 4.50 895
-13.68321 5.05490 5.85 4301
4.32337 6.24699 5.88 4400
-11.24556 6.84369 2.62 105
-9.11789 7.42265 4.01 522
-11.24426 6.84881 4.92 1464
0.61233 6.96777 5.57 3109
-4.24527 8.96158 4.42 822
0.51715 9.99165 4.96 1543
9.33293 10.00172 5.99 5018
-2.93976 11.55166 4.28 696
-13.27252 11.34792 5.47 2770
10.19265 12.62779 2.43 86
