-9.45408 -12.39790 5.19 2029
-11.02966 -11.91943 5.78 3975
13.45366 -9.98419 5.99 4985
5.74429 -9.17496 4.25 663
12.97341 -7.59830 5.15 1949
9.82809 -5.08084 5.37 2474
13.69443 -4.76953 5.74 3783
-9.38160 -5.98403 5.77 3907
12.64719 -5.40160 5.99 4999
-5.57975 -5.03162 5.65 3402
-1.22274 -3.32642 5.45 2702
-10.29693 -3.05088 5.58 3142
13.60349 -1.36800 3.14 202
-4.29774 -2.42801 5.56 3084
-7.11775 -2.12666 5.72 3674
-4.98979 -1.49852 5.92 4606
-7.45189 -0.66949 4.64 1052
-9.23965 -0.09558 5.05 1721
-6.66616 -0.11464 5.36 2450
-3.47449 0.68730 5.27 2240
1.80269 2.08973 4.84 1342
-9.96578 2.75240 5.47 2773
-7.41489 3.03245 5.80 4095
8.16543 4.27499 5.91 4570
-8.93410 3.57458 5.92 4631
4.88930 4.61759 5.51 2913
7.85102 5.19309 5.66 3447
12.84888 7.34767 5.75 3828
-7.27414 7.74030 5.45 2694
-4.49600 8.09717 5.92 4636
14.35265 11.29222 5.27 2225
2.63459 8.93984 5.85 4292
-13.70060 11.73715 5.35 2445
3.76833 10.81211 5.89 4454
-11.36993 12.96586 4.35 756
-3.05675 12.11849 4.99 1599
1.83194 11.40801 5.93 4699
-13.01325 14.89168 4.87 1388
-7.73732 13.97665 5.20 2053
-11.80304 14.57242 5.33 2388
3.13687 13.33664 5.64 3351
0.23981 12.49414 5.77 3935
