-3.71044 -14.53658 5.69 3538
-5.50111 -16.52054 5.77 3918
-9.35674 -14.72620 5.11 1841
-9.03023 -14.62534 5.73 3718
-8.60733 -14.18351 5.28 2251
3.50445 -10.89722 5.85 4285
-4.94238 -12.34317 5.87 4342
2.05742 -9.23397 5.79 4046
9.01438 -11.69458 5.64 3358
6.42029 -9.17444 5.65 3409
2.21068 -7.34130 5.69 3570
-4.37482 -6.28390 5.28 2248
11.11125 -11.07412 5.45 2713
7.87953 -8.25285 5.47 2785
12.67491 -12.30778 5.53 2979
-2.12192 -5.62006 5.57 3120
-0.69358 -4.61022 5.70 3577
-13.24310 -8.91993 2.80 132
-1.79578 -3.36452 5.52 2939
8.75464 -3.95613 5.19 2033
-4.34188 -0.54672 4.75 1187
0.67307 1.03208 3.24 221
12.75806 -3.84741 5.09 1795
6.59364 -0.96752 5.47 2754
-7.32730 0.66003 5.01 1650
10.64152 -0.88903 5.78 3970
8.94286 3.50514 5.31 2331
-4.00589 3.93110 5.53 2982
7.00484 4.66227 5.54 3017
-1.74692 7.72942 5.96 4856
-9.67230 7.15559 4.09 576
-7.64756 8.31457 4.11 577
-13.45238 7.19754 4.69 1105
12.31794 8.39074 4.83 1316
-7.11134 9.37549 4.84 1344
-10.97595 7.91440 5.55 3044
-10.87047 8.09468 5.69 3537
-1.26189 11.71698 5.83 4212
