-7.94448 -12.73495 5.27 2240
10.49916 -10.68913 4.48 877
-2.48692 -11.66701 4.84 1342
-14.36673 -10.16304 5.47 2773
-11.74138 -10.05830 5.80 4095
4.03367 -9.89846 5.91 4570
-13.23432 -9.39858 5.92 4631
0.78612 -9.32313 5.51 2913
3.77408 -8.95390 5.66 3447
11.34913 -7.07841 4.83 1330
8.83214 -7.15959 5.75 3828
-11.16071 -5.32295 5.45 2694
-8.34084 -5.16951 5.92 4636
10.48078 -3.39255 5.27 2225
11.59546 -3.20997 5.47 2772
-1.16826 -4.85138 5.85 4292
0.07954 -3.09179 5.89 4454
-6.57285 -1.31200 4.99 1599
-1.79088 -2.36680 5.93 4699
-11.05441 0.84593 5.20 2053
-0.37453 -0.58580 5.64 3351
-3.28436 -1.18975 5.77 3935
1.71880 1.01693 3.36 250
8.87804 2.87847 5.13 1900
5.36856 3.03394 5.73 3728
-0.11258 3.43570 5.71 3618
11.05096 5.74918 3.67 351
7.76766 5.59449 4.67 1088
3.00509 6.05755 4.60 1006
5.38665 6.70901 5.58 3143
2.10934 7.12573 5.47 2761
2.78450 6.99927 5.64 3355
-4.75534 7.81034 5.92 4610
6.53426 10.09906 5.14 1913
5.57920 10.99478 4.76 1210
6.73238 10.51101 4.80 1264
-11.60667 12.55919 5.14 1924
1.30126 10.07328 5.88 4428
10.50653 11.72313 5.94 4712
-10.65380 14.18674 5.12 1872
-0.91265 11.70323 5.32 2365
-6.21945 12.30695 5.64 3350
8.84775 14.97693 4.56 962
10.01148 14.48077 5.69 3530
