1.55381 -11.99273 3.94 485
-11.47937 -11.26070 4.71 1146
1.60403 -10.07438 2.39 83
6.34720 -10.81224 5.94 4729
12.41395 -9.78750 5.21 2071
2.22479 -6.77347 5.43 2643
11.08308 -6.00237 5.59 3176
6.51408 -4.90548 5.90 4506
-12.81878 -4.67275 4.37 785
-2.31499 -0.20624 5.25 2183
2.27802 2.70851 4.81 1270
-3.41067 1.96510 5.68 3500
-11.49541 3.48542 5.31 2320
12.48220 4.11984 5.50 2849
-1.12717 4.86756 5.67 3471
-6.15752 7.43907 5.62 3285
11.63913 7.26774 4.31 721
-5.28138 7.14910 5.01 1640
4.09652 7.41360 5.55 3047
-9.48353 9.14686 4.57 975
0.45773 8.27112 5.18 2005
-2.57286 9.88995 5.41 2596
-3.24523 9.61501 5.42 2629
-1.96196 12.38407 5.94 4711
2.26908 13.04756 5.98 4939
