9.86184 -15.05406 3.24 221
-6.38587 -14.70957 5.07 1766
2.22771 -12.03814 5.01 1650
6.61939 -10.36434 5.53 2982
-12.32696 -11.87437 5.59 3214
-7.74862 -7.25159 5.45 2685
-11.67120 -8.76435 5.51 2920
10.23730 -7.76474 5.96 4856
2.71283 -5.13823 4.09 576
5.01353 -4.88246 4.11 577
-5.45123 -5.80935 4.86 1374
-0.66013 -3.63440 4.69 1105
5.92323 -4.13228 4.84 1344
1.84099 -3.94761 5.55 3044
2.00783 -3.82658 5.69 3537
12.25027 -4.29760 5.83 4212
-10.91981 -2.33745 5.39 2559
8.75924 0.25554 4.99 1598
-5.16125 0.50838 5.93 4674
-13.41625 0.39137 5.09 1807
6.87609 1.16089 5.74 3779
-13.62962 0.42368 4.37 781
-13.62362 0.41433 4.54 942
13.77874 0.40063 4.72 1147
12.27257 1.53919 5.24 2140
7.65090 2.27380 5.26 2204
12.17473 1.46939 5.54 3013
-10.30612 1.57786 5.70 3608
-0.20083 4.70252 2.86 144
-8.51387 3.55307 5.37 2470
4.23276 6.23352 5.35 2429
-3.04772 5.67031 5.71 3639
-13.07878 4.56204 5.98 4959
10.97038 5.89720 5.11 1849
-13.80769 5.52298 5.89 4467
-4.16486 10.52454 0.46 9
13.46123 8.75303 5.74 3767
-3.89262 12.00929 5.76 3853
-3.89353 12.00452 5.87 4346
-10.19754 12.52641 3.92 479
3.86281 12.36363 5.81 4111
