-1.05371 -7.84409 5.47 2756
-0.78243 -10.08739 5.28 2257
-3.43147 -7.34752 5.49 2841
-5.15691 -8.96575 5.77 3911
4.14233 -2.58414 5.42 2631
6.53897 -8.46984 5.46 2747
5.26378 -9.35429 5.58 3131
-6.54583 -3.88831 5.69 3538
-6.88394 -6.46219 5.77 3918
9.28729 -1.52129 5.52 2928
-2.71454 3.10450 5.85 4285
-8.79350 -2.84503 5.87 4342
-4.82573 3.63923 5.79 4046
10.00718 0.57654 5.11 1852
9.84528 1.12782 5.36 2458
2.18381 5.55368 5.64 3358
-1.29650 6.15346 5.65 3409
7.33505 3.23940 5.69 3532
-5.77049 5.27789 5.69 3570
-11.83177 2.38785 5.28 2248
3.53845 7.23148 5.45 2713
-0.61724 7.73352 5.47 2785
5.45349 7.09848 5.53 2979
9.54849 3.97709 5.79 4012
9.81448 4.73985 5.47 2771
-10.34546 4.22680 5.57 3120
-9.74548 5.88241 5.70 3577
9.91057 7.25914 4.35 750
-11.39490 6.28940 5.52 2939
10.22844 8.00165 4.07 560
-2.29394 11.80997 5.19 2033
