-8.53247 -13.95678 2.76 125
5.83293 -12.87728 4.04 542
3.99932 -13.50485 4.15 611
-8.61908 -14.08137 4.82 1304
-7.95533 -13.81233 4.85 1358
-2.44737 -13.85283 5.11 1846
-4.11446 -12.88845 5.23 2110
-8.04114 -13.65737 5.23 2123
-10.70314 -14.19522 5.29 2291
-8.00574 -14.01364 5.34 2401
2.82302 -13.00920 5.61 3256
-11.95564 -15.33386 5.67 3496
-8.44032 -13.72468 5.77 3895
-3.08734 -13.37382 5.99 5004
7.27969 -11.83429 1.33 20
7.28118 -11.83495 1.73 30
-0.66190 -11.05986 3.13 198
1.48177 -12.15831 4.32 728
3.57647 -11.62631 4.33 732
3.79537 -11.43982 4.72 1149
-8.48233 -13.31764 4.82 1299
7.26127 -11.86417 4.86 1369
-2.17141 -12.45020 5.17 1985
9.81742 -12.32813 5.31 2321
2.33247 -11.48546 5.91 4586
8.00352 -12.55856 5.95 4798
7.24180 -12.81350 6.00 5060
-5.34381 -10.57315 4.61 1017
0.14425 -9.75905 4.94 1502
0.56142 -10.31860 5.03 1686
2.82102 -10.35554 5.57 3096
1.65880 -10.57162 5.70 3591
5.08431 -11.28157 5.92 4608
-11.08394 -10.66428 3.32 238
-13.64899 -10.91050 3.40 260
1.08121 -8.50700 4.11 588
-5.09524 -9.87145 5.13 1903
-0.49480 -8.64181 5.15 1940
-0.30577 -9.39355 5.15 1947
-2.23037 -8.46360 5.30 2300
-0.60457 -8.32300 5.83 4195
-7.39908 -10.04716 5.93 4703
7.01926 -7.97287 3.59 320
-9.52950 -8.67946 4.57 969
-4.66353 -7.54622 4.60 1000
10.93461 -9.60643 4.69 1113
12.10561 -8.97614 5.72 3699
12.45511 -9.07266 5.76 3886
12.51410 -9.15985 5.90 4522
-7.56163 -8.22540 5.92 4605
4.16659 -8.40339 5.96 4857
11.71748 -7.94541 1.25 19
13.11347 -7.54309 4.62 1022
-10.75533 -6.98338 4.66 1074
10.72226 -7.69382 4.93 1477
-11.05704 -7.60102 5.08 1780
-1.43701 -6.11762 5.13 1892
-1.42620 -6.21877 5.15 1950
-10.05859 -6.87284 5.38 2501
9.01579 -6.95146 5.48 2809
-4.59951 -6.56983 5.74 3780
-8.85403 -6.77840 5.91 4565
-8.92979 -7.63495 6.00 5036
6.25273 -5.55256 2.80 133
-8.24747 -6.00493 3.78 398
-12.81692 -6.86999 3.82 415
-5.55369 -5.77948 3.91 472
-11.12351 -6.42806 5.45 2703
8.38698 -6.22445 5.50 2855
-10.82448 -6.47730 5.92 4604
-13.38911 -6.79411 5.95 4781
-11.97060 -6.54144 6.00 5073
9.51208 -3.79123 1.63 25
13.83450 -4.89389 4.03 539
-11.82876 -4.91844 4.45 849
-13.29803 -5.41212 4.66 1070
13.84172 -4.88223 5.17 1976
-8.79884 -3.83965 5.25 2186
7.84357 -4.28899 5.39 2546
1.34036 -3.71323 5.41 2597
-11.47165 -4.40473 5.91 4555
12.54106 -3.56477 4.65 1057
-9.95384 -3.37520 5.23 2108
14.21464 -4.50614 5.32 2351
3.46638 -1.91906 5.44 2672
2.27089 -2.77372 5.57 3103
-3.16455 -2.53502 5.79 4009
9.42176 -2.94765 5.80 4062
7.95450 -2.49107 5.92 4643
12.03018 -2.99679 6.00 5038
-11.73444 -2.11594 4.28 691
7.62918 -0.72979 5.00 1618
-3.77688 0.56941 3.89 467
-1.04748 0.99797 4.62 1029
-13.91245 0.06679 4.89 1418
-5.40159 2.17320 5.76 3868
-2.71334 2.45790 5.81 4130
0.14301 1.41234 5.96 4867
6.62420 3.24270 3.96 495
9.95034 4.07225 4.82 1297
6.16476 5.57201 2.60 101
10.56526 5.68912 3.91 476
6.11415 5.66166 4.47 867
-9.31282 5.13148 5.91 4569
-11.92396 6.60394 2.69 113
-6.18706 7.82464 5.36 2457
-1.13783 8.04777 5.50 2885
13.92748 6.87598 2.17 64
-14.42764 7.82846 3.84 426
13.18289 7.62402 3.86 443
14.21745 7.02660 4.66 1082
6.42404 8.37252 5.34 2403
-0.94737 10.12588 5.25 2178
-0.56505 9.98300 5.44 2680
-8.25071 9.60291 5.67 3462
-1.11815 10.49847 5.71 3663
2.73004 13.54182 4.46 863
1.38902 12.84978 5.29 2295
8.25066 12.36935 5.31 2327
