13.72320 -10.61051 5.39 2552
-12.96221 -11.12567 5.78 3990
9.51624 -11.21731 5.00 1608
-0.66870 -11.69112 5.59 3215
12.42470 -9.36185 5.70 3590
-9.94833 -7.41082 3.38 256
7.09290 -8.51128 4.80 1255
8.91840 -8.52452 5.03 1674
6.52921 -8.79127 5.10 1822
-10.86421 -6.89202 5.63 3346
7.65243 -8.47284 5.85 4268
3.63755 -7.25801 5.23 2122
-8.83908 -6.32454 5.26 2208
-8.42595 -6.75264 5.58 3141
1.10159 -8.15059 5.89 4489
-8.27922 -6.05751 6.00 5034
7.01321 -5.44455 4.47 866
2.82748 -5.85250 4.84 1338
11.51491 -4.80570 5.27 2234
-3.15573 -5.69560 5.78 3989
-4.06592 -3.30544 4.52 921
6.08667 -3.26917 5.80 4103
-1.96095 -2.92006 5.95 4776
-11.79291 -0.28239 4.74 1174
-7.90116 -0.76592 4.99 1590
-13.22766 1.32650 5.29 2273
-9.82884 -1.12053 5.59 3184
-0.98919 -1.50596 5.80 4096
8.15202 -0.70564 5.87 4366
-6.45443 2.01867 4.54 939
-8.64539 2.23689 5.18 2025
5.49528 1.75282 5.44 2668
-10.09376 2.22588 5.81 4142
5.48982 2.39852 4.63 1040
-5.81264 4.00571 3.98 511
-2.22181 3.96442 5.16 1975
-12.93859 7.32401 5.87 4396
9.43561 5.32877 5.94 4752
-8.02843 5.54852 5.28 2250
12.06013 8.86460 5.43 2634
13.06021 8.37667 5.74 3758
1.10241 6.05611 4.87 1386
-11.39279 9.92911 5.41 2590
-11.45556 10.19986 5.66 3441
11.32851 8.62421 5.96 4872
-4.46947 8.92684 5.22 2094
-4.13903 10.51470 5.38 2525
1.49048 10.72186 5.45 2716
8.76052 15.55421 5.05 1722
12.37459 19.86030 5.45 2693
0.39060 13.02036 5.49 2831
-6.50546 14.92914 5.64 3363
