-0.82214 -12.74984 5.49 2834
2.41746 -12.22418 5.99 5008
10.73130 -10.02803 5.32 2357
-4.25650 -8.79812 3.95 488
8.05007 -8.89393 4.40 801
6.51813 -8.48730 4.60 1003
-3.12690 -7.38582 3.48 284
-15.06546 -6.26469 5.92 4630
2.20593 -6.20381 4.76 1205
8.63366 -6.41095 5.98 4945
-9.47681 -4.14942 5.79 4004
1.14092 -2.62197 2.42 85
-11.73219 -1.81562 4.81 1271
-14.05978 -1.22273 5.89 4475
-5.45382 -0.84203 4.79 1252
13.22952 -0.24964 4.93 1482
-5.03417 0.39718 2.94 161
6.15941 0.71009 5.59 3201
9.97663 2.20016 4.98 1566
6.39046 2.64410 5.32 2352
-9.41585 2.87096 5.98 4974
7.20631 3.47748 5.57 3108
-8.68455 3.83156 5.65 3411
-14.48840 5.22674 4.29 707
-14.71380 5.24526 5.58 3149
9.95118 5.21157 5.63 3323
-13.45331 7.11141 5.33 2379
-1.18145 8.74024 5.74 3773
13.89283 9.73910 5.90 4520
-12.10859 11.39724 4.13 597
-3.24213 10.26462 5.90 4501
-1.36434 9.74961 5.91 4576
5.68725 11.44338 5.77 3890
-12.40883 14.24472 4.49 890
-5.59103 12.65892 4.88 1407
8.43315 13.12838 5.22 2101
-6.46478 13.53903 5.73 3734
-7.37613 13.81210 5.88 4442
-4.26739 13.17673 5.95 4796
