-4.22293 -13.14283 3.77 391
-1.06132 -13.40912 5.51 2910
-9.49644 -13.72707 5.65 3425
8.66840 -13.56195 5.70 3599
7.87919 -12.94042 5.99 4998
-2.51597 -12.40982 4.73 1166
13.04234 -10.97178 4.69 1116
10.87270 -7.72626 2.91 158
-4.20231 -6.91259 4.42 826
-2.69018 -7.56888 5.55 3049
1.39636 -8.00285 5.89 4471
-2.93584 -7.73497 5.99 4989
6.23868 -6.22130 5.82 4180
7.23419 -6.28416 5.87 4393
8.69094 -4.90654 5.49 2833
12.17897 -5.52857 5.77 3945
-7.99504 -3.51233 4.89 1417
-10.45136 -3.98972 4.91 1454
-7.43794 -1.52053 4.32 726
-7.06620 0.66877 5.16 1974
14.60131 1.79056 5.67 3490
13.67760 3.12030 5.10 1818
-0.31723 5.89069 5.23 2114
5.42569 7.22361 3.92 478
14.63319 7.93825 5.30 2308
-12.71535 7.43373 5.31 2339
1.56759 7.56019 5.61 3280
13.31690 8.04390 5.67 3485
1.86441 8.19110 5.94 4714
7.86362 9.41817 5.16 1962
-4.17884 8.26972 5.58 3162
7.23707 10.16973 5.82 4177
0.02224 10.35229 5.99 5017
