-1.40189 -6.56030 5.47 2756
-3.07203 -8.06695 5.28 2257
-2.35460 -4.32835 5.49 2841
-4.64628 -3.84639 5.77 3911
5.90293 -7.82103 5.42 2631
-1.31996 0.19302 5.69 3538
-3.59842 -1.00872 5.77 3918
-6.57697 1.90540 5.11 1841
-9.24141 -2.97883 5.29 2296
-6.24585 1.88864 5.73 3718
-5.71978 2.15124 5.28 2251
6.59267 1.10346 5.85 4285
-1.75313 2.61390 5.87 4342
-9.51888 0.20970 4.15 607
5.80665 3.13401 5.79 4046
-11.40312 -0.25395 5.10 1826
-10.76415 1.45544 5.35 2447
9.92863 1.71101 5.65 3409
6.60184 4.85072 5.69 3570
0.75884 8.07590 5.28 2248
11.63194 2.07273 5.47 2785
-9.65555 5.17750 5.75 3812
3.10389 7.94226 5.57 3120
4.79834 8.41682 5.70 3577
-11.54934 6.16214 5.81 4139
-8.37225 8.57439 2.80 132
-10.10427 7.83788 4.78 1235
4.18069 9.98004 5.52 2939
-8.53995 8.20721 5.97 4905
-11.72457 6.96480 6.00 5028
2.72191 13.56234 4.75 1187
