-4.62722 -13.20200 3.67 350
-1.18489 -12.89971 3.85 439
-11.52008 -12.99860 5.17 2000
-3.12265 -13.62924 5.20 2067
-7.84917 -12.14677 5.93 4688
2.66956 -10.94737 5.00 1607
0.40681 -9.88596 5.12 1865
-3.69198 -9.40836 4.09 573
5.05153 -8.45660 5.69 3566
-5.92195 -8.91495 5.81 4120
7.14315 -7.92188 3.75 379
-5.98314 -7.23811 4.52 924
-2.80013 -5.49788 4.76 1206
9.87705 -5.97218 5.25 2189
-1.74731 -6.42846 5.44 2664
-13.48581 -5.64219 5.70 3609
9.68772 -4.57819 2.77 128
0.72482 -3.00663 4.83 1327
9.95589 -3.58692 5.76 3876
3.65606 -2.02477 5.70 3597
-0.15296 1.26040 2.00 49
-7.76646 2.54190 2.23 69
-5.30498 1.86297 3.84 428
-0.73685 2.57408 4.15 609
-3.20190 1.49508 4.63 1032
12.80995 3.15421 5.92 4638
-3.45620 4.36780 5.85 4263
-9.69185 5.96439 3.68 355
0.43009 6.65963 4.99 1585
-13.76726 6.38255 5.26 2213
-11.98427 6.85293 5.51 2890
5.02639 5.78302 5.78 3995
6.53968 8.25974 4.85 1359
-10.98791 7.70935 5.58 3139
12.20665 9.66397 2.81 134
-7.98739 8.99138 4.14 603
-13.57118 10.06254 5.99 4981
-11.14659 11.44550 5.37 2486
-4.66730 10.43994 5.56 3062
-12.97104 12.16781 3.47 281
6.44910 12.32229 5.20 2042
6.49234 12.19007 5.39 2539
0.30217 11.45151 5.41 2581
4.22747 12.30482 5.64 3374
-9.70211 13.30730 5.46 2725
12.69904 13.17231 5.99 5022
