11.55308 -14.06207 4.70 1123
-2.88760 -12.54427 5.61 3281
-0.22130 -12.05844 5.71 3658
10.61136 -12.29855 5.74 3786
12.24275 -10.93482 5.22 2106
-5.02900 -10.73374 5.64 3360
2.88474 -10.17853 5.81 4115
10.06509 -11.20676 5.98 4946
9.70979 -9.80834 3.54 302
-9.73146 -8.70287 4.25 666
9.74576 -8.73114 5.04 1700
-3.45225 -9.24760 5.88 4438
-9.03925 -8.01031 5.56 3072
-9.14535 -6.70320 5.58 3150
9.70937 -6.18150 5.64 3349
9.70817 -6.18450 5.81 4137
-12.66702 -6.03917 5.34 2399
2.64210 -4.24627 5.44 2679
-6.94277 -3.46467 4.89 1421
1.62358 -3.15118 4.94 1492
1.81507 -3.14535 5.71 3628
9.27583 0.48615 5.76 3881
-8.17083 1.53170 5.08 1788
3.68367 2.94233 4.48 874
-2.09987 6.66245 5.24 2162
-0.07362 9.21846 4.08 570
7.63896 8.42498 5.09 1794
8.20825 9.93679 4.08 567
-4.33576 10.57557 5.42 2622
-3.45355 12.13315 3.11 193
-11.29230 11.01051 3.81 410
-7.10411 11.10170 4.91 1447
-0.16115 11.93051 5.89 4478
