-1.44513 -12.91959 5.53 2964
-10.19150 -13.06987 5.74 3774
-11.48950 -11.53956 5.57 3123
-8.40260 -11.17503 5.95 4819
6.82178 -9.82682 4.74 1179
12.30129 -10.60695 5.68 3503
11.56243 -8.82833 5.02 1656
-9.69440 -8.86590 5.52 2935
-3.87607 -6.52718 4.53 931
3.91132 -6.08064 5.57 3099
9.57130 -5.40721 5.69 3531
-6.15016 -4.90709 5.26 2200
12.62271 -5.01141 5.46 2730
11.24569 -3.95243 5.85 4300
1.36534 -4.85027 5.87 4365
11.08693 -2.92318 4.81 1276
5.12033 -1.37035 4.95 1517
9.69904 -0.31942 5.46 2733
9.24096 -0.97750 5.48 2820
6.95074 1.30765 4.81 1279
8.93813 1.49678 5.29 2270
3.65405 1.23309 5.66 3457
8.27659 2.72102 5.00 1610
7.49502 1.67966 5.18 2021
6.23585 2.34227 5.54 2996
8.06570 3.32110 4.95 1526
-7.20547 3.98543 5.80 4064
8.16191 4.70827 4.36 759
5.26508 5.49766 5.70 3573
-12.37373 9.57567 4.41 806
-12.37422 9.57572 4.87 1394
-5.41015 9.39626 5.73 3739
-12.11499 11.76528 3.48 283
4.78724 11.20757 5.00 1627
9.78010 11.77111 5.42 2614
-0.20459 11.26101 5.96 4849
-5.44342 12.83832 5.33 2389
-2.93753 13.77655 5.70 3588
