9.71392 -11.47102 3.17 208
-8.75025 -11.41303 4.60 1008
8.13184 -12.72450 4.89 1414
-6.00745 -9.98774 5.13 1889
0.82463 -9.88688 5.44 2670
11.83791 -6.19824 4.80 1260
3.48374 -8.36807 5.00 1613
11.58487 -7.24373 5.05 1717
-12.69208 -4.78358 5.24 2134
2.67389 -7.97539 5.25 2169
-2.71688 -7.72979 5.62 3288
-4.18248 -3.99820 3.05 186
-4.56827 -3.94572 5.02 1665
10.44213 -1.65706 4.58 982
11.80887 -1.21777 5.45 2708
10.44021 -1.64569 5.79 4010
9.80510 -1.47260 5.86 4320
1.42410 -2.15506 5.98 4967
-6.39995 -0.21842 2.08 60
-7.65102 2.46977 4.25 665
1.47357 1.08891 4.95 1535
13.31790 5.48974 5.35 2441
0.90406 1.22244 5.48 2818
8.19326 4.63305 5.04 1707
0.27556 2.45901 5.56 3076
-1.15443 3.86901 4.32 729
-7.94633 5.41210 4.82 1288
-2.14036 3.34961 4.96 1537
10.41496 6.93945 5.64 3370
3.17745 3.73793 5.98 4966
1.68646 5.52997 5.56 3068
-9.69319 8.30008 5.77 3943
-9.25202 7.00095 5.91 4596
6.88508 8.69635 5.68 3512
4.60648 7.85214 5.72 3693
11.10769 16.15643 5.46 2731
11.56475 16.03085 5.96 4833
-9.74812 14.53190 6.00 5051
2.18349 9.90466 4.23 645
-10.46243 19.54550 5.26 2199
-3.09152 10.81960 5.64 3378
9.93161 17.41185 5.75 3808
-5.67699 12.44099 5.98 4936
-6.79548 14.62025 5.28 2249
-6.79332 14.62883 5.85 4302
7.86508 22.99368 4.71 1130
-8.07936 19.93355 5.50 2868
