-1.21974 -13.78759 5.57 3106
10.91390 -11.06092 5.78 3989
-12.49059 -8.93485 5.95 4816
-5.29959 -11.81288 5.83 4184
-10.72531 -10.59603 5.86 4315
-2.98078 -11.80336 5.97 4927
-11.77460 -7.66429 5.04 1703
9.06897 -9.18282 4.52 921
-9.97106 -9.25643 5.67 3470
10.86961 -7.97817 5.95 4776
0.76206 -9.44380 4.74 1174
4.49390 -8.35097 4.99 1590
-1.16466 -8.53085 5.29 2273
2.87787 -9.44266 5.59 3184
11.18599 -6.26605 5.80 4096
-12.62566 -3.37372 5.60 3248
4.69082 -5.20660 4.54 939
2.60914 -5.88257 5.18 2025
1.30227 -6.46909 5.81 4142
-11.04281 -2.15497 5.84 4249
4.47485 -3.12763 3.98 511
7.77969 -1.71037 5.16 1975
-3.24150 -2.97004 5.87 4396
1.84850 -2.61354 5.28 2250
-11.20747 1.97339 5.84 4240
-9.25767 0.62069 5.98 4931
9.98640 1.56644 4.87 1386
-2.87670 -0.01326 5.41 2590
-3.03687 0.20388 5.66 3441
-10.90318 3.65847 4.41 817
-13.12795 5.21991 5.79 4028
-8.53690 2.24716 5.95 4783
-12.68624 6.40217 5.68 3506
3.72037 1.88698 5.22 2094
-7.19076 5.17677 3.21 216
3.38552 3.45217 5.38 2525
8.42663 5.96295 5.45 2716
-10.44062 9.23963 5.50 2861
-10.63824 9.34539 5.83 4206
6.48779 7.57089 5.49 2831
-0.47535 6.42250 5.64 3363
-11.33258 13.91594 5.97 4886
8.70807 11.18889 5.10 1809
9.28344 11.98593 5.43 2642
10.07927 13.74014 5.07 1764
4.40093 9.71700 5.78 3960
5.51012 10.26225 5.95 4809
-9.84310 17.18353 5.75 3808
-5.87271 13.27747 4.74 1169
6.84750 14.52747 5.46 2750
6.32581 14.92786 5.57 3122
-0.95167 12.06867 5.62 3284
-4.67190 14.46214 4.71 1130
3.87112 14.87171 5.61 3273
