5.30023 -13.96702 4.64 1050
2.25543 -12.51124 5.44 2674
4.27608 -13.74842 5.80 4063
8.56727 -13.77179 5.98 4961
-1.77368 -12.34363 5.76 3872
1.01074 -12.30735 5.79 4019
-10.09269 -10.38960 5.98 4941
1.00620 -7.43890 5.32 2361
1.50696 -7.13183 5.73 3712
-11.29562 -7.07437 4.70 1123
-7.73583 -5.61590 4.28 699
8.76114 -5.81496 4.91 1439
-12.49609 -5.55278 5.74 3786
7.69093 -4.79273 5.86 4325
-11.12113 -3.92574 5.22 2106
1.97664 -3.89458 5.55 3020
-13.21023 -4.59473 5.98 4946
-13.79016 -3.29424 3.54 302
-13.93118 -2.23087 5.04 1700
-8.34793 -1.40813 5.85 4290
5.63445 -0.69689 5.89 4466
-14.38796 0.27687 5.64 3349
-14.38866 0.27369 5.81 4137
7.25536 2.11535 5.48 2794
-7.34234 1.90007 5.93 4687
5.40721 3.82579 5.45 2690
8.66520 3.04227 5.66 3430
-9.60772 4.15993 5.11 1838
-7.84442 5.69179 5.30 2303
-3.62032 7.20016 4.02 532
1.04816 7.08118 5.68 3527
4.55463 9.02559 2.65 109
-2.82154 8.77507 5.46 2728
3.24740 8.63719 5.63 3315
-3.14807 10.13641 3.00 171
0.17968 10.72552 5.21 2081
0.05708 10.78177 5.97 4920
14.34711 12.52310 5.58 3138
-1.62269 12.63929 5.83 4222
